# transform file /out/sourcedata/freesurfer/sub-v2s3x28795_ses-1/mri/transforms/cc_up.lta
# created by oesteban on Fri Mar 13 01:46:38 2026

type      = 0 # LINEAR_VOX_TO_VOX
nxforms   = 1
mean      = 132.0000 117.0000 105.0000
sigma     = 10000.0000
1 4 4
9.937083721160889e-01 -1.000486612319946e-01 5.033786222338676e-02 5.240274429321289e+00 
9.992054104804993e-02 9.949824810028076e-01 5.061632022261620e-03 1.404624557495117e+01 
-5.059170350432396e-02 4.656612873077393e-10 9.987193942070007e-01 2.968067932128906e+01 
0.000000000000000e+00 0.000000000000000e+00 0.000000000000000e+00 1.000000000000000e+00 
src volume info
valid = 1  # volume info valid
filename = /out/sourcedata/freesurfer/sub-v2s3x28795_ses-1/mri/norm.mgz
volume = 256 256 256
voxelsize = 1.000000000000000e+00 1.000000000000000e+00 1.000000000000000e+00
xras   = -1.000000000000000e+00 0.000000000000000e+00 0.000000000000000e+00
yras   = 0.000000000000000e+00 0.000000000000000e+00 -1.000000000000000e+00
zras   = 0.000000000000000e+00 1.000000000000000e+00 0.000000000000000e+00
cras   = 4.670120239257812e+00 4.481204223632812e+01 1.144897460937500e+01
dst volume info
valid = 1  # volume info valid
filename = /out/sourcedata/freesurfer/sub-v2s3x28795_ses-1/mri/norm.mgz
volume = 256 256 256
voxelsize = 1.000000000000000e+00 1.000000000000000e+00 1.000000000000000e+00
xras   = -1.000000000000000e+00 0.000000000000000e+00 0.000000000000000e+00
yras   = 0.000000000000000e+00 0.000000000000000e+00 -1.000000000000000e+00
zras   = 0.000000000000000e+00 1.000000000000000e+00 0.000000000000000e+00
cras   = 4.670120239257812e+00 4.481204223632812e+01 1.144897460937500e+01
