#Insight Transform File V1.0
#Transform 0
Transform: AffineTransform_float_3_3
Parameters: 0.999998 -0.00140152 -0.00147907 0.0014008 0.999999 -0.000243082 0.00147974 0.000240917 0.999999 0.0577704 0.000337219 -0.217935
FixedParameters: 0 0 0

#Transform 1
Transform: AffineTransform_float_3_3
Parameters: 0.999997 -0.00141474 -0.00165311 0.0014143 0.999999 -0.000434353 0.00165441 0.000432646 0.999998 0.0739118 0.0235642 -0.214344
FixedParameters: 0 0 0

#Transform 2
Transform: AffineTransform_float_3_3
Parameters: 0.999998 -0.00103925 -0.00162658 0.00103763 0.999999 -0.000803769 0.00162832 0.00080223 0.999999 0.0714889 0.00384761 -0.193256
FixedParameters: 0 0 0

#Transform 3
Transform: AffineTransform_float_3_3
Parameters: 0.999998 -0.000804525 -0.00178393 0.000804364 1 -0.000624516 0.00178407 0.000623487 0.999999 0.0611583 -0.00403993 -0.195521
FixedParameters: 0 0 0

#Transform 4
Transform: AffineTransform_float_3_3
Parameters: 0.999999 -0.000571765 -0.00167544 0.000570071 1 -0.000803036 0.00167643 0.000802964 0.999999 0.0493408 0.0376455 -0.17161
FixedParameters: 0 0 0

#Transform 5
Transform: AffineTransform_float_3_3
Parameters: 0.999999 -0.000279744 -0.00182071 0.000278427 0.999999 -0.000635652 0.00182113 0.000635347 0.999998 0.00282414 -0.0500882 -0.0264972
FixedParameters: 0 0 0

#Transform 6
Transform: AffineTransform_float_3_3
Parameters: 0.999998 -4.95313e-05 -0.0016553 4.7618e-05 1 -0.00118016 0.00165555 0.00118085 0.999998 -0.00080706 -0.0421568 -0.00273569
FixedParameters: 0 0 0

#Transform 7
Transform: AffineTransform_float_3_3
Parameters: 0.999999 -2.50075e-07 -0.00175518 -1.27583e-06 0.999999 -0.00100314 0.00175532 0.00100286 0.999998 0.00014279 -0.0492493 -0.0326411
FixedParameters: 0 0 0

#Transform 8
Transform: AffineTransform_float_3_3
Parameters: 0.999999 0.00050845 -0.00179126 -0.000510024 1 -0.000996153 0.00179039 0.000996848 0.999998 0.00893725 -0.0407657 0.00294638
FixedParameters: 0 0 0

#Transform 9
Transform: AffineTransform_float_3_3
Parameters: 0.999998 0.000408303 -0.00163749 -0.000408273 1 9.59893e-06 0.0016375 -8.40104e-06 0.999998 0.0128452 -0.0632167 -0.0186041
FixedParameters: 0 0 0

#Transform 10
Transform: AffineTransform_float_3_3
Parameters: 0.999999 0.000418526 -0.00179225 -0.00041869 1 -0.000323389 0.00179205 0.000324611 0.999999 0.0128023 -0.0652467 0.00463053
FixedParameters: 0 0 0

#Transform 11
Transform: AffineTransform_float_3_3
Parameters: 0.999999 0.000925315 -0.00147191 -0.000926612 0.999999 -0.0010947 0.00147102 0.0010953 0.999998 0.0281547 -0.012017 -0.074135
FixedParameters: 0 0 0

#Transform 12
Transform: AffineTransform_float_3_3
Parameters: 0.999998 0.000330211 -0.00161203 -0.000331476 0.999999 -0.000679606 0.00161265 0.000680394 0.999999 0.0477937 -0.0423717 -0.0201425
FixedParameters: 0 0 0

#Transform 13
Transform: AffineTransform_float_3_3
Parameters: 0.999999 0.000341319 -0.00131157 -0.000342405 0.999999 -0.000794616 0.0013111 0.000794383 0.999999 0.0454183 -0.0596562 -0.00578629
FixedParameters: 0 0 0

#Transform 14
Transform: AffineTransform_float_3_3
Parameters: 0.999999 0.000875472 -0.00127559 -0.000878773 0.999997 -0.00202195 0.00127418 0.00202305 0.999997 0.0104972 0.00345745 0.0188505
FixedParameters: 0 0 0

#Transform 15
Transform: AffineTransform_float_3_3
Parameters: 0.999999 0.00133377 -0.000583669 -0.00133509 0.999998 -0.00181215 0.000581894 0.00181285 0.999998 0.0270084 -0.00900087 -0.0149651
FixedParameters: 0 0 0

#Transform 16
Transform: AffineTransform_float_3_3
Parameters: 0.999999 0.000119029 -0.00127179 -0.000119087 1 -2.29182e-05 0.00127179 2.30818e-05 0.999999 -0.00186417 -0.0129251 -0.0417988
FixedParameters: 0 0 0

#Transform 17
Transform: AffineTransform_float_3_3
Parameters: 0.999999 -0.000406133 -0.000937339 0.000406029 0.999999 -0.000625451 0.000936919 0.00062455 1 -0.0143896 -0.0216284 -0.0153597
FixedParameters: 0 0 0

#Transform 18
Transform: AffineTransform_float_3_3
Parameters: 0.999999 -0.000736584 -0.000289202 0.000735651 0.999999 0.000112787 0.000288966 -0.000113213 1 -0.0211847 0.0109862 -0.0256625
FixedParameters: 0 0 0

#Transform 19
Transform: AffineTransform_float_3_3
Parameters: 1 -0.000520596 0.000202795 0.000520234 0.999999 0.000719105 -0.000202546 -0.000718894 0.999999 -0.0225909 -0.00449091 -0.0247794
FixedParameters: 0 0 0

#Transform 20
Transform: AffineTransform_float_3_3
Parameters: 1 0.000417507 -0.000208473 -0.000417616 1 -0.000262913 0.000208254 0.000263087 1 0.00826084 0.00833361 -0.00646727
FixedParameters: 0 0 0

#Transform 21
Transform: AffineTransform_float_3_3
Parameters: 0.999999 0.000353012 -0.00137385 -0.000353471 1 -0.000529584 0.00137354 0.000530416 0.999999 0.0102124 0.0637588 -0.00613674
FixedParameters: 0 0 0

#Transform 22
Transform: AffineTransform_float_3_3
Parameters: 0.999999 0.000995653 -0.000985525 -0.00099583 0.999999 0.000416917 0.000986285 -0.000416083 1 0.00102771 -0.0176286 -0.0295754
FixedParameters: 0 0 0

#Transform 23
Transform: AffineTransform_float_3_3
Parameters: 0.999999 0.000901942 -0.00114003 -0.000900645 0.999999 0.000976033 0.00114072 -0.000974967 0.999999 0.0418417 0.0158952 -0.0419925
FixedParameters: 0 0 0

#Transform 24
Transform: AffineTransform_float_3_3
Parameters: 0.999999 0.00048484 -0.000884906 -0.000484042 1 0.000975429 0.000884784 -0.000974572 0.999999 -0.0128958 0.0100818 -0.0911903
FixedParameters: 0 0 0

#Transform 25
Transform: AffineTransform_float_3_3
Parameters: 1 0.000959253 -0.000737338 -0.000959425 1 0.000559777 0.000738341 -0.000558223 0.999999 0.017136 -0.0212111 -0.0623023
FixedParameters: 0 0 0

#Transform 26
Transform: AffineTransform_float_3_3
Parameters: 1 0.000883441 -0.000742686 -0.000883608 1 0.000559726 0.000743604 -0.000558274 0.999999 0.0260159 0.0355579 -0.10664
FixedParameters: 0 0 0

#Transform 27
Transform: AffineTransform_float_3_3
Parameters: 0.999999 0.000829466 2.28771e-05 -0.000829446 0.999999 0.00111798 -2.202e-05 -0.00111802 1 0.0154522 -0.0404693 -0.0596926
FixedParameters: 0 0 0

#Transform 28
Transform: AffineTransform_float_3_3
Parameters: 0.999999 0.000904296 -0.000155209 -0.000904856 0.999999 0.00118014 0.000156277 -0.00117986 1 0.0212488 0.0067101 -0.0433296
FixedParameters: 0 0 0

#Transform 29
Transform: AffineTransform_float_3_3
Parameters: 1 0.000966276 -0.000434515 -0.00096518 0.999999 0.00118042 0.000435797 -0.00117958 0.999999 0.0247304 -0.0106698 -0.0333837
FixedParameters: 0 0 0

#Transform 30
Transform: AffineTransform_float_3_3
Parameters: 0.999999 0.000467653 -0.000540063 -0.000467104 0.999999 0.00143025 0.00054133 -0.00142975 0.999999 0.0170781 0.00269645 0.0026721
FixedParameters: 0 0 0

#Transform 31
Transform: AffineTransform_float_3_3
Parameters: 0.999999 0.000660374 -0.00117232 -0.000659562 1 0.000771779 0.00117327 -0.000771221 0.999999 0.0258296 0.0144336 -0.0613384
FixedParameters: 0 0 0

#Transform 32
Transform: AffineTransform_float_3_3
Parameters: 1 0.000432123 -4.2221e-05 -0.000431911 0.999999 0.00168409 4.26785e-05 -0.00168391 0.999998 -0.00723788 -0.0363318 0.034562
FixedParameters: 0 0 0

#Transform 33
Transform: AffineTransform_float_3_3
Parameters: 1 0.000430472 -1.94491e-05 -0.00043042 0.999999 0.00129101 2.05605e-05 -0.00129099 0.999999 -0.000596929 0.0215954 0.0894125
FixedParameters: 0 0 0

#Transform 34
Transform: AffineTransform_float_3_3
Parameters: 1 0.000429333 -3.59262e-06 -0.000429256 1 0.001051 3.49744e-06 -0.001051 1 0.0062806 0.0230859 0.100862
FixedParameters: 0 0 0

#Transform 35
Transform: AffineTransform_float_3_3
Parameters: 1 0.000680764 -1.4585e-05 -0.000680653 0.999999 0.00137901 1.54649e-05 -0.00137899 0.999999 -0.00324835 -0.00345177 0.113708
FixedParameters: 0 0 0

#Transform 36
Transform: AffineTransform_float_3_3
Parameters: 0.999999 0.000752185 -0.000143619 -0.000751635 0.999999 0.00166318 0.000145123 -0.00166382 0.999998 -0.00671587 0.0169627 0.1337
FixedParameters: 0 0 0

#Transform 37
Transform: AffineTransform_float_3_3
Parameters: 1 0.000392966 0.000507194 -0.000393154 0.999999 0.0012378 -0.000507149 -0.0012372 0.999999 -0.024735 0.0211524 0.103857
FixedParameters: 0 0 0

#Transform 38
Transform: AffineTransform_float_3_3
Parameters: 1 0.000431249 -3.04864e-05 -0.00043111 1 0.00114001 3.04719e-05 -0.00113999 1 -0.0162365 0.0370991 0.102432
FixedParameters: 0 0 0

#Transform 39
Transform: AffineTransform_float_3_3
Parameters: 1 0.000431262 -3.0304e-05 -0.000431096 0.999998 0.00156301 3.06543e-05 -0.00156299 0.999999 -0.0144147 0.0157497 0.136011
FixedParameters: 0 0 0

#Transform 40
Transform: AffineTransform_float_3_3
Parameters: 1 0.000684595 -6.85734e-05 -0.000684361 0.999999 0.00119605 6.92131e-05 -0.00119595 1 -0.00996005 0.0590767 0.165237
FixedParameters: 0 0 0

#Transform 41
Transform: AffineTransform_float_3_3
Parameters: 1 0.000419253 0.000138111 -0.000419582 0.999999 0.00119594 -0.000137109 -0.00119506 1 -0.0163167 0.0562161 0.152174
FixedParameters: 0 0 0

#Transform 42
Transform: AffineTransform_float_3_3
Parameters: 1 0.000419517 0.000134184 -0.000419808 0.999999 0.00134494 -0.000134053 -0.00134506 0.999999 -0.0101935 0.0697605 0.161585
FixedParameters: 0 0 0

#Transform 43
Transform: AffineTransform_float_3_3
Parameters: 1 0.000371889 0.000309308 -0.000372759 0.999998 0.00151988 -0.000309174 -0.00151912 0.999999 -0.0261221 0.0702202 0.176573
FixedParameters: 0 0 0

#Transform 44
Transform: AffineTransform_float_3_3
Parameters: 1 0.000316693 0.000550872 -0.000317012 0.999999 0.00119582 -0.000550045 -0.00119518 0.999999 -0.0668803 0.13557 0.255858
FixedParameters: 0 0 0

#Transform 45
Transform: AffineTransform_float_3_3
Parameters: 0.999999 0.000396445 0.000756576 -0.000397949 0.999997 0.0023597 -0.000755559 -0.0023603 0.999997 -0.0674323 0.0538413 0.201411
FixedParameters: 0 0 0

#Transform 46
Transform: AffineTransform_float_3_3
Parameters: 1 0.000195717 0.000677846 -0.000196685 0.999997 0.0021868 -0.000676848 -0.0021872 0.999998 -0.0700717 0.0766687 0.234427
FixedParameters: 0 0 0

#Transform 47
Transform: AffineTransform_float_3_3
Parameters: 1 0.000196866 0.000660912 -0.000197841 0.999998 0.00229987 -0.000660862 -0.00230013 0.999997 -0.0516936 0.0990967 0.250385
FixedParameters: 0 0 0

#Transform 48
Transform: AffineTransform_float_3_3
Parameters: 1 0.000245385 -1.02936e-05 -0.000245264 0.999997 0.002476 1.05109e-05 -0.002476 0.999997 -0.0897619 0.103658 0.269333
FixedParameters: 0 0 0

#Transform 49
Transform: AffineTransform_float_3_3
Parameters: 1 0.000245389 -1.02156e-05 -0.000245261 0.999996 0.002794 1.05889e-05 -0.002794 0.999996 -0.0634806 0.0947077 0.22755
FixedParameters: 0 0 0

#Transform 50
Transform: AffineTransform_float_3_3
Parameters: 1 0.000236424 0.000112537 -0.000236057 0.999995 0.00311897 -0.000111991 -0.00311903 0.999995 -0.0646565 0.0599722 0.314518
FixedParameters: 0 0 0

#Transform 51
Transform: AffineTransform_float_3_3
Parameters: 1 0.000235912 0.000119522 -0.000235593 0.999995 0.00313597 -0.000118971 -0.00313603 0.999995 -0.0747149 0.0999747 0.207216
FixedParameters: 0 0 0

#Transform 52
Transform: AffineTransform_float_3_3
Parameters: 1 0.000259306 -0.000199551 -0.000257866 0.999994 0.00342605 0.000200325 -0.00342595 0.999994 -0.0741 0.0562015 0.129037
FixedParameters: 0 0 0

#Transform 53
Transform: AffineTransform_float_3_3
Parameters: 1 0.000526251 -5.27368e-05 -0.000525771 0.999995 0.00318703 5.40945e-05 -0.00318697 0.999995 -0.0562131 0.0174938 0.195938
FixedParameters: 0 0 0

#Transform 54
Transform: AffineTransform_float_3_3
Parameters: 0.999999 0.000811402 0.000451944 -0.000812632 0.999996 0.0026247 -0.000449606 -0.0026253 0.999996 -0.03763 0.159142 0.195633
FixedParameters: 0 0 0

#Transform 55
Transform: AffineTransform_float_3_3
Parameters: 0.999999 0.00134661 0.000665142 -0.00134946 0.999991 0.00397617 -0.000660267 -0.00397683 0.999992 -0.0125205 0.0217083 0.162749
FixedParameters: 0 0 0

#Transform 56
Transform: AffineTransform_float_3_3
Parameters: 0.999998 0.00164026 0.000246281 -0.00164181 0.999989 0.00435073 -0.000239983 -0.00435026 0.99999 -0.00419176 0.0595829 0.162554
FixedParameters: 0 0 0

#Transform 57
Transform: AffineTransform_float_3_3
Parameters: 0.999998 0.00135599 0.00132314 -0.0013635 0.999982 0.00570719 -0.00131511 -0.0057088 0.999983 -0.000570445 0.11551 0.154597
FixedParameters: 0 0 0

#Transform 58
Transform: AffineTransform_float_3_3
Parameters: 0.999998 0.000939751 0.00169477 -0.000948656 0.999983 0.00570233 -0.00168929 -0.00570368 0.999983 -0.00653679 0.0963916 0.130876
FixedParameters: 0 0 0

#Transform 59
Transform: AffineTransform_float_3_3
Parameters: 0.999997 0.00125383 0.00206352 -0.00126575 0.999983 0.00569132 -0.00205639 -0.00569368 0.999982 0.0264689 0.100532 0.195212
FixedParameters: 0 0 0

#Transform 60
Transform: AffineTransform_float_3_3
Parameters: 0.999997 0.00144146 0.00224606 -0.00145476 0.99998 0.00622167 -0.00223603 -0.00622533 0.999978 0.00929896 0.148315 0.212565
FixedParameters: 0 0 0

#Transform 61
Transform: AffineTransform_float_3_3
Parameters: 0.999997 0.000976628 0.00217168 -0.000992532 0.999973 0.00724678 -0.00216434 -0.00724822 0.999971 0.00197555 0.17325 0.182897
FixedParameters: 0 0 0

#Transform 62
Transform: AffineTransform_float_3_3
Parameters: 0.999996 0.00127805 0.00245023 -0.0013 0.999959 0.00895769 -0.00243863 -0.0089613 0.999957 0.0048816 0.152609 0.209926
FixedParameters: 0 0 0

#Transform 63
Transform: AffineTransform_float_3_3
Parameters: 0.999996 0.000748016 0.00276993 -0.000774527 0.999956 0.00941167 -0.00276283 -0.00941333 0.999952 -0.00670873 0.173132 0.241038
FixedParameters: 0 0 0

#Transform 64
Transform: AffineTransform_float_3_3
Parameters: 0.999996 -5.42108e-05 0.00260729 2.2991e-05 0.999928 0.0119418 -0.00260804 -0.0119422 0.999926 -0.0353092 0.254221 0.152745
FixedParameters: 0 0 0

#Transform 65
Transform: AffineTransform_float_3_3
Parameters: 0.999996 -6.65789e-05 0.00261399 2.3632e-05 0.999864 0.0164538 -0.00261547 -0.0164542 0.999861 -0.0570905 0.261134 0.108475
FixedParameters: 0 0 0

#Transform 66
Transform: AffineTransform_float_3_3
Parameters: 0.999997 0.000138916 0.00245384 -0.000184547 0.999828 0.0185404 -0.00245069 -0.0185406 0.999825 -0.0390515 0.342207 0.0915533
FixedParameters: 0 0 0

#Transform 67
Transform: AffineTransform_float_3_3
Parameters: 0.999997 -5.97065e-05 0.00242448 9.92336e-06 0.999793 0.0203739 -0.00242448 -0.0203741 0.99979 -0.0671973 0.347207 0.159422
FixedParameters: 0 0 0

#Transform 68
Transform: AffineTransform_float_3_3
Parameters: 0.999998 -0.000159063 0.00221566 0.000115072 0.999803 0.0198201 -0.00221802 -0.0198199 0.999801 -0.0183611 0.351961 0.185809
FixedParameters: 0 0 0

#Transform 69
Transform: AffineTransform_float_3_3
Parameters: 0.999997 0.000189737 0.00267185 -0.000243652 0.999798 0.0201021 -0.00266742 -0.0201029 0.999795 -0.0343002 0.334864 0.148741
FixedParameters: 0 0 0

#Transform 70
Transform: AffineTransform_float_3_3
Parameters: 0.999998 -9.46457e-05 0.00195943 5.53376e-05 0.999796 0.0202221 -0.00196067 -0.0202219 0.999793 -0.0334433 0.332832 0.140625
FixedParameters: 0 0 0

#Transform 71
Transform: AffineTransform_float_3_3
Parameters: 0.999999 -0.00132581 -0.000128669 0.00132749 0.999811 0.0193839 0.0001031 -0.0193841 0.999812 -0.00535021 0.552051 0.168422
FixedParameters: 0 0 0

#Transform 72
Transform: AffineTransform_float_3_3
Parameters: 0.999994 -0.00240437 -0.00250609 0.00247889 0.999537 0.030339 0.00243181 -0.030345 0.999536 -0.00246979 1.13799 -0.0953753
FixedParameters: 0 0 0

#Transform 73
Transform: AffineTransform_float_3_3
Parameters: 0.999995 -0.002045 -0.00247474 0.00212442 0.999472 0.0324219 0.00240717 -0.0324271 0.999471 0.00737842 1.08031 -0.114345
FixedParameters: 0 0 0

#Transform 74
Transform: AffineTransform_float_3_3
Parameters: 0.999998 -0.00200989 -0.000536174 0.00202663 0.999486 0.0320102 0.000471003 -0.0320108 0.999487 -0.00195042 1.03443 -0.167861
FixedParameters: 0 0 0

#Transform 75
Transform: AffineTransform_float_3_3
Parameters: 0.999992 -0.00116915 -0.00385983 0.00127739 0.999605 0.0280849 0.00382567 -0.0280902 0.999598 -0.0142038 0.664105 -0.101167
FixedParameters: 0 0 0

#Transform 76
Transform: AffineTransform_float_3_3
Parameters: 0.999998 -5.99098e-05 -0.00170459 0.000104701 0.999658 0.0261297 0.0017022 -0.0261293 0.999657 -0.0589565 0.450338 0.105742
FixedParameters: 0 0 0

#Transform 77
Transform: AffineTransform_float_3_3
Parameters: 0.999998 0.000663178 -0.00216387 -0.000608108 0.999684 0.0251122 0.00217999 -0.0251108 0.999683 0.0168678 0.460136 0.0705513
FixedParameters: 0 0 0

#Transform 78
Transform: AffineTransform_float_3_3
Parameters: 0.999999 0.000917279 -9.64534e-05 -0.000914247 0.999684 0.0251112 0.000119229 -0.0251108 0.999684 0.0508385 0.481013 0.0667484
FixedParameters: 0 0 0

#Transform 79
Transform: AffineTransform_float_3_3
Parameters: 1 0.00106798 0.000517058 -0.00107994 0.999696 0.0246225 -0.000490328 -0.0246235 0.999696 0.0625636 0.511417 0.0370714
FixedParameters: 0 0 0

#Transform 80
Transform: AffineTransform_float_3_3
Parameters: 0.999999 0.00105423 0.000675896 -0.00107037 0.999709 0.0241073 -0.000650626 -0.0241087 0.999709 0.0547278 0.467108 0.0130793
FixedParameters: 0 0 0

#Transform 81
Transform: AffineTransform_float_3_3
Parameters: 0.999998 0.000737409 0.00141607 -0.000772912 0.999691 0.0248379 -0.00139719 -0.0248391 0.99969 0.0565644 0.465009 0.061059
FixedParameters: 0 0 0

#Transform 82
Transform: AffineTransform_float_3_3
Parameters: 0.999999 0.000619617 0.00129578 -0.0006527 0.999678 0.0253572 -0.0012803 -0.0253578 0.999677 0.0288708 0.480003 -0.0337806
FixedParameters: 0 0 0

#Transform 83
Transform: AffineTransform_float_3_3
Parameters: 1 0.000937809 0.00070883 -0.000954414 0.999716 0.0238193 -0.000686646 -0.0238197 0.999716 0.0292246 0.42811 -0.039197
FixedParameters: 0 0 0

#Transform 84
Transform: AffineTransform_float_3_3
Parameters: 0.999998 0.000876076 0.001365 -0.000908195 0.999715 0.0238848 -0.00134415 -0.0238862 0.999714 0.0228123 0.399827 0.142781
FixedParameters: 0 0 0

#Transform 85
Transform: AffineTransform_float_3_3
Parameters: 0.999998 0.00111613 0.00164549 -0.00115561 0.999718 0.0237171 -0.00161801 -0.0237188 0.999717 0.0488283 0.439793 0.136589
FixedParameters: 0 0 0

#Transform 86
Transform: AffineTransform_float_3_3
Parameters: 0.999999 0.000721545 0.00138368 -0.000754178 0.999712 0.0239639 -0.00136503 -0.0239651 0.999712 0.0383572 0.414739 0.14324
FixedParameters: 0 0 0

#Transform 87
Transform: AffineTransform_float_3_3
Parameters: 0.999999 0.00153621 0.000812181 -0.00155445 0.999731 0.0231488 -0.000776417 -0.0231502 0.999731 0.0577144 0.460054 0.0999919
FixedParameters: 0 0 0

#Transform 88
Transform: AffineTransform_float_3_3
Parameters: 0.999999 0.00106122 0.00137247 -0.00109112 0.999751 0.0222855 -0.00134841 -0.0222875 0.99975 0.0427156 0.360383 0.10521
FixedParameters: 0 0 0

#Transform 89
Transform: AffineTransform_float_3_3
Parameters: 0.999998 0.00123366 0.00114675 -0.00126037 0.999727 0.0233176 -0.00111784 -0.0233183 0.999727 0.0525282 0.459264 0.132343
FixedParameters: 0 0 0

#Transform 90
Transform: AffineTransform_float_3_3
Parameters: 0.999998 0.000778312 0.00148542 -0.000813565 0.999714 0.0239298 -0.00146589 -0.0239312 0.999712 0.0346144 0.526633 0.0748036
FixedParameters: 0 0 0

#Transform 91
Transform: AffineTransform_float_3_3
Parameters: 0.999999 0.0011225 0.00147304 -0.00115837 0.999705 0.0242853 -0.00144526 -0.0242877 0.999704 0.0488068 0.444238 0.173461
FixedParameters: 0 0 0

#Transform 92
Transform: AffineTransform_float_3_3
Parameters: 0.999999 0.00133402 0.00126652 -0.00136296 0.999728 0.0232553 -0.00123483 -0.0232567 0.999729 0.0554388 0.513431 0.13631
FixedParameters: 0 0 0

#Transform 93
Transform: AffineTransform_float_3_3
Parameters: 0.999997 0.00111804 0.00195542 -0.00116339 0.999729 0.0232527 -0.00192928 -0.0232553 0.999728 0.0545946 0.461361 0.124409
FixedParameters: 0 0 0

#Transform 94
Transform: AffineTransform_float_3_3
Parameters: 0.999997 0.00139495 0.00175609 -0.00143618 0.999716 0.0237565 -0.00172201 -0.0237585 0.999717 0.0598777 0.475411 0.157655
FixedParameters: 0 0 0

#Transform 95
Transform: AffineTransform_float_3_3
Parameters: 0.999997 0.00102737 0.00191263 -0.00107252 0.999712 0.0239439 -0.00188721 -0.0239461 0.999711 0.0664532 0.49009 0.164087
FixedParameters: 0 0 0

#Transform 96
Transform: AffineTransform_float_3_3
Parameters: 0.999999 0.000532185 0.00170963 -0.00057583 0.999667 0.0257749 -0.00169602 -0.0257761 0.999667 0.0926507 0.525386 0.13658
FixedParameters: 0 0 0

#Transform 97
Transform: AffineTransform_float_3_3
Parameters: 0.999997 0.000148681 0.00242467 -0.000213042 0.99964 0.0268053 -0.00242041 -0.0268066 0.999637 0.0869499 0.517621 0.154721
FixedParameters: 0 0 0

#Transform 98
Transform: AffineTransform_float_3_3
Parameters: 0.999997 1.57195e-05 0.00251155 -8.60442e-05 0.999608 0.0279897 -0.0025098 -0.0279893 0.999605 0.0685982 0.625507 0.147695
FixedParameters: 0 0 0

#Transform 99
Transform: AffineTransform_float_3_3
Parameters: 0.999995 0.000252558 0.00317108 -0.000347864 0.999545 0.0301807 -0.00316228 -0.0301813 0.99954 0.0913951 0.583017 0.108874
FixedParameters: 0 0 0

#Transform 100
Transform: AffineTransform_float_3_3
Parameters: 0.999995 0.00030087 0.00291551 -0.00038752 0.99955 0.0299907 -0.00290575 -0.0299913 0.999546 0.096686 0.474736 0.180384
FixedParameters: 0 0 0

#Transform 101
Transform: AffineTransform_float_3_3
Parameters: 0.999994 0.000725337 0.00337093 -0.000819376 0.99961 0.0279341 -0.00334928 -0.027937 0.999604 0.0303399 0.532886 0.183597
FixedParameters: 0 0 0

#Transform 102
Transform: AffineTransform_float_3_3
Parameters: 0.999995 0.000853918 0.00296385 -0.000937478 0.999602 0.0282061 -0.00293858 -0.0282089 0.999598 0.0563748 0.55481 0.22888
FixedParameters: 0 0 0

#Transform 103
Transform: AffineTransform_float_3_3
Parameters: 0.999993 0.000802453 0.00350839 -0.000895492 0.999651 0.0264207 -0.00348616 -0.0264233 0.999645 0.0417984 0.505853 0.168653
FixedParameters: 0 0 0

#Transform 104
Transform: AffineTransform_float_3_3
Parameters: 0.999991 0.000496782 0.0042512 -0.000608483 0.999658 0.026146 -0.00423663 -0.026148 0.999649 -0.0123058 0.46501 0.105568
FixedParameters: 0 0 0

#Transform 105
Transform: AffineTransform_float_3_3
Parameters: 0.999994 -3.91157e-06 0.00364931 -0.000100848 0.999589 0.0286463 -0.00364725 -0.0286467 0.999583 0.0311323 0.440296 0.166163
FixedParameters: 0 0 0

#Transform 106
Transform: AffineTransform_float_3_3
Parameters: 0.999995 0.000134342 0.00296214 -0.000215333 0.999619 0.0276232 -0.00295773 -0.0276238 0.999614 0.038408 0.453325 -0.12039
FixedParameters: 0 0 0

#Transform 107
Transform: AffineTransform_float_3_3
Parameters: 0.999994 0.000301171 0.00347081 -0.00040177 0.999573 0.0292154 -0.00346018 -0.0292167 0.999567 0.0302957 0.394086 0.051432
FixedParameters: 0 0 0

#Transform 108
Transform: AffineTransform_float_3_3
Parameters: 0.999996 0.000761025 0.00249232 -0.000830506 0.999606 0.0280459 -0.00246986 -0.0280471 0.999603 0.078696 0.479404 0.0313444
FixedParameters: 0 0 0

#Transform 109
Transform: AffineTransform_float_3_3
Parameters: 0.999997 0.000783798 0.00260311 -0.000859497 0.999577 0.0290426 -0.00257921 -0.0290443 0.999575 0.0677861 0.460523 0.022329
FixedParameters: 0 0 0

#Transform 110
Transform: AffineTransform_float_3_3
Parameters: 0.999997 0.0012751 0.00233374 -0.00134006 0.999607 0.0279958 -0.00229708 -0.0279982 0.999606 0.0597727 0.486524 0.089715
FixedParameters: 0 0 0

#Transform 111
Transform: AffineTransform_float_3_3
Parameters: 0.999995 0.00118745 0.00294294 -0.00126911 0.99961 0.0278932 -0.00290879 -0.0278968 0.999606 0.0341675 0.485119 0.0546246
FixedParameters: 0 0 0

#Transform 112
Transform: AffineTransform_float_3_3
Parameters: 0.999996 0.00107707 0.00269027 -0.00115506 0.999583 0.0288709 -0.00265855 -0.0288731 0.999579 0.0169293 0.436651 0.0873708
FixedParameters: 0 0 0

#Transform 113
Transform: AffineTransform_float_3_3
Parameters: 0.999999 0.000515628 0.00129327 -0.000549405 0.999662 0.0259672 -0.00127933 -0.0259677 0.999662 0.0786349 0.189265 0.00123956
FixedParameters: 0 0 0

#Transform 114
Transform: AffineTransform_float_3_3
Parameters: 0.999997 -0.000716492 0.00257139 0.000651011 0.99967 0.0256565 -0.00258877 -0.0256545 0.999668 0.0448553 0.184123 -0.00116224
FixedParameters: 0 0 0

#Transform 115
Transform: AffineTransform_float_3_3
Parameters: 0.999996 -0.00126795 0.00259372 0.00119552 0.999612 0.027808 -0.00262807 -0.027805 0.99961 0.00791393 0.187123 -0.0145392
FixedParameters: 0 0 0

#Transform 116
Transform: AffineTransform_float_3_3
Parameters: 0.999994 -0.00133168 0.00320734 0.00123893 0.999582 0.0288868 -0.00324498 -0.0288832 0.999578 -0.0021441 0.138224 -0.0964742
FixedParameters: 0 0 0

#Transform 117
Transform: AffineTransform_float_3_3
Parameters: 0.999994 -0.0014782 0.00288801 0.00139579 0.999598 0.0283219 -0.00292857 -0.0283181 0.999595 0.00182528 0.173993 -0.0548461
FixedParameters: 0 0 0

#Transform 118
Transform: AffineTransform_float_3_3
Parameters: 0.999998 -0.00134646 0.00153257 0.00130255 0.999603 0.0281741 -0.00157009 -0.0281719 0.999602 0.0250362 0.17921 -0.153367
FixedParameters: 0 0 0

#Transform 119
Transform: AffineTransform_float_3_3
Parameters: 0.999998 0.000401278 0.00199257 -0.000463603 0.999517 0.031068 -0.00197946 -0.031069 0.999516 0.0603621 0.354951 -0.23098
FixedParameters: 0 0 0

#Transform 120
Transform: AffineTransform_float_3_3
Parameters: 1 0.00115141 0.000123459 -0.00115567 0.999438 0.0335019 -8.50508e-05 -0.033502 0.999438 0.100606 0.373552 -0.212414
FixedParameters: 0 0 0

#Transform 121
Transform: AffineTransform_float_3_3
Parameters: 0.999999 0.000849691 -0.000394321 -0.000836384 0.999474 0.0324013 0.000421982 -0.0324006 0.999475 0.0838074 0.294741 -0.11677
FixedParameters: 0 0 0

#Transform 122
Transform: AffineTransform_float_3_3
Parameters: 0.999997 0.0014798 0.00154347 -0.00153489 0.999341 0.0362837 -0.00148934 -0.0362863 0.999341 0.0776933 0.377557 -0.0539499
FixedParameters: 0 0 0

#Transform 123
Transform: AffineTransform_float_3_3
Parameters: 0.999997 0.00130218 0.00203153 -0.00137408 0.999362 0.0357053 -0.00198406 -0.0357078 0.999361 0.0712501 0.428846 -0.0328046
FixedParameters: 0 0 0

#Transform 124
Transform: AffineTransform_float_3_3
Parameters: 0.999994 -0.000679879 0.00334287 0.000537534 0.9991 0.0424287 -0.00336853 -0.0424263 0.999094 0.0502187 0.604166 -0.290405
FixedParameters: 0 0 0

#Transform 125
Transform: AffineTransform_float_3_3
Parameters: 0.999988 -0.00271547 0.0040891 0.00250147 0.998665 0.0515934 -0.00422407 -0.0515826 0.99866 0.0148029 0.788542 -0.498074
FixedParameters: 0 0 0

#Transform 126
Transform: AffineTransform_float_3_3
Parameters: 0.999989 -0.00204413 0.0041794 0.00183735 0.998807 0.0487887 -0.00427327 -0.0487803 0.9988 0.062602 0.736128 -0.552477
FixedParameters: 0 0 0

#Transform 127
Transform: AffineTransform_float_3_3
Parameters: 0.999986 -0.0021749 0.00491511 0.00192247 0.998712 0.0506854 -0.00501911 -0.0506746 0.998703 0.0381697 0.791954 -0.541904
FixedParameters: 0 0 0

#Transform 128
Transform: AffineTransform_float_3_3
Parameters: 0.999979 -0.000859874 0.00638633 0.000560406 0.998907 0.0467431 -0.00641977 -0.0467379 0.998887 0.0248819 0.60736 -0.480922
FixedParameters: 0 0 0

#Transform 129
Transform: AffineTransform_float_3_3
Parameters: 0.999984 0.00024103 0.00577443 -0.000504917 0.99895 0.0458227 -0.00575679 -0.0458253 0.998933 -0.0441942 0.42609 -0.187806
FixedParameters: 0 0 0

#Transform 130
Transform: AffineTransform_float_3_3
Parameters: 0.999985 0.000520477 0.0053401 -0.000752099 0.999055 0.0434527 -0.00531269 -0.0434563 0.999041 -0.019619 0.517518 0.156678
FixedParameters: 0 0 0

#Transform 131
Transform: AffineTransform_float_3_3
Parameters: 0.999987 -0.000337464 0.00519741 0.000127875 0.999187 0.0403012 -0.0052075 -0.0402998 0.999174 -0.0246497 0.560372 -0.017867
FixedParameters: 0 0 0

#Transform 132
Transform: AffineTransform_float_3_3
Parameters: 0.999987 0.000294508 0.00511858 -0.000519214 0.999033 0.043962 -0.00510014 -0.043964 0.99902 0.0191219 0.63034 -0.0106169
FixedParameters: 0 0 0

#Transform 133
Transform: AffineTransform_float_3_3
Parameters: 0.999983 0.000690215 0.00581964 -0.000943875 0.999047 0.0436491 -0.0057837 -0.0436539 0.99903 0.0386265 0.634649 -0.0491958
FixedParameters: 0 0 0

#Transform 134
Transform: AffineTransform_float_3_3
Parameters: 0.999982 0.00033798 0.00596409 -0.00059514 0.999072 0.043074 -0.00594406 -0.043077 0.999054 0.0512034 0.606439 -0.0932848
FixedParameters: 0 0 0

#Transform 135
Transform: AffineTransform_float_3_3
Parameters: 0.999978 0.000457376 0.00653555 -0.000740026 0.999059 0.0433777 -0.00650985 -0.0433813 0.999037 0.0786158 0.635489 -0.0740247
FixedParameters: 0 0 0

#Transform 136
Transform: AffineTransform_float_3_3
Parameters: 0.999975 0.000529007 0.00708418 -0.000831417 0.99909 0.0426365 -0.00705522 -0.0426415 0.999066 0.0875352 0.603361 -0.0866152
FixedParameters: 0 0 0

#Transform 137
Transform: AffineTransform_float_3_3
Parameters: 0.999974 0.000628313 0.00718889 -0.000923187 0.999152 0.0411626 -0.00715641 -0.0411683 0.999127 0.0998094 0.594497 0.0467564
FixedParameters: 0 0 0

#Transform 138
Transform: AffineTransform_float_3_3
Parameters: 0.999976 0.000929082 0.00688919 -0.00120337 0.999204 0.0398711 -0.00684713 -0.0398789 0.999181 0.0948396 0.603204 0.00991719
FixedParameters: 0 0 0

#Transform 139
Transform: AffineTransform_float_3_3
Parameters: 0.999972 0.000951813 0.00734405 -0.00124746 0.99919 0.0402302 -0.00729913 -0.0402388 0.999164 0.083377 0.57933 0.0242308
FixedParameters: 0 0 0

#Transform 140
Transform: AffineTransform_float_3_3
Parameters: 0.999968 0.00110647 0.00798612 -0.00142844 0.999186 0.0403228 -0.00793561 -0.0403332 0.999154 0.0949962 0.54242 0.0518784
FixedParameters: 0 0 0

#Transform 141
Transform: AffineTransform_float_3_3
Parameters: 0.99997 0.00111065 0.00775074 -0.00140894 0.999255 0.0385753 -0.00770181 -0.0385848 0.999226 0.0876441 0.602282 0.162835
FixedParameters: 0 0 0

#Transform 142
Transform: AffineTransform_float_3_3
Parameters: 0.99997 0.00102581 0.00758416 -0.00132442 0.999221 0.0394322 -0.00753875 -0.0394408 0.999194 0.081097 0.604443 -0.0384573
FixedParameters: 0 0 0

#Transform 143
Transform: AffineTransform_float_3_3
Parameters: 0.99997 0.000953958 0.00776204 -0.00126706 0.999185 0.0403534 -0.00771671 -0.0403626 0.999155 0.0893204 0.529572 0.0317782
FixedParameters: 0 0 0

#Transform 144
Transform: AffineTransform_float_3_3
Parameters: 0.999969 0.00107084 0.00789624 -0.0013792 0.999235 0.0390683 -0.00784815 -0.0390787 0.999205 0.0755226 0.606954 0.0448677
FixedParameters: 0 0 0

#Transform 145
Transform: AffineTransform_float_3_3
Parameters: 0.999968 0.00090679 0.00802278 -0.00121834 0.999244 0.0388574 -0.00798158 -0.0388657 0.999213 0.0712748 0.631254 -0.0163374
FixedParameters: 0 0 0

#Transform 146
Transform: AffineTransform_float_3_3
Parameters: 0.999962 0.00128127 0.00860514 -0.00162668 0.999184 0.0403431 -0.00854668 -0.0403559 0.999149 0.0739879 0.566767 0.0978372
FixedParameters: 0 0 0

#Transform 147
Transform: AffineTransform_float_3_3
Parameters: 0.999964 0.00112675 0.0083855 -0.00146671 0.999171 0.0406789 -0.0083323 -0.0406892 0.999137 0.0723585 0.639351 -0.0200013
FixedParameters: 0 0 0

#Transform 148
Transform: AffineTransform_float_3_3
Parameters: 0.999969 0.00089375 0.00775685 -0.00121261 0.99915 0.0411958 -0.00771288 -0.0412041 0.999121 0.0649865 0.668182 -0.00741652
FixedParameters: 0 0 0

#Transform 149
Transform: AffineTransform_float_3_3
Parameters: 0.999975 0.000917213 0.00704155 -0.00120404 0.999162 0.0409019 -0.00699776 -0.0409091 0.999138 0.0609627 0.68375 -0.0952724
FixedParameters: 0 0 0

#Transform 150
Transform: AffineTransform_float_3_3
Parameters: 0.999977 0.000673609 0.00685268 -0.0009541 0.999157 0.0410499 -0.00681929 -0.0410552 0.999134 0.0283498 0.742247 -0.333103
FixedParameters: 0 0 0

#Transform 151
Transform: AffineTransform_float_3_3
Parameters: 0.99997 0.000721255 0.00771048 -0.00105338 0.999069 0.0431162 -0.00767288 -0.0431238 0.99904 -0.0026129 0.514661 -0.285506
FixedParameters: 0 0 0
