# transform file /out/sourcedata/freesurfer/sub-v2s3x28831_ses-1/mri/transforms/cc_up.lta
# created by oesteban on Fri Mar 13 04:17:25 2026

type      = 0 # LINEAR_VOX_TO_VOX
nxforms   = 1
mean      = 127.0000 117.0000 98.0000
sigma     = 10000.0000
1 4 4
9.996087551116943e-01 8.986142463982105e-03 -2.648349665105343e-02 1.597398281097412e+00 
-8.982989937067032e-03 9.999595284461975e-01 2.379941142862663e-04 3.313204574584961e+01 
2.648456580936909e-02 -1.455191349364338e-11 9.996491074562073e-01 3.364188766479492e+01 
0.000000000000000e+00 0.000000000000000e+00 0.000000000000000e+00 1.000000000000000e+00 
src volume info
valid = 1  # volume info valid
filename = /out/sourcedata/freesurfer/sub-v2s3x28831_ses-1/mri/norm.mgz
volume = 256 256 256
voxelsize = 1.000000000000000e+00 1.000000000000000e+00 1.000000000000000e+00
xras   = -1.000000000000000e+00 0.000000000000000e+00 0.000000000000000e+00
yras   = 0.000000000000000e+00 0.000000000000000e+00 -1.000000000000000e+00
zras   = 0.000000000000000e+00 1.000000000000000e+00 0.000000000000000e+00
cras   = -2.892707824707031e+00 5.319978332519531e+01 -8.122741699218750e+00
dst volume info
valid = 1  # volume info valid
filename = /out/sourcedata/freesurfer/sub-v2s3x28831_ses-1/mri/norm.mgz
volume = 256 256 256
voxelsize = 1.000000000000000e+00 1.000000000000000e+00 1.000000000000000e+00
xras   = -1.000000000000000e+00 0.000000000000000e+00 0.000000000000000e+00
yras   = 0.000000000000000e+00 0.000000000000000e+00 -1.000000000000000e+00
zras   = 0.000000000000000e+00 1.000000000000000e+00 0.000000000000000e+00
cras   = -2.892707824707031e+00 5.319978332519531e+01 -8.122741699218750e+00
