#Insight Transform File V1.0
#Transform 0
Transform: AffineTransform_float_3_3
Parameters: 0.999999 -0.00140236 0.000655982 0.00140168 0.999997 0.00175095 -0.00065857 -0.00175005 0.999998 -0.0621302 -0.0864776 0.11716
FixedParameters: 0 0 0

#Transform 1
Transform: AffineTransform_float_3_3
Parameters: 0.999999 -0.0012384 0.000620608 0.001238 0.999998 0.0016218 -0.000622303 -0.0016212 0.999999 -0.034412 -0.0670271 0.0370151
FixedParameters: 0 0 0

#Transform 2
Transform: AffineTransform_float_3_3
Parameters: 0.999999 -0.00120484 0.000433399 0.00120392 0.999997 0.00179452 -0.000435576 -0.00179348 0.999999 -0.0348655 -0.115589 0.0935178
FixedParameters: 0 0 0

#Transform 3
Transform: AffineTransform_float_3_3
Parameters: 1 -0.00111716 -5.33917e-05 0.00111813 0.999999 0.00145511 5.12992e-05 -0.00145489 0.999999 -0.0254088 -0.0473456 0.0392048
FixedParameters: 0 0 0

#Transform 4
Transform: AffineTransform_float_3_3
Parameters: 0.999999 -0.00132162 0.000195943 0.00132155 0.999997 0.00180229 -0.000198563 -0.00180271 0.999999 -0.0400773 -0.0743556 0.0453191
FixedParameters: 0 0 0

#Transform 5
Transform: AffineTransform_float_3_3
Parameters: 0.999998 -0.00164912 0.000187288 0.00164902 0.999997 0.00148451 -0.000189055 -0.00148449 0.999999 -0.0369672 -0.0776668 0.0883362
FixedParameters: 0 0 0

#Transform 6
Transform: AffineTransform_float_3_3
Parameters: 0.999999 -0.00145859 0.000461281 0.00145783 0.999998 0.00150188 -0.000463516 -0.00150112 0.999998 -0.0253331 -0.0514989 -0.00479069
FixedParameters: 0 0 0

#Transform 7
Transform: AffineTransform_float_3_3
Parameters: 1 -0.000310895 -5.65698e-05 0.000311131 0.999993 0.00367698 5.52671e-05 -0.00367702 0.999993 -0.0299647 -0.188283 0.0703545
FixedParameters: 0 0 0

#Transform 8
Transform: AffineTransform_float_3_3
Parameters: 1 -0.000121619 0.000105046 0.000121098 0.999997 0.00247201 -0.000105646 -0.00247199 0.999997 0.0157524 -0.057062 -0.00416072
FixedParameters: 0 0 0

#Transform 9
Transform: AffineTransform_float_3_3
Parameters: 1 0.00021936 0.000366779 -0.000219985 0.999998 0.00219792 -0.000365638 -0.00219808 0.999998 -0.00285385 -0.0968415 0.043142
FixedParameters: 0 0 0

#Transform 10
Transform: AffineTransform_float_3_3
Parameters: 1 -5.009e-05 0.000131191 4.95139e-05 0.999997 0.002194 -0.000131409 -0.00219399 0.999997 -0.0241589 -0.090989 0.0425472
FixedParameters: 0 0 0

#Transform 11
Transform: AffineTransform_float_3_3
Parameters: 0.999999 -0.000543921 0.00057781 0.000542918 0.999999 0.00171732 -0.0005795 -0.00171669 0.999999 -0.0246361 -0.0599885 -0.00601006
FixedParameters: 0 0 0

#Transform 12
Transform: AffineTransform_float_3_3
Parameters: 1 -0.000672222 -0.000120854 0.000672425 0.999998 0.00157092 0.000119726 -0.00157108 0.999999 -0.0123253 -0.107264 -0.00255726
FixedParameters: 0 0 0

#Transform 13
Transform: AffineTransform_float_3_3
Parameters: 1 -0.000458121 0.000101859 0.000457773 0.999999 0.000844046 -0.000101648 -0.000843953 0.999999 -0.0283008 -0.106 0.0620756
FixedParameters: 0 0 0

#Transform 14
Transform: AffineTransform_float_3_3
Parameters: 1 -0.000426261 -7.6095e-05 0.000426313 1 0.000344968 7.58009e-05 -0.000345032 1 -0.0180275 -0.0539053 0.0534713
FixedParameters: 0 0 0

#Transform 15
Transform: AffineTransform_float_3_3
Parameters: 1 -0.00042626 -7.60989e-05 0.000426314 1 0.000353968 7.57971e-05 -0.000354032 1 -0.0180096 -0.0738441 0.0491887
FixedParameters: 0 0 0

#Transform 16
Transform: AffineTransform_float_3_3
Parameters: 1 -0.000426258 -7.61125e-05 0.000426317 1 0.000385967 7.57834e-05 -0.000386032 1 -0.0264599 -0.0809019 0.0930286
FixedParameters: 0 0 0

#Transform 17
Transform: AffineTransform_float_3_3
Parameters: 1 0.000278574 4.98556e-05 -0.000278651 0.999999 0.000780986 -4.94204e-05 -0.000781013 0.999999 0.00163551 -0.0197622 0.0133447
FixedParameters: 0 0 0

#Transform 18
Transform: AffineTransform_float_3_3
Parameters: 1 0.000285439 0.000486207 -0.000286865 0.999998 0.00164683 -0.000486249 -0.00164617 0.999998 -0.0070913 -0.0442244 0.00286548
FixedParameters: 0 0 0

#Transform 19
Transform: AffineTransform_float_3_3
Parameters: 1 0.000290356 5.21407e-05 -0.000290497 0.999999 0.00136999 -5.13449e-05 -0.00137002 0.999999 -0.0114881 -0.0443287 0.0524505
FixedParameters: 0 0 0

#Transform 20
Transform: AffineTransform_float_3_3
Parameters: 1 0.000544307 9.76655e-05 -0.000544372 0.999999 0.00122995 -9.73109e-05 -0.00123005 0.999999 0.0168841 0.00706062 -0.0138712
FixedParameters: 0 0 0

#Transform 21
Transform: AffineTransform_float_3_3
Parameters: 1 0.000145793 0.000582721 -0.000146342 1 0.000470915 -0.000582584 -0.000471085 0.999999 -0.0170263 -0.0773705 0.0741224
FixedParameters: 0 0 0

#Transform 22
Transform: AffineTransform_float_3_3
Parameters: 1 0.00024217 4.32405e-05 -0.000242203 1 0.000380989 -4.3056e-05 -0.00038101 1 -0.00793636 -0.0588065 0.0715398
FixedParameters: 0 0 0

#Transform 23
Transform: AffineTransform_float_3_3
Parameters: 0.999999 0.000707797 0.000126429 -0.00070791 0.999999 0.00044791 -0.000125795 -0.000448089 1 0.00541946 -0.0244155 0.0304558
FixedParameters: 0 0 0

#Transform 24
Transform: AffineTransform_float_3_3
Parameters: 1 -5.10902e-05 0.000507929 5.06757e-05 1 0.000408026 -0.00050797 -0.000407974 1 -0.0399097 -0.0805629 0.093553
FixedParameters: 0 0 0

#Transform 25
Transform: AffineTransform_float_3_3
Parameters: 1 -7.18496e-05 0.000214715 7.26907e-05 1 0.000334016 -0.000214588 -0.000333985 1 -0.0388461 -0.0379276 0.00975048
FixedParameters: 0 0 0

#Transform 26
Transform: AffineTransform_float_3_3
Parameters: 1 0.000108297 1.92793e-05 -0.000108292 1 -0.000135002 -1.93086e-05 0.000134998 1 -0.0278948 -0.0231629 0.0738936
FixedParameters: 0 0 0

#Transform 27
Transform: AffineTransform_float_3_3
Parameters: 1 8.97593e-05 -0.000317201 -9.02794e-05 0.999999 -0.000819971 0.000317053 0.000820028 0.999999 -0.0196456 0.00969652 0.040199
FixedParameters: 0 0 0

#Transform 28
Transform: AffineTransform_float_3_3
Parameters: 1 4.13485e-05 7.3691e-06 -4.13493e-05 1 5.59997e-05 -7.36446e-06 -5.60003e-05 1 -0.0260654 -0.0780187 0.0428924
FixedParameters: 0 0 0

#Transform 29
Transform: AffineTransform_float_3_3
Parameters: 1 -4.82476e-05 -8.55395e-06 4.82331e-05 0.999999 -0.000842 8.63519e-06 0.000841999 0.999999 -0.0321895 -0.0250592 0.0499509
FixedParameters: 0 0 0

#Transform 30
Transform: AffineTransform_float_3_3
Parameters: 1 -0.000310116 -5.52539e-05 0.000310117 1 9.98286e-06 5.52477e-05 -1.00171e-05 1 -0.0393221 -0.064649 0.0761609
FixedParameters: 0 0 0

#Transform 31
Transform: AffineTransform_float_3_3
Parameters: 1 0.000143299 7.93679e-05 -0.000143302 1 1.79886e-05 -7.93627e-05 -1.80114e-05 1 -0.0284084 -0.00713234 0.099284
FixedParameters: 0 0 0

#Transform 32
Transform: AffineTransform_float_3_3
Parameters: 1 0.000205262 -0.000452059 -0.000205659 1 -0.000438907 0.000451879 0.000439093 1 -0.012486 0.0644047 -0.0721829
FixedParameters: 0 0 0

#Transform 33
Transform: AffineTransform_float_3_3
Parameters: 1 0.000299772 -0.000585685 -0.000299913 1 -0.000961795 0.000585284 0.000961207 1 -0.00595421 -0.00951998 -0.116982
FixedParameters: 0 0 0

#Transform 34
Transform: AffineTransform_float_3_3
Parameters: 0.999999 0.000409052 -0.00120102 -0.000409882 0.999999 -0.00075565 0.00120057 0.00075535 0.999999 0.0231645 -0.0693333 0.0164159
FixedParameters: 0 0 0

#Transform 35
Transform: AffineTransform_float_3_3
Parameters: 1 0.000379689 -0.00103666 -0.000380662 0.999999 -0.000944747 0.00103611 0.000944252 0.999999 -0.0101353 -0.0402712 0.0271809
FixedParameters: 0 0 0

#Transform 36
Transform: AffineTransform_float_3_3
Parameters: 1 0.000379119 -0.00103686 -0.000380247 0.999999 -0.00149378 0.00103608 0.00149422 0.999999 -0.0100627 0.015618 -0.0271996
FixedParameters: 0 0 0

#Transform 37
Transform: AffineTransform_float_3_3
Parameters: 1 0.000298583 -0.000578776 -0.000298645 0.999999 -0.000904 0.000578411 0.000904 1 -0.0246159 0.0149793 -0.0819661
FixedParameters: 0 0 0

#Transform 38
Transform: AffineTransform_float_3_3
Parameters: 1 0.000612146 -0.000838302 -0.000612837 0.999999 -0.00148246 0.000837822 0.00148254 0.999998 0.00158201 0.0370193 -0.0987918
FixedParameters: 0 0 0

#Transform 39
Transform: AffineTransform_float_3_3
Parameters: 1 3.46956e-05 -0.000514772 -3.59854e-05 0.999997 -0.00220915 0.000514791 0.00220885 0.999998 -0.0389061 -0.00838849 0.0449797
FixedParameters: 0 0 0

#Transform 40
Transform: AffineTransform_float_3_3
Parameters: 0.999999 0.000172461 -0.000716986 -0.000174332 0.999996 -0.00267905 0.000716408 0.00267895 0.999996 -0.0250304 0.0744587 -0.0323696
FixedParameters: 0 0 0

#Transform 41
Transform: AffineTransform_float_3_3
Parameters: 0.999999 3.61631e-05 -0.00073476 -3.85943e-05 0.999995 -0.003115 0.000733894 0.003116 0.999995 -0.040849 0.0460502 0.0487876
FixedParameters: 0 0 0

#Transform 42
Transform: AffineTransform_float_3_3
Parameters: 1 3.47108e-05 -0.000486333 -3.59927e-05 0.999998 -0.00232998 0.000486344 0.00233002 0.999997 -0.0423007 0.0139637 0.0278668
FixedParameters: 0 0 0

#Transform 43
Transform: AffineTransform_float_3_3
Parameters: 0.999999 6.01362e-05 -0.000761031 -6.27349e-05 0.999996 -0.00300096 0.000761013 0.00300105 0.999995 -0.0454113 0.0621122 0.0366727
FixedParameters: 0 0 0

#Transform 44
Transform: AffineTransform_float_3_3
Parameters: 1 0.000106348 -0.000449377 -0.000107548 0.999997 -0.00243195 0.000449033 0.00243205 0.999997 -0.0364081 0.0266387 0.0330288
FixedParameters: 0 0 0

#Transform 45
Transform: AffineTransform_float_3_3
Parameters: 0.999999 0.000419928 -0.000572735 -0.000420987 0.999998 -0.00163173 0.000572523 0.00163127 0.999998 -0.026687 0.0837523 -0.00776298
FixedParameters: 0 0 0

#Transform 46
Transform: AffineTransform_float_3_3
Parameters: 1 0.00017096 -0.000557851 -0.000171952 0.999997 -0.00265588 0.000557291 0.00265513 0.999996 -0.0423416 0.0477316 0.0230748
FixedParameters: 0 0 0

#Transform 47
Transform: AffineTransform_float_3_3
Parameters: 1 0.000147392 -0.00107774 -0.000150067 0.999997 -0.00269384 0.00107648 0.00269416 0.999996 -0.0391886 0.0389788 0.0766275
FixedParameters: 0 0 0

#Transform 48
Transform: AffineTransform_float_3_3
Parameters: 1 0.000283624 -0.00105382 -0.000285733 0.999997 -0.0024027 0.00105298 0.0024033 0.999996 -0.0152461 0.0583287 0.0410723
FixedParameters: 0 0 0

#Transform 49
Transform: AffineTransform_float_3_3
Parameters: 0.999999 0.000174802 -0.000725726 -0.000177117 0.999995 -0.00295304 0.000725038 0.00295295 0.999996 -0.0293313 0.0624422 0.0211674
FixedParameters: 0 0 0

#Transform 50
Transform: AffineTransform_float_3_3
Parameters: 1 0.000228921 -0.00093861 -0.000232311 0.999995 -0.00338078 0.000937576 0.00338122 0.999994 -0.0401798 0.0454268 0.0773701
FixedParameters: 0 0 0

#Transform 51
Transform: AffineTransform_float_3_3
Parameters: 1 0.000375167 -0.00103793 -0.000379273 0.999994 -0.00340361 0.00103589 0.00340439 0.999993 -0.00902152 0.0702634 0.0227147
FixedParameters: 0 0 0

#Transform 52
Transform: AffineTransform_float_3_3
Parameters: 1 8.67313e-05 -0.00108833 -8.96349e-05 0.999995 -0.00322508 0.00108747 0.00322492 0.999994 -0.0339844 0.0397542 0.0469541
FixedParameters: 0 0 0

#Transform 53
Transform: AffineTransform_float_3_3
Parameters: 1 5.34804e-06 -0.00110245 -9.56131e-06 0.999993 -0.00377716 0.00110211 0.00377684 0.999992 -0.0362603 0.0464605 0.138452
FixedParameters: 0 0 0

#Transform 54
Transform: AffineTransform_float_3_3
Parameters: 1 -5.09209e-05 -0.000539801 4.93233e-05 0.999994 -0.00346703 0.000539515 0.00346697 0.999994 -0.0528025 0.0518815 0.0543362
FixedParameters: 0 0 0

#Transform 55
Transform: AffineTransform_float_3_3
Parameters: 1 3.16927e-05 -0.000686796 -3.42817e-05 0.999994 -0.00331815 0.000686928 0.00331785 0.999994 -0.0562731 0.0281078 0.0908067
FixedParameters: 0 0 0

#Transform 56
Transform: AffineTransform_float_3_3
Parameters: 1 -0.000130417 -0.000603324 0.000128861 0.999993 -0.00388108 0.000603872 0.00388092 0.999993 -0.0538128 0.0577457 0.1487
FixedParameters: 0 0 0

#Transform 57
Transform: AffineTransform_float_3_3
Parameters: 0.999999 -3.03742e-05 -0.000730212 2.84643e-05 0.999996 -0.00277702 0.000729741 0.00277698 0.999996 -0.0456423 0.0809329 0.0498934
FixedParameters: 0 0 0

#Transform 58
Transform: AffineTransform_float_3_3
Parameters: 1 0.000262376 -0.00064539 -0.00026399 0.999996 -0.00277783 0.000644279 0.00277817 0.999996 -0.0477984 0.0826732 0.0588803
FixedParameters: 0 0 0

#Transform 59
Transform: AffineTransform_float_3_3
Parameters: 0.999999 0.000208955 -0.000810175 -0.000212579 0.999991 -0.004062 0.000808988 0.004062 0.999992 -0.0457829 0.0803107 0.0995971
FixedParameters: 0 0 0

#Transform 60
Transform: AffineTransform_float_3_3
Parameters: 1 -1.09255e-06 -0.00110348 -3.20414e-06 0.999991 -0.00425717 0.00110336 0.00425683 0.999991 -0.0524942 0.0928035 0.0290294
FixedParameters: 0 0 0

#Transform 61
Transform: AffineTransform_float_3_3
Parameters: 1 0.000108866 -0.000697659 -0.000112216 0.99999 -0.00451892 0.000697186 0.00451907 0.999989 -0.0596951 0.0673475 0.109147
FixedParameters: 0 0 0

#Transform 62
Transform: AffineTransform_float_3_3
Parameters: 0.999998 0.000144229 -0.00161804 -0.000152982 0.999985 -0.00544293 0.001618 0.00544307 0.999984 -0.0478105 0.123014 0.107639
FixedParameters: 0 0 0

#Transform 63
Transform: AffineTransform_float_3_3
Parameters: 0.999999 0.000448042 -0.00120631 -0.000454669 0.999987 -0.00512763 0.00120372 0.00512837 0.999986 -0.0355085 0.113813 0.10793
FixedParameters: 0 0 0

#Transform 64
Transform: AffineTransform_float_3_3
Parameters: 0.999999 0.000197372 -0.00123341 -0.000203366 0.999989 -0.00482575 0.00123253 0.00482625 0.999987 -0.0309331 0.0888784 0.127881
FixedParameters: 0 0 0

#Transform 65
Transform: AffineTransform_float_3_3
Parameters: 0.999999 0.000183497 -0.00130379 -0.000190536 0.999985 -0.00534393 0.00130302 0.00534407 0.999985 -0.0411978 0.123965 0.0240011
FixedParameters: 0 0 0

#Transform 66
Transform: AffineTransform_float_3_3
Parameters: 1 0.000430357 -0.000250752 -0.000429833 0.999999 -0.000918891 0.000250137 0.000919107 0.999999 -0.0465442 -0.145036 0.19249
FixedParameters: 0 0 0

#Transform 67
Transform: AffineTransform_float_3_3
Parameters: 0.999998 0.00137262 -0.000884993 -0.001374 0.999998 -0.00169572 0.000882654 0.00169627 0.999998 -0.020116 0.0728038 0.0564599
FixedParameters: 0 0 0

#Transform 68
Transform: AffineTransform_float_3_3
Parameters: 1 0.000695694 -0.000832691 -0.000698651 0.999995 -0.00334239 0.000830526 0.00334261 0.999994 -0.0373495 0.103644 0.167885
FixedParameters: 0 0 0

#Transform 69
Transform: AffineTransform_float_3_3
Parameters: 0.999998 0.00101658 -0.00133069 -0.00102037 0.999995 -0.00307779 0.00132825 0.00307921 0.999995 -0.0222725 0.162956 -0.0295733
FixedParameters: 0 0 0

#Transform 70
Transform: AffineTransform_float_3_3
Parameters: 0.999999 0.000693078 -0.0016632 -0.000697618 0.999997 -0.00249716 0.00166141 0.00249784 0.999996 -0.021386 0.0402948 0.0177409
FixedParameters: 0 0 0

#Transform 71
Transform: AffineTransform_float_3_3
Parameters: 0.999997 0.00127202 -0.00198339 -0.00127864 0.999995 -0.00302876 0.00197966 0.00303124 0.999993 0.005701 0.120558 -0.0469759
FixedParameters: 0 0 0

#Transform 72
Transform: AffineTransform_float_3_3
Parameters: 0.999997 0.00145678 -0.00189956 -0.00146289 0.999993 -0.00328552 0.00189414 0.00328849 0.999993 0.00911643 0.0803203 0.0250229
FixedParameters: 0 0 0

#Transform 73
Transform: AffineTransform_float_3_3
Parameters: 0.999997 0.00138557 -0.00196441 -0.00139366 0.999991 -0.00388956 0.00195894 0.00389244 0.999991 -0.00804194 0.13779 -0.0286685
FixedParameters: 0 0 0

#Transform 74
Transform: AffineTransform_float_3_3
Parameters: 0.999996 0.00109218 -0.00235772 -0.00110101 0.999991 -0.00409888 0.00235262 0.00410113 0.999989 -0.00743089 0.100884 -0.0138687
FixedParameters: 0 0 0

#Transform 75
Transform: AffineTransform_float_3_3
Parameters: 0.999998 0.00105391 -0.00202239 -0.00106259 0.999991 -0.00420914 0.00201801 0.00421085 0.999989 -0.0337129 0.100437 -0.00583048
FixedParameters: 0 0 0

#Transform 76
Transform: AffineTransform_float_3_3
Parameters: 0.999997 0.00109363 -0.00212453 -0.0011039 0.999988 -0.00480695 0.00211983 0.00480905 0.999986 -0.0178763 0.126281 -0.0115454
FixedParameters: 0 0 0

#Transform 77
Transform: AffineTransform_float_3_3
Parameters: 0.999997 0.00113992 -0.00247878 -0.00115116 0.999988 -0.00474679 0.00247314 0.00474921 0.999986 -0.00633106 0.116834 -0.000419372
FixedParameters: 0 0 0

#Transform 78
Transform: AffineTransform_float_3_3
Parameters: 0.999996 0.00133441 -0.0024453 -0.0013467 0.999987 -0.00499118 0.00243814 0.00499482 0.999985 -0.00589267 0.141208 0.0176657
FixedParameters: 0 0 0

#Transform 79
Transform: AffineTransform_float_3_3
Parameters: 0.999996 0.00136231 -0.00244074 -0.0013751 0.999985 -0.00527109 0.00243369 0.00527391 0.999983 -0.010314 0.139017 0.0734722
FixedParameters: 0 0 0

#Transform 80
Transform: AffineTransform_float_3_3
Parameters: 0.999996 0.00136653 -0.00244029 -0.00137974 0.999984 -0.00556111 0.00243256 0.00556489 0.999982 -0.0129691 0.166739 0.0467668
FixedParameters: 0 0 0

#Transform 81
Transform: AffineTransform_float_3_3
Parameters: 0.999995 0.0013414 -0.0026286 -0.00135452 0.999988 -0.00476689 0.00262295 0.00477011 0.999985 -0.00095449 0.169864 0.0277835
FixedParameters: 0 0 0

#Transform 82
Transform: AffineTransform_float_3_3
Parameters: 0.999996 0.00130614 -0.00253518 -0.00131879 0.999988 -0.0046913 0.00252891 0.00469469 0.999986 -0.00641007 0.147138 0.0632309
FixedParameters: 0 0 0

#Transform 83
Transform: AffineTransform_float_3_3
Parameters: 0.999995 0.00138087 -0.00257148 -0.00139479 0.999985 -0.00525607 0.00256327 0.00525993 0.999983 -0.00225682 0.177487 0.0724569
FixedParameters: 0 0 0

#Transform 84
Transform: AffineTransform_float_3_3
Parameters: 0.999996 0.00139817 -0.00219562 -0.00140841 0.999987 -0.00482935 0.00218909 0.00483165 0.999986 -0.0046183 0.166433 0.0596923
FixedParameters: 0 0 0

#Transform 85
Transform: AffineTransform_float_3_3
Parameters: 0.999995 0.00135154 -0.00261883 -0.00136403 0.999987 -0.00488805 0.00261195 0.00489095 0.999985 -0.000731762 0.186368 0.0798423
FixedParameters: 0 0 0

#Transform 86
Transform: AffineTransform_float_3_3
Parameters: 0.999996 0.00143299 -0.00242321 -0.00144541 0.999986 -0.00502894 0.00241593 0.00503205 0.999984 -0.0113758 0.191602 0.0769052
FixedParameters: 0 0 0

#Transform 87
Transform: AffineTransform_float_3_3
Parameters: 0.999997 0.00150796 -0.00226008 -0.00152115 0.999981 -0.00596301 0.00225055 0.00596599 0.99998 -0.0133414 0.164239 0.155142
FixedParameters: 0 0 0

#Transform 88
Transform: AffineTransform_float_3_3
Parameters: 0.999996 0.00154223 -0.0024136 -0.00155691 0.99998 -0.00605869 0.00240451 0.00606231 0.999979 -0.00785931 0.183097 0.0691005
FixedParameters: 0 0 0

#Transform 89
Transform: AffineTransform_float_3_3
Parameters: 0.999995 0.00162962 -0.00245037 -0.00164413 0.99998 -0.00609839 0.00244125 0.00610161 0.999978 -0.00586423 0.158694 0.125634
FixedParameters: 0 0 0

#Transform 90
Transform: AffineTransform_float_3_3
Parameters: 0.999997 0.00106304 -0.00220397 -0.00107704 0.999979 -0.00637696 0.00219689 0.00638004 0.999977 -0.0454854 0.177842 0.174357
FixedParameters: 0 0 0

#Transform 91
Transform: AffineTransform_float_3_3
Parameters: 0.999998 0.00147759 -0.00127887 -0.00148379 0.999986 -0.00503522 0.00127225 0.00503678 0.999987 -0.0533091 0.150298 0.089383
FixedParameters: 0 0 0

#Transform 92
Transform: AffineTransform_float_3_3
Parameters: 1 0.000175525 6.38045e-05 -0.000175545 1 0.000153989 -6.37504e-05 -0.000154011 1 -0.0588542 -0.0958104 0.0238139
FixedParameters: 0 0 0

#Transform 93
Transform: AffineTransform_float_3_3
Parameters: 0.999999 0.00148598 -2.73137e-05 -0.00148606 0.999977 -0.00653179 1.80959e-05 0.0065322 0.999978 -0.0545949 0.198436 0.083242
FixedParameters: 0 0 0

#Transform 94
Transform: AffineTransform_float_3_3
Parameters: 0.999997 0.00207153 -0.000574483 -0.00207334 0.999995 -0.00253658 0.00056924 0.00253742 0.999997 -0.0460597 0.0786619 -0.036846
FixedParameters: 0 0 0

#Transform 95
Transform: AffineTransform_float_3_3
Parameters: 0.999998 0.00169146 -0.00119889 -0.0016956 0.999993 -0.00342191 0.0011931 0.00342409 0.999994 -0.0340385 0.106242 0.0232352
FixedParameters: 0 0 0

#Transform 96
Transform: AffineTransform_float_3_3
Parameters: 0.999996 0.00207847 -0.0016195 -0.00208557 0.999988 -0.00450355 0.00161019 0.00450746 0.999989 -0.00309816 0.139935 0.0785844
FixedParameters: 0 0 0

#Transform 97
Transform: AffineTransform_float_3_3
Parameters: 0.999999 0.00145993 -0.000589164 -0.0014635 0.99998 -0.00606108 0.000580198 0.00606092 0.999982 -0.0390827 0.136587 0.201216
FixedParameters: 0 0 0

#Transform 98
Transform: AffineTransform_float_3_3
Parameters: 0.999997 0.00220661 -0.00149921 -0.00221707 0.99997 -0.00730657 0.00148312 0.00730941 0.999972 -0.00345794 0.24873 0.159155
FixedParameters: 0 0 0

#Transform 99
Transform: AffineTransform_float_3_3
Parameters: 0.999996 0.00220721 -0.0016844 -0.00221784 0.999976 -0.00659617 0.00167046 0.00659984 0.999977 -0.0076973 0.206198 0.124391
FixedParameters: 0 0 0

#Transform 100
Transform: AffineTransform_float_3_3
Parameters: 0.999996 0.00213837 -0.00173676 -0.00214828 0.999983 -0.00548217 0.00172503 0.00548583 0.999983 0.00746037 0.203583 0.131518
FixedParameters: 0 0 0

#Transform 101
Transform: AffineTransform_float_3_3
Parameters: 0.999993 0.00261344 -0.00241561 -0.00262823 0.999977 -0.00627685 0.00239864 0.00628315 0.999978 0.0246323 0.25667 0.0597306
FixedParameters: 0 0 0

#Transform 102
Transform: AffineTransform_float_3_3
Parameters: 0.999995 0.00257018 -0.00212295 -0.00258279 0.999979 -0.00592954 0.00210781 0.00593446 0.99998 0.0153251 0.203281 0.140293
FixedParameters: 0 0 0

#Transform 103
Transform: AffineTransform_float_3_3
Parameters: 0.999995 0.00251511 -0.00213329 -0.00252875 0.999977 -0.00633262 0.00211793 0.00633737 0.999977 0.0139269 0.24499 0.148599
FixedParameters: 0 0 0

#Transform 104
Transform: AffineTransform_float_3_3
Parameters: 0.999996 0.00218008 -0.00209446 -0.00218873 0.999989 -0.00412945 0.00208505 0.00413354 0.999989 -0.0195139 0.170324 0.055976
FixedParameters: 0 0 0

#Transform 105
Transform: AffineTransform_float_3_3
Parameters: 0.999993 0.00279987 -0.00239767 -0.00281168 0.999984 -0.00494725 0.00238318 0.00495375 0.999985 0.00831863 0.183891 0.132331
FixedParameters: 0 0 0

#Transform 106
Transform: AffineTransform_float_3_3
Parameters: 0.999993 0.00284525 -0.00246189 -0.00285816 0.999981 -0.00537213 0.00244684 0.00537887 0.999983 0.0116087 0.230615 0.0949469
FixedParameters: 0 0 0

#Transform 107
Transform: AffineTransform_float_3_3
Parameters: 0.999992 0.00259779 -0.00300731 -0.00261554 0.999982 -0.00555748 0.00299329 0.00556552 0.99998 0.0297976 0.226699 0.0504507
FixedParameters: 0 0 0

#Transform 108
Transform: AffineTransform_float_3_3
Parameters: 0.999991 0.0027384 -0.00300588 -0.00275373 0.999982 -0.00531907 0.00299179 0.00532794 0.999981 0.0342943 0.218774 0.119561
FixedParameters: 0 0 0

#Transform 109
Transform: AffineTransform_float_3_3
Parameters: 0.99999 0.00293226 -0.00320923 -0.00294994 0.999981 -0.005476 0.0031933 0.005485 0.99998 0.0338433 0.229613 0.0895043
FixedParameters: 0 0 0

#Transform 110
Transform: AffineTransform_float_3_3
Parameters: 0.99999 0.00284567 -0.00322633 -0.00286377 0.999981 -0.00553826 0.00321001 0.00554774 0.999979 0.0418178 0.231948 0.0862038
FixedParameters: 0 0 0

#Transform 111
Transform: AffineTransform_float_3_3
Parameters: 0.999993 0.00264655 -0.00286283 -0.00266431 0.999978 -0.00598372 0.00284716 0.00599128 0.999978 0.0155364 0.231512 0.164435
FixedParameters: 0 0 0

#Transform 112
Transform: AffineTransform_float_3_3
Parameters: 0.99999 0.00278235 -0.00329037 -0.00280258 0.999977 -0.00615342 0.0032738 0.00616158 0.999976 0.0418612 0.255743 0.110016
FixedParameters: 0 0 0

#Transform 113
Transform: AffineTransform_float_3_3
Parameters: 0.999992 0.00271989 -0.00285181 -0.00273721 0.999977 -0.00624455 0.00283518 0.00625246 0.999977 0.0244491 0.238537 0.135788
FixedParameters: 0 0 0

#Transform 114
Transform: AffineTransform_float_3_3
Parameters: 0.999993 0.00252339 -0.00294396 -0.0025412 0.999978 -0.00602207 0.00292876 0.00602993 0.999978 0.0136804 0.22811 0.178453
FixedParameters: 0 0 0

#Transform 115
Transform: AffineTransform_float_3_3
Parameters: 0.999991 0.00257378 -0.00322204 -0.00259106 0.999982 -0.00531935 0.00320772 0.00532765 0.999981 0.0226761 0.245655 0.109715
FixedParameters: 0 0 0

#Transform 116
Transform: AffineTransform_float_3_3
Parameters: 0.999991 0.00275773 -0.0032222 -0.00277572 0.999981 -0.00552855 0.0032069 0.00553745 0.99998 0.0310535 0.258775 0.131983
FixedParameters: 0 0 0

#Transform 117
Transform: AffineTransform_float_3_3
Parameters: 0.999992 0.00254375 -0.00306784 -0.00256272 0.999977 -0.00629267 0.00305136 0.00630034 0.999976 0.0169173 0.239016 0.19665
FixedParameters: 0 0 0

#Transform 118
Transform: AffineTransform_float_3_3
Parameters: 0.999991 0.00265215 -0.00315579 -0.00267248 0.999977 -0.00630406 0.00313885 0.00631193 0.999975 0.0273502 0.272346 0.131443
FixedParameters: 0 0 0

#Transform 119
Transform: AffineTransform_float_3_3
Parameters: 0.999992 0.0025813 -0.00328217 -0.00260066 0.999978 -0.00608799 0.00326644 0.00609701 0.999976 0.0218087 0.218124 0.157519
FixedParameters: 0 0 0

#Transform 120
Transform: AffineTransform_float_3_3
Parameters: 0.999991 0.00265947 -0.0032698 -0.00268134 0.999975 -0.00659494 0.00325254 0.00660406 0.999973 0.018889 0.250958 0.212617
FixedParameters: 0 0 0

#Transform 121
Transform: AffineTransform_float_3_3
Parameters: 0.999992 0.00258045 -0.00328283 -0.00260168 0.999976 -0.00634616 0.00326676 0.00635484 0.999975 0.0162131 0.250384 0.13869
FixedParameters: 0 0 0

#Transform 122
Transform: AffineTransform_float_3_3
Parameters: 0.999992 0.00255318 -0.00311069 -0.00257087 0.99998 -0.00570752 0.00309576 0.00571547 0.999978 -0.00459032 0.211178 0.22208
FixedParameters: 0 0 0

#Transform 123
Transform: AffineTransform_float_3_3
Parameters: 0.999991 0.00303842 -0.00302775 -0.00305964 0.999972 -0.00676907 0.00300721 0.00677893 0.999973 0.00911334 0.265688 0.2003
FixedParameters: 0 0 0

#Transform 124
Transform: AffineTransform_float_3_3
Parameters: 0.999992 0.00292584 -0.00253348 -0.00294173 0.999976 -0.00629155 0.00251562 0.00629945 0.999977 -0.0121408 0.217308 0.247353
FixedParameters: 0 0 0

#Transform 125
Transform: AffineTransform_float_3_3
Parameters: 0.999992 0.00306953 -0.0027621 -0.00308821 0.999971 -0.00693059 0.00274116 0.0069384 0.999972 0.0103436 0.247393 0.209647
FixedParameters: 0 0 0

#Transform 126
Transform: AffineTransform_float_3_3
Parameters: 0.999992 0.00302718 -0.00270467 -0.00304526 0.999973 -0.00663392 0.00268478 0.00664208 0.999974 0.000232574 0.215378 0.187306
FixedParameters: 0 0 0

#Transform 127
Transform: AffineTransform_float_3_3
Parameters: 0.999992 0.00277145 -0.00281145 -0.00279077 0.999974 -0.00666251 0.00279282 0.00667049 0.999974 -0.00524089 0.215466 0.238014
FixedParameters: 0 0 0

#Transform 128
Transform: AffineTransform_float_3_3
Parameters: 0.999991 0.00287619 -0.00310368 -0.00289854 0.999972 -0.00697348 0.00308335 0.00698152 0.999971 0.00597226 0.263523 0.207704
FixedParameters: 0 0 0

#Transform 129
Transform: AffineTransform_float_3_3
Parameters: 0.999992 0.00289256 -0.00279081 -0.00291103 0.999973 -0.0067072 0.00277147 0.0067148 0.999974 0.0113895 0.246156 0.186323
FixedParameters: 0 0 0

#Transform 130
Transform: AffineTransform_float_3_3
Parameters: 0.999992 0.00284605 -0.0027981 -0.00286384 0.999975 -0.00642034 0.00277986 0.00642866 0.999976 0.00129203 0.226373 0.20309
FixedParameters: 0 0 0

#Transform 131
Transform: AffineTransform_float_3_3
Parameters: 0.999992 0.00257119 -0.00284588 -0.00259115 0.999974 -0.00672398 0.00282861 0.00673102 0.999973 -0.0106523 0.240954 0.207793
FixedParameters: 0 0 0

#Transform 132
Transform: AffineTransform_float_3_3
Parameters: 0.999992 0.00295389 -0.00278011 -0.00297197 0.999974 -0.00662889 0.0027614 0.00663711 0.999974 0.0093877 0.244287 0.185107
FixedParameters: 0 0 0

#Transform 133
Transform: AffineTransform_float_3_3
Parameters: 0.999991 0.00276752 -0.00298582 -0.00278774 0.999973 -0.00675518 0.00296708 0.00676282 0.999973 0.0034032 0.233505 0.237328
FixedParameters: 0 0 0

#Transform 134
Transform: AffineTransform_float_3_3
Parameters: 0.99999 0.00283671 -0.00327958 -0.00285859 0.999972 -0.00685313 0.00325985 0.00686286 0.999971 0.0116271 0.252669 0.242857
FixedParameters: 0 0 0

#Transform 135
Transform: AffineTransform_float_3_3
Parameters: 0.999991 0.0028183 -0.00296603 -0.00283762 0.999976 -0.00634294 0.00294759 0.00635206 0.999976 0.0178255 0.256207 0.221732
FixedParameters: 0 0 0

#Transform 136
Transform: AffineTransform_float_3_3
Parameters: 0.99999 0.00311378 -0.0030075 -0.00313263 0.999975 -0.00628488 0.00298782 0.00629412 0.999976 0.023318 0.295933 0.194654
FixedParameters: 0 0 0

#Transform 137
Transform: AffineTransform_float_3_3
Parameters: 0.999993 0.0028307 -0.00253666 -0.00284785 0.999973 -0.00672995 0.00251768 0.00673704 0.999974 0.00650906 0.287374 0.226748
FixedParameters: 0 0 0

#Transform 138
Transform: AffineTransform_float_3_3
Parameters: 0.999991 0.00282782 -0.00310052 -0.00285015 0.999969 -0.00729567 0.00307938 0.00730433 0.999969 0.000978701 0.299822 0.255538
FixedParameters: 0 0 0

#Transform 139
Transform: AffineTransform_float_3_3
Parameters: 0.999989 0.00319284 -0.00323257 -0.00321558 0.99997 -0.00713289 0.00321027 0.00714311 0.999969 0.0195855 0.303727 0.172048
FixedParameters: 0 0 0

#Transform 140
Transform: AffineTransform_float_3_3
Parameters: 0.99999 0.00288598 -0.00323183 -0.00290806 0.999972 -0.00695908 0.00321179 0.00696792 0.99997 0.00931332 0.249922 0.259699
FixedParameters: 0 0 0

#Transform 141
Transform: AffineTransform_float_3_3
Parameters: 0.99999 0.00312438 -0.00313091 -0.00314711 0.999969 -0.0072356 0.00310779 0.0072444 0.999969 0.0146303 0.287973 0.21822
FixedParameters: 0 0 0

#Transform 142
Transform: AffineTransform_float_3_3
Parameters: 0.999991 0.00290945 -0.00325579 -0.00293263 0.99997 -0.00720297 0.00323515 0.00721304 0.999969 0.0056257 0.244617 0.275439
FixedParameters: 0 0 0

#Transform 143
Transform: AffineTransform_float_3_3
Parameters: 0.999989 0.00315099 -0.00341558 -0.00317699 0.999966 -0.00766362 0.00339102 0.00767439 0.999965 0.0229037 0.297354 0.224758
FixedParameters: 0 0 0

#Transform 144
Transform: AffineTransform_float_3_3
Parameters: 0.999991 0.00299527 -0.00300983 -0.00301688 0.99997 -0.00720423 0.00298762 0.00721277 0.999969 0.00719533 0.262455 0.246843
FixedParameters: 0 0 0

#Transform 145
Transform: AffineTransform_float_3_3
Parameters: 0.99999 0.0028571 -0.00326009 -0.00288263 0.999965 -0.00783326 0.00323791 0.00784174 0.999964 0.00286126 0.272336 0.282124
FixedParameters: 0 0 0

#Transform 146
Transform: AffineTransform_float_3_3
Parameters: 0.999989 0.00328903 -0.00353205 -0.00331414 0.999968 -0.00728194 0.0035079 0.00729407 0.999968 0.0433015 0.284135 0.200955
FixedParameters: 0 0 0

#Transform 147
Transform: AffineTransform_float_3_3
Parameters: 0.999993 0.00249067 -0.00273896 -0.00250543 0.999984 -0.00522648 0.00272646 0.00523253 0.999983 -0.0321615 0.0862181 0.356009
FixedParameters: 0 0 0

#Transform 148
Transform: AffineTransform_float_3_3
Parameters: 0.99999 0.00308873 -0.00324969 -0.00311144 0.999969 -0.00727017 0.00322722 0.00727983 0.999968 0.00153933 0.277192 0.247999
FixedParameters: 0 0 0

#Transform 149
Transform: AffineTransform_float_3_3
Parameters: 0.999991 0.00307334 -0.00311503 -0.00309621 0.99997 -0.00713567 0.00309308 0.00714534 0.99997 -0.00282055 0.238287 0.300268
FixedParameters: 0 0 0

#Transform 150
Transform: AffineTransform_float_3_3
Parameters: 0.999989 0.00307445 -0.00334331 -0.0030992 0.999969 -0.00722212 0.00332114 0.00723287 0.999968 0.00180662 0.270104 0.307997
FixedParameters: 0 0 0

#Transform 151
Transform: AffineTransform_float_3_3
Parameters: 0.99999 0.00320508 -0.00306228 -0.0032278 0.999968 -0.00720642 0.00303898 0.00721656 0.999969 -0.00246878 0.261131 0.296994
FixedParameters: 0 0 0
