#Insight Transform File V1.0
#Transform 0
Transform: AffineTransform_float_3_3
Parameters: 1 -0.000288252 -0.000509976 0.000289969 0.999998 0.00199985 0.000509766 -0.00200015 0.999998 0.00617149 -0.072864 -0.00942362
FixedParameters: 0 0 0

#Transform 1
Transform: AffineTransform_float_3_3
Parameters: 1 -0.000355077 -0.000315045 0.000355916 0.999998 0.00184389 0.00031468 -0.00184411 0.999999 -0.00112376 -0.0657744 -0.0133378
FixedParameters: 0 0 0

#Transform 2
Transform: AffineTransform_float_3_3
Parameters: 1 -0.000347092 -0.000338577 0.000347788 0.999999 0.00150288 0.00033848 -0.00150312 0.999999 -0.00552459 -0.0744375 -0.000381335
FixedParameters: 0 0 0

#Transform 3
Transform: AffineTransform_float_3_3
Parameters: 1 -0.000399206 -0.000186245 0.000399443 0.999999 0.00150293 0.000185991 -0.00150307 0.999999 -0.0125523 -0.0524845 -0.0147512
FixedParameters: 0 0 0

#Transform 4
Transform: AffineTransform_float_3_3
Parameters: 1 -0.000252542 -0.000614871 0.000254135 0.999999 0.00155684 0.000615028 -0.00155715 0.999998 0.0101147 -0.0717 -0.0196092
FixedParameters: 0 0 0

#Transform 5
Transform: AffineTransform_float_3_3
Parameters: 1 -0.000399219 -0.000186219 0.000399431 0.999999 0.00143693 0.000186018 -0.00143707 0.999999 -0.00597394 -0.0734712 0.00157059
FixedParameters: 0 0 0

#Transform 6
Transform: AffineTransform_float_3_3
Parameters: 1 0.000184997 -0.000435564 -0.00018454 0.999998 0.00161108 0.000435837 -0.00161092 0.999998 -0.00313848 -0.0652672 7.26436e-05
FixedParameters: 0 0 0

#Transform 7
Transform: AffineTransform_float_3_3
Parameters: 1 0.000380943 -0.000421358 -0.000380547 0.999998 0.00159116 0.000422247 -0.00159084 0.999998 0.00687545 -0.0597298 0.0208944
FixedParameters: 0 0 0

#Transform 8
Transform: AffineTransform_float_3_3
Parameters: 1 -0.000313753 -0.000436032 0.000314741 0.999999 0.00150286 0.000436034 -0.00150314 0.999999 0.00338762 -0.0605176 0.00410345
FixedParameters: 0 0 0

#Transform 9
Transform: AffineTransform_float_3_3
Parameters: 1 8.76199e-05 -0.000243762 -8.78339e-05 0.999999 0.00150302 0.000243703 -0.00150298 0.999999 0.00287601 -0.056354 0.00993067
FixedParameters: 0 0 0

#Transform 10
Transform: AffineTransform_float_3_3
Parameters: 1 0.000362341 -0.000484852 -0.000362009 0.999999 0.00131718 0.000485483 -0.00131682 0.999999 -0.00041096 -0.0522597 0.00685065
FixedParameters: 0 0 0

#Transform 11
Transform: AffineTransform_float_3_3
Parameters: 1 0.000477971 -0.000424152 -0.000477724 0.999999 0.00140531 0.000425173 -0.00140569 0.999999 0.00113064 -0.0554369 0.00841725
FixedParameters: 0 0 0

#Transform 12
Transform: AffineTransform_float_3_3
Parameters: 1 0.00036179 -0.00028846 -0.000361955 0.999999 0.0013531 0.000289117 -0.0013529 0.999999 -0.00593476 -0.0587331 0.00788895
FixedParameters: 0 0 0

#Transform 13
Transform: AffineTransform_float_3_3
Parameters: 1 0.000413253 -0.000501325 -0.000413134 1 0.00106231 0.000501881 -0.00106269 0.999999 0.001435 -0.0356096 0.0205656
FixedParameters: 0 0 0

#Transform 14
Transform: AffineTransform_float_3_3
Parameters: 1 0.000266265 -0.000216582 -0.000266499 0.999999 0.000905057 0.000215795 -0.000904942 0.999999 -0.0107226 -0.0203586 0.0157233
FixedParameters: 0 0 0

#Transform 15
Transform: AffineTransform_float_3_3
Parameters: 1 0.000385413 -7.98594e-05 -0.000385321 1 0.000577031 8.03041e-05 -0.000576969 1 -0.0111528 -0.0115647 0.0258699
FixedParameters: 0 0 0

#Transform 16
Transform: AffineTransform_float_3_3
Parameters: 1 0.000393476 -0.000103549 -0.000393371 1 0.000507041 0.000103947 -0.000506959 1 -0.00755055 -0.013507 0.0161835
FixedParameters: 0 0 0

#Transform 17
Transform: AffineTransform_float_3_3
Parameters: 1 0.000358332 -0.000149426 -0.000358262 1 0.000232054 0.000149593 -0.000231946 1 0.00474016 -0.0176421 0.0112207
FixedParameters: 0 0 0

#Transform 18
Transform: AffineTransform_float_3_3
Parameters: 1 0.000473585 -0.000121746 -0.000473186 1 0.000315161 0.000121098 -0.000315839 1 0.00944631 -0.0142978 0.019833
FixedParameters: 0 0 0

#Transform 19
Transform: AffineTransform_float_3_3
Parameters: 1 0.000281125 -0.000239121 -0.000281025 1 0.000210067 0.000239239 -0.000209933 1 0.00699925 -0.0278144 0.00712741
FixedParameters: 0 0 0

#Transform 20
Transform: AffineTransform_float_3_3
Parameters: 1 7.93352e-05 -4.057e-05 -7.92993e-05 1 0.000442003 4.06401e-05 -0.000441997 1 0.0010135 -0.0283305 -0.0177766
FixedParameters: 0 0 0

#Transform 21
Transform: AffineTransform_float_3_3
Parameters: 1 -0.000284254 9.01574e-05 0.000284219 1 0.000196026 -9.02689e-05 -0.000195974 1 -0.00749674 -0.0185234 -0.0215581
FixedParameters: 0 0 0

#Transform 22
Transform: AffineTransform_float_3_3
Parameters: 1 -0.000393934 -0.000201881 0.000393759 1 0.00036292 0.000202542 -0.00036308 1 -0.00233623 -0.0273893 -0.0155819
FixedParameters: 0 0 0

#Transform 23
Transform: AffineTransform_float_3_3
Parameters: 1 -0.000135572 -0.000113759 0.000135572 1 -1.54226e-08 0.000113759 -1.54226e-08 1 0.00702562 -0.0274881 0.0266917
FixedParameters: 0 0 0

#Transform 24
Transform: AffineTransform_float_3_3
Parameters: 1 0.000199542 3.22663e-07 -0.000199542 1 -6.43848e-11 -3.22663e-07 -6.43848e-11 1 0.00856301 0.0186568 0.0318351
FixedParameters: 0 0 0

#Transform 25
Transform: AffineTransform_float_3_3
Parameters: 1 0.000258227 2.03853e-05 -0.00025824 1 0.000317995 -2.0221e-05 -0.000318005 1 0.00962472 0.0187337 -0.00288167
FixedParameters: 0 0 0

#Transform 26
Transform: AffineTransform_float_3_3
Parameters: 1 0.000355408 0.000557234 -0.000355342 1 -5.9198e-05 -0.000557276 5.88019e-05 1 -0.00277215 0.00681069 0.00445908
FixedParameters: 0 0 0

#Transform 27
Transform: AffineTransform_float_3_3
Parameters: 1 0.00022057 0.000239752 -0.000220367 1 -0.000423053 -0.000239938 0.000422947 1 0.00242092 0.0177514 0.0110178
FixedParameters: 0 0 0

#Transform 28
Transform: AffineTransform_float_3_3
Parameters: 1 0.000180108 0.000181653 -0.00017998 1 -0.000352033 -0.00018178 0.000351967 1 0.0145644 0.0212001 0.0187686
FixedParameters: 0 0 0

#Transform 29
Transform: AffineTransform_float_3_3
Parameters: 1 0.000252559 -0.000245784 -0.000253074 1 -0.000392834 0.000246533 0.000392166 0.999999 0.0271426 0.0224551 0.0182118
FixedParameters: 0 0 0

#Transform 30
Transform: AffineTransform_float_3_3
Parameters: 1 0.00018818 -3.62074e-06 -0.000188506 1 -0.000404999 4.41483e-06 0.000405001 1 0.00866524 0.0305958 0.0173844
FixedParameters: 0 0 0

#Transform 31
Transform: AffineTransform_float_3_3
Parameters: 1 0.000451571 0.0004981 -0.000451571 1 -2.24927e-07 -0.0004981 -2.24927e-07 1 -0.0122432 0.00909138 0.0204147
FixedParameters: 0 0 0

#Transform 32
Transform: AffineTransform_float_3_3
Parameters: 1 0.000304641 3.59165e-05 -0.000304921 1 -0.000583011 -3.53253e-05 0.000582989 1 0.00452004 0.0163457 0.0327351
FixedParameters: 0 0 0

#Transform 33
Transform: AffineTransform_float_3_3
Parameters: 1 0.000554587 0.000120936 -0.000554806 1 -0.000425963 -0.000120461 0.000425037 0.999999 0.00915301 0.0149237 0.0293699
FixedParameters: 0 0 0

#Transform 34
Transform: AffineTransform_float_3_3
Parameters: 1 0.000446644 8.42902e-05 -0.000446912 1 -0.000322038 -8.36312e-05 0.000321963 1 0.00715372 0.0180527 0.000204905
FixedParameters: 0 0 0

#Transform 35
Transform: AffineTransform_float_3_3
Parameters: 1 0.000419164 7.50883e-05 -0.000419164 1 -3.14743e-08 -7.50883e-05 -3.14743e-08 1 0.00664227 0.0245226 -0.0036646
FixedParameters: 0 0 0

#Transform 36
Transform: AffineTransform_float_3_3
Parameters: 1 0.00013233 -2.25582e-05 -0.00013233 1 2.98512e-09 2.25582e-05 2.98512e-09 1 0.00140045 0.00754587 0.0159991
FixedParameters: 0 0 0

#Transform 37
Transform: AffineTransform_float_3_3
Parameters: 1 0.00034461 0.000173139 -0.00034447 1 -0.00040306 -0.000173417 0.00040294 1 0.00173775 0.0225162 0.0387922
FixedParameters: 0 0 0

#Transform 38
Transform: AffineTransform_float_3_3
Parameters: 1 0.000382532 0.00032869 -0.00038236 1 -0.000262126 -0.000328891 0.000261874 1 -0.0015205 0.0204291 0.0454223
FixedParameters: 0 0 0

#Transform 39
Transform: AffineTransform_float_3_3
Parameters: 1 0.00033741 0.000405993 -0.00033763 1 -0.000894138 -0.000406919 0.000893864 1 -0.00498284 0.0435694 0.0454357
FixedParameters: 0 0 0

#Transform 40
Transform: AffineTransform_float_3_3
Parameters: 1 0.0004675 9.12349e-05 -0.000467709 0.999999 -0.000618042 -9.08662e-05 0.000617957 1 0.00745327 0.0206872 0.0594381
FixedParameters: 0 0 0

#Transform 41
Transform: AffineTransform_float_3_3
Parameters: 1 0.000360526 5.47553e-05 -0.000360741 1 -0.000977715 -5.45141e-05 0.000978285 0.999999 0.0178694 0.0395706 0.0452357
FixedParameters: 0 0 0

#Transform 42
Transform: AffineTransform_float_3_3
Parameters: 1 0.000118148 0.000426612 -0.000117708 0.999999 -0.00089405 -0.000425876 0.000893949 0.999999 0.013723 0.0347978 0.0367368
FixedParameters: 0 0 0

#Transform 43
Transform: AffineTransform_float_3_3
Parameters: 1 0.000278243 0.000122957 -0.000278023 0.999999 -0.000894033 -0.000123455 0.000893965 0.999999 0.0156669 0.0500953 0.0506632
FixedParameters: 0 0 0

#Transform 44
Transform: AffineTransform_float_3_3
Parameters: 1 0.000257844 -2.23971e-05 -0.000258222 0.999999 -0.00125099 2.26982e-05 0.00125101 0.999999 0.0192359 0.054857 0.0479588
FixedParameters: 0 0 0

#Transform 45
Transform: AffineTransform_float_3_3
Parameters: 1 2.02328e-05 -0.000296202 -1.99108e-05 0.999999 -0.0010543 0.000296482 0.0010537 1 0.0301783 0.0573057 0.076581
FixedParameters: 0 0 0

#Transform 46
Transform: AffineTransform_float_3_3
Parameters: 1 0.000477565 5.20402e-05 -0.000477745 0.999999 -0.00136303 -5.23956e-05 0.00136298 0.999999 0.0151532 0.0830943 0.0702753
FixedParameters: 0 0 0

#Transform 47
Transform: AffineTransform_float_3_3
Parameters: 1 0.000503137 6.07065e-05 -0.000503293 0.999999 -0.00136303 -6.11316e-05 0.00136297 0.999999 0.0105327 0.0696196 0.0558257
FixedParameters: 0 0 0

#Transform 48
Transform: AffineTransform_float_3_3
Parameters: 1 0.000425473 3.44223e-05 -0.000425707 0.999999 -0.00127902 -3.45643e-05 0.00127899 0.999999 0.00576905 0.0596604 0.0471151
FixedParameters: 0 0 0

#Transform 49
Transform: AffineTransform_float_3_3
Parameters: 1 0.000483244 5.40018e-05 -0.000483427 0.999999 -0.00128903 -5.43012e-05 0.00128897 0.999999 0.00679599 0.0697423 0.0474173
FixedParameters: 0 0 0

#Transform 50
Transform: AffineTransform_float_3_3
Parameters: 1 0.000299141 0.000192186 -0.00029894 0.999999 -0.00136306 -0.000192054 0.00136294 0.999999 -0.0022069 0.0700179 0.0611743
FixedParameters: 0 0 0

#Transform 51
Transform: AffineTransform_float_3_3
Parameters: 1 0.000238251 0.000353159 -0.000237611 0.999999 -0.00136308 -0.000352861 0.00136292 0.999999 0.00543569 0.0783629 0.0900506
FixedParameters: 0 0 0

#Transform 52
Transform: AffineTransform_float_3_3
Parameters: 1 0.000653782 0.000111402 -0.000654006 0.999998 -0.00188307 -0.000111971 0.00188293 0.999998 0.0100933 0.0644672 0.065722
FixedParameters: 0 0 0

#Transform 53
Transform: AffineTransform_float_3_3
Parameters: 1 0.000434986 3.71335e-05 -0.00043418 0.999997 -0.00242702 -3.79741e-05 0.00242698 0.999997 0.0059303 0.0841108 0.076331
FixedParameters: 0 0 0

#Transform 54
Transform: AffineTransform_float_3_3
Parameters: 1 0.000490585 0.000291292 -0.000489498 0.999997 -0.00241414 -0.000292711 0.00241386 0.999997 0.0141167 0.103125 0.089102
FixedParameters: 0 0 0

#Transform 55
Transform: AffineTransform_float_3_3
Parameters: 1 0.00028932 0.000296308 -0.000288458 0.999998 -0.00199909 -0.000296517 0.00199891 0.999998 -0.00543566 0.0908294 0.128744
FixedParameters: 0 0 0

#Transform 56
Transform: AffineTransform_float_3_3
Parameters: 1 0.000306229 0.000190129 -0.000305466 0.999998 -0.00199906 -0.000191351 0.00199894 0.999998 0.0110298 0.0959063 0.111431
FixedParameters: 0 0 0

#Transform 57
Transform: AffineTransform_float_3_3
Parameters: 1 -0.00026783 -4.01713e-06 0.000268136 0.999998 -0.001999 4.14187e-06 0.001999 0.999998 0.00610625 0.047228 0.0947722
FixedParameters: 0 0 0

#Transform 58
Transform: AffineTransform_float_3_3
Parameters: 1 0.00014471 -4.39558e-05 -0.000144884 0.999998 -0.00199899 4.33769e-05 0.00199901 0.999998 0.013019 0.116316 0.122458
FixedParameters: 0 0 0

#Transform 59
Transform: AffineTransform_float_3_3
Parameters: 1 0.000225687 0.000178649 -0.000225201 0.999998 -0.00226104 -0.000178722 0.00226096 0.999998 0.0243142 0.112271 0.121971
FixedParameters: 0 0 0

#Transform 60
Transform: AffineTransform_float_3_3
Parameters: 1 -5.97506e-05 7.05823e-05 6.03753e-05 0.999997 -0.00213199 -7.12729e-05 0.002132 0.999997 0.0100895 0.109035 0.105339
FixedParameters: 0 0 0

#Transform 61
Transform: AffineTransform_float_3_3
Parameters: 1 0.000231039 0.000109714 -0.000230847 0.999997 -0.00234303 -0.00010985 0.00234298 0.999997 0.0111769 0.0958347 0.117679
FixedParameters: 0 0 0

#Transform 62
Transform: AffineTransform_float_3_3
Parameters: 1 0.000302103 0.000133696 -0.000301779 0.999997 -0.00241304 -0.000134207 0.00241296 0.999997 0.0252432 0.096162 0.119071
FixedParameters: 0 0 0

#Transform 63
Transform: AffineTransform_float_3_3
Parameters: 1 -0.000226557 -4.48675e-05 0.000226343 0.999997 -0.00234801 4.5931e-05 0.00234799 0.999997 0.0226555 0.0964972 0.10711
FixedParameters: 0 0 0

#Transform 64
Transform: AffineTransform_float_3_3
Parameters: 1 0.000205289 6.72045e-05 -0.000204951 0.999997 -0.00249301 -6.82272e-05 0.00249299 0.999997 0.0116292 0.0961427 0.12038
FixedParameters: 0 0 0

#Transform 65
Transform: AffineTransform_float_3_3
Parameters: 1 -0.000477678 4.56531e-05 0.000478237 0.999997 -0.00264198 -4.40742e-05 0.00264202 0.999997 0.0235108 0.0921302 0.0983782
FixedParameters: 0 0 0

#Transform 66
Transform: AffineTransform_float_3_3
Parameters: 1 -0.000477669 4.57457e-05 0.000478245 0.999996 -0.00283598 -4.39814e-05 0.00283602 0.999996 0.0119053 0.0956449 0.103144
FixedParameters: 0 0 0

#Transform 67
Transform: AffineTransform_float_3_3
Parameters: 1 -0.000477666 4.57715e-05 0.000478248 0.999995 -0.00288998 -4.39556e-05 0.00289002 0.999996 0.0192742 0.0867648 0.118554
FixedParameters: 0 0 0

#Transform 68
Transform: AffineTransform_float_3_3
Parameters: 0.999999 -0.000602877 0.000417286 0.000604746 0.999996 -0.00299675 -0.000414936 0.00299725 0.999996 0.00626421 0.0974207 0.107732
FixedParameters: 0 0 0

#Transform 69
Transform: AffineTransform_float_3_3
Parameters: 1 -0.000477665 4.57791e-05 0.000478248 0.999995 -0.00290598 -4.39479e-05 0.00290602 0.999996 0.0176907 0.0970829 0.104957
FixedParameters: 0 0 0

#Transform 70
Transform: AffineTransform_float_3_3
Parameters: 1 -0.000477657 4.58656e-05 0.000478256 0.999995 -0.00308698 -4.38614e-05 0.00308702 0.999995 0.0222699 0.112152 0.113452
FixedParameters: 0 0 0

#Transform 71
Transform: AffineTransform_float_3_3
Parameters: 1 -0.000243555 0.000312598 0.000244574 0.999995 -0.00314892 -0.000311384 0.00314908 0.999995 0.00778496 0.112868 0.147582
FixedParameters: 0 0 0

#Transform 72
Transform: AffineTransform_float_3_3
Parameters: 1 -0.000288274 0.000329147 0.000289567 0.999995 -0.0029139 -0.000328732 0.00291409 0.999995 0.00967725 0.100412 0.139068
FixedParameters: 0 0 0

#Transform 73
Transform: AffineTransform_float_3_3
Parameters: 1 9.2139e-05 0.000412059 -9.10875e-05 0.999996 -0.00281604 -0.00041195 0.00281596 0.999996 -0.00997856 0.0875684 0.17858
FixedParameters: 0 0 0

#Transform 74
Transform: AffineTransform_float_3_3
Parameters: 1 -5.84556e-05 0.00054593 5.98191e-05 0.999995 -0.00298227 -0.000546222 0.00298173 0.999996 0.000640776 0.101157 0.165112
FixedParameters: 0 0 0

#Transform 75
Transform: AffineTransform_float_3_3
Parameters: 0.999999 -0.00069533 0.000692274 0.000698584 0.999994 -0.00325682 -0.000690272 0.00325718 0.999995 -0.000853282 0.107463 0.173196
FixedParameters: 0 0 0

#Transform 76
Transform: AffineTransform_float_3_3
Parameters: 0.999999 -0.000624324 0.00071615 0.000626648 0.999995 -0.00315755 -0.00071506 0.00315845 0.999995 0.00158727 0.118425 0.160915
FixedParameters: 0 0 0

#Transform 77
Transform: AffineTransform_float_3_3
Parameters: 1 -0.000577086 0.000995891 0.000580995 0.999995 -0.00322962 -0.000994064 0.00322937 0.999994 -0.0134053 0.12257 0.177318
FixedParameters: 0 0 0

#Transform 78
Transform: AffineTransform_float_3_3
Parameters: 0.999999 -0.000695472 0.000692131 0.000698443 0.999995 -0.00305152 -0.000690415 0.00305248 0.999995 -0.00828149 0.126374 0.163032
FixedParameters: 0 0 0

#Transform 79
Transform: AffineTransform_float_3_3
Parameters: 0.999999 -0.00069526 0.000692345 0.00069771 0.999995 -0.00335942 -0.000690525 0.00335959 0.999994 -0.00828329 0.121961 0.153055
FixedParameters: 0 0 0

#Transform 80
Transform: AffineTransform_float_3_3
Parameters: 0.999999 -0.000695586 0.000692018 0.00069833 0.999996 -0.00288872 -0.000690529 0.00288828 0.999996 -0.00829375 0.109903 0.125714
FixedParameters: 0 0 0

#Transform 81
Transform: AffineTransform_float_3_3
Parameters: 1 -0.000536101 0.000802948 0.000539196 0.999994 -0.00349887 -0.000801099 0.00349913 0.999994 -0.0097699 0.127331 0.143011
FixedParameters: 0 0 0

#Transform 82
Transform: AffineTransform_float_3_3
Parameters: 0.999999 -0.000533204 0.000746904 0.000535688 0.999994 -0.0033516 -0.000745235 0.0033524 0.999994 -0.00527137 0.127714 0.140338
FixedParameters: 0 0 0

#Transform 83
Transform: AffineTransform_float_3_3
Parameters: 0.999999 -0.000453474 0.000773778 0.000456381 0.999993 -0.00350765 -0.0007725 0.00350835 0.999993 -0.0168901 0.138569 0.14694
FixedParameters: 0 0 0

#Transform 84
Transform: AffineTransform_float_3_3
Parameters: 0.999999 -0.000837315 0.00111522 0.000842169 0.999994 -0.00358896 -0.00111238 0.00359004 0.999993 -0.0240639 0.140894 0.134467
FixedParameters: 0 0 0

#Transform 85
Transform: AffineTransform_float_3_3
Parameters: 0.999999 -0.000793628 0.000986581 0.000797871 0.999992 -0.00391322 -0.000982587 0.00391478 0.999992 -0.0191735 0.14497 0.135614
FixedParameters: 0 0 0

#Transform 86
Transform: AffineTransform_float_3_3
Parameters: 0.999999 -0.0008416 0.00112981 0.000846603 0.999991 -0.00402835 -0.00112651 0.00402965 0.999991 -0.00979236 0.148072 0.13913
FixedParameters: 0 0 0

#Transform 87
Transform: AffineTransform_float_3_3
Parameters: 0.999999 -0.000714883 0.0011723 0.000719623 0.999993 -0.00376836 -0.0011704 0.00376864 0.999992 -0.022218 0.144037 0.123393
FixedParameters: 0 0 0

#Transform 88
Transform: AffineTransform_float_3_3
Parameters: 0.999999 -0.000841517 0.00112987 0.000846686 0.999991 -0.00410205 -0.00112645 0.00410395 0.999991 -0.00790665 0.14482 0.13554
FixedParameters: 0 0 0

#Transform 89
Transform: AffineTransform_float_3_3
Parameters: 0.999999 -0.0010786 0.00105018 0.00108325 0.999991 -0.00401507 -0.00104595 0.00401593 0.999991 -0.0180937 0.148116 0.135797
FixedParameters: 0 0 0

#Transform 90
Transform: AffineTransform_float_3_3
Parameters: 0.999999 -0.000880789 0.00124639 0.00088669 0.999991 -0.0040122 -0.0012428 0.00401379 0.999991 -0.00923272 0.154291 0.119496
FixedParameters: 0 0 0

#Transform 91
Transform: AffineTransform_float_3_3
Parameters: 0.999999 -0.00078939 0.00114738 0.000794682 0.999991 -0.00409239 -0.0011444 0.0040936 0.999991 -0.00950456 0.17932 0.147538
FixedParameters: 0 0 0

#Transform 92
Transform: AffineTransform_float_3_3
Parameters: 0.999999 -0.000879292 0.00124276 0.000884665 0.999991 -0.00419311 -0.00123919 0.00419389 0.99999 -0.0173188 0.152479 0.144167
FixedParameters: 0 0 0

#Transform 93
Transform: AffineTransform_float_3_3
Parameters: 0.999999 -0.000841672 0.00112976 0.000846532 0.999992 -0.00396535 -0.00112657 0.00396665 0.999992 -0.00957355 0.148908 0.129817
FixedParameters: 0 0 0

#Transform 94
Transform: AffineTransform_float_3_3
Parameters: 0.999999 -0.000635844 0.00140885 0.00064133 0.999992 -0.00396641 -0.00140572 0.00396759 0.999991 -0.00946736 0.149218 0.131054
FixedParameters: 0 0 0

#Transform 95
Transform: AffineTransform_float_3_3
Parameters: 0.999999 -0.000870472 0.00121615 0.000876382 0.999991 -0.00411594 -0.00121246 0.00411806 0.999991 -0.0132151 0.155056 0.150534
FixedParameters: 0 0 0

#Transform 96
Transform: AffineTransform_float_3_3
Parameters: 0.999999 -0.000876802 0.00123514 0.000881998 0.999991 -0.00414722 -0.00123167 0.00414878 0.999991 -0.028508 0.15979 0.158877
FixedParameters: 0 0 0

#Transform 97
Transform: AffineTransform_float_3_3
Parameters: 0.999999 -0.000791252 0.00114676 0.000796607 0.999991 -0.00412209 -0.00114372 0.00412391 0.999991 -0.0137849 0.164727 0.159298
FixedParameters: 0 0 0

#Transform 98
Transform: AffineTransform_float_3_3
Parameters: 0.999999 -0.000872269 0.00122192 0.000877509 0.999991 -0.00421013 -0.00121838 0.00421087 0.99999 -0.0108232 0.165784 0.163435
FixedParameters: 0 0 0

#Transform 99
Transform: AffineTransform_float_3_3
Parameters: 0.999999 -0.00052183 0.00123726 0.000528011 0.99999 -0.00428365 -0.00123532 0.00428434 0.99999 -0.00170254 0.156048 0.14638
FixedParameters: 0 0 0

#Transform 100
Transform: AffineTransform_float_3_3
Parameters: 0.999999 -0.000861807 0.00119061 0.000867647 0.999991 -0.00417617 -0.00118689 0.00417683 0.999991 -0.0102501 0.152213 0.143236
FixedParameters: 0 0 0

#Transform 101
Transform: AffineTransform_float_3_3
Parameters: 0.999999 -0.000878159 0.00124004 0.000883861 0.99999 -0.00433521 -0.00123623 0.00433678 0.99999 -0.0126533 0.15662 0.147819
FixedParameters: 0 0 0

#Transform 102
Transform: AffineTransform_float_3_3
Parameters: 0.999999 -0.000604748 0.00165984 0.00061112 0.999991 -0.0042033 -0.0016573 0.0042047 0.999989 -0.0101944 0.148212 0.160398
FixedParameters: 0 0 0

#Transform 103
Transform: AffineTransform_float_3_3
Parameters: 0.999998 -0.000917792 0.00135748 0.000924152 0.999991 -0.00420295 -0.00135356 0.00420405 0.99999 -0.0100372 0.152838 0.144343
FixedParameters: 0 0 0

#Transform 104
Transform: AffineTransform_float_3_3
Parameters: 0.999999 -0.000723377 0.00133728 0.000729031 0.999992 -0.00412134 -0.00133418 0.00412267 0.999991 -0.00434255 0.150948 0.142035
FixedParameters: 0 0 0

#Transform 105
Transform: AffineTransform_float_3_3
Parameters: 0.999999 -0.0006844 0.00135039 0.000690383 0.999991 -0.00420327 -0.00134749 0.00420373 0.99999 0.00173582 0.153318 0.144377
FixedParameters: 0 0 0

#Transform 106
Transform: AffineTransform_float_3_3
Parameters: 0.999999 -0.000756817 0.00132599 0.000761856 0.999992 -0.0039243 -0.00132291 0.0039257 0.999992 0.00740653 0.147789 0.150737
FixedParameters: 0 0 0

#Transform 107
Transform: AffineTransform_float_3_3
Parameters: 0.999999 -0.000735592 0.00133321 0.000741429 0.999991 -0.00420322 -0.00132988 0.00420378 0.99999 0.00121731 0.150055 0.153593
FixedParameters: 0 0 0

#Transform 108
Transform: AffineTransform_float_3_3
Parameters: 0.999999 -0.000892011 0.00128069 0.000897727 0.999991 -0.00420306 -0.00127699 0.00420394 0.99999 0.00599737 0.150986 0.149616
FixedParameters: 0 0 0

#Transform 109
Transform: AffineTransform_float_3_3
Parameters: 0.999999 -0.00085891 0.0011821 0.000864743 0.999991 -0.00420318 -0.00117836 0.00420382 0.999991 0.00994992 0.141391 0.177585
FixedParameters: 0 0 0

#Transform 110
Transform: AffineTransform_float_3_3
Parameters: 0.999999 -0.000891754 0.00128087 0.000897984 0.99999 -0.00440406 -0.00127681 0.00440494 0.99999 -0.00574695 0.167581 0.172788
FixedParameters: 0 0 0

#Transform 111
Transform: AffineTransform_float_3_3
Parameters: 0.999999 -0.000790144 0.001315 0.000796065 0.999989 -0.00453026 -0.00131197 0.00453173 0.999989 -0.0027284 0.164434 0.147185
FixedParameters: 0 0 0

#Transform 112
Transform: AffineTransform_float_3_3
Parameters: 0.999999 -0.00089142 0.0012811 0.000897369 0.999989 -0.00466316 -0.00127691 0.00466484 0.999989 0.00367904 0.168797 0.0914005
FixedParameters: 0 0 0

#Transform 113
Transform: AffineTransform_float_3_3
Parameters: 0.999999 -0.00089142 0.0012811 0.000897369 0.999989 -0.00466316 -0.00127691 0.00466484 0.999989 0.00852533 0.160912 0.110359
FixedParameters: 0 0 0

#Transform 114
Transform: AffineTransform_float_3_3
Parameters: 0.999999 -0.00095531 0.00147168 0.000962086 0.999989 -0.00466279 -0.00146721 0.00466421 0.999988 -0.000274564 0.162376 0.111362
FixedParameters: 0 0 0

#Transform 115
Transform: AffineTransform_float_3_3
Parameters: 0.999999 -0.00089142 0.0012811 0.000897369 0.999989 -0.00466316 -0.00127691 0.00466484 0.999989 0.00081867 0.155845 0.12273
FixedParameters: 0 0 0

#Transform 116
Transform: AffineTransform_float_3_3
Parameters: 0.999998 -0.000911659 0.00134069 0.000917737 0.999989 -0.00450397 -0.00133659 0.00450502 0.999989 0.00174601 0.175094 0.112422
FixedParameters: 0 0 0

#Transform 117
Transform: AffineTransform_float_3_3
Parameters: 0.999999 -0.000891149 0.00128129 0.000897641 0.999988 -0.00487606 -0.00127671 0.00487694 0.999987 -0.00353399 0.177505 0.146055
FixedParameters: 0 0 0

#Transform 118
Transform: AffineTransform_float_3_3
Parameters: 0.999997 -0.00107496 0.00183263 0.00108484 0.999985 -0.00527853 -0.00182761 0.00528047 0.999984 -0.0215145 0.200722 0.159368
FixedParameters: 0 0 0

#Transform 119
Transform: AffineTransform_float_3_3
Parameters: 0.999999 -0.00089131 0.00128118 0.00089748 0.999988 -0.00475005 -0.00127683 0.00475094 0.999987 -0.000307935 0.189717 0.147628
FixedParameters: 0 0 0

#Transform 120
Transform: AffineTransform_float_3_3
Parameters: 0.999999 -0.000975526 0.00153359 0.000983762 0.999987 -0.004952 -0.00152836 0.00495299 0.999987 -0.00199544 0.175486 0.16037
FixedParameters: 0 0 0

#Transform 121
Transform: AffineTransform_float_3_3
Parameters: 0.999999 -0.000964796 0.00150015 0.000971936 0.999989 -0.00469606 -0.00149553 0.00469695 0.999988 -0.00979435 0.172501 0.140906
FixedParameters: 0 0 0

#Transform 122
Transform: AffineTransform_float_3_3
Parameters: 0.999998 -0.000874842 0.00141745 0.000882166 0.999989 -0.00469996 -0.00141334 0.00470104 0.999987 -0.00609812 0.177221 0.141755
FixedParameters: 0 0 0

#Transform 123
Transform: AffineTransform_float_3_3
Parameters: 0.999997 -0.00109142 0.00187857 0.00110059 0.999988 -0.00479345 -0.00187318 0.00479555 0.999987 -0.0134358 0.18816 0.142926
FixedParameters: 0 0 0

#Transform 124
Transform: AffineTransform_float_3_3
Parameters: 0.999998 -0.00103821 0.00172032 0.00104743 0.999988 -0.00488271 -0.00171587 0.00488429 0.999987 -0.0033213 0.175362 0.123809
FixedParameters: 0 0 0

#Transform 125
Transform: AffineTransform_float_3_3
Parameters: 0.999998 -0.00114192 0.00203047 0.00115259 0.999987 -0.00495848 -0.00202548 0.00496051 0.999986 -0.0118979 0.164692 0.123117
FixedParameters: 0 0 0

#Transform 126
Transform: AffineTransform_float_3_3
Parameters: 0.999998 -0.0011385 0.00175009 0.00114768 0.999987 -0.00505751 -0.00174459 0.00505949 0.999986 0.00989983 0.16389 0.108076
FixedParameters: 0 0 0

#Transform 127
Transform: AffineTransform_float_3_3
Parameters: 0.999997 -0.00115399 0.00206538 0.00116404 0.999988 -0.00480312 -0.00205968 0.00480588 0.999986 0.000348857 0.168447 0.0980417
FixedParameters: 0 0 0

#Transform 128
Transform: AffineTransform_float_3_3
Parameters: 0.999997 -0.00117941 0.00214123 0.00119019 0.999988 -0.00480297 -0.00213528 0.00480603 0.999986 -0.0026143 0.168062 0.0968786
FixedParameters: 0 0 0

#Transform 129
Transform: AffineTransform_float_3_3
Parameters: 0.999996 -0.001221 0.00226658 0.00123305 0.999987 -0.00495603 -0.00226112 0.00495896 0.999985 0.00445565 0.168258 0.107012
FixedParameters: 0 0 0

#Transform 130
Transform: AffineTransform_float_3_3
Parameters: 0.999997 -0.00115214 0.00206078 0.00116266 0.999987 -0.00492843 -0.00205481 0.00493057 0.999986 0.00875671 0.171661 0.103787
FixedParameters: 0 0 0

#Transform 131
Transform: AffineTransform_float_3_3
Parameters: 0.999997 -0.00123437 0.00205319 0.00124447 0.999988 -0.00476597 -0.00204775 0.00476904 0.999987 0.00214988 0.16202 0.0852926
FixedParameters: 0 0 0

#Transform 132
Transform: AffineTransform_float_3_3
Parameters: 0.999997 -0.00128701 0.00212316 0.00129707 0.999987 -0.00489997 -0.00211626 0.00490203 0.999986 -0.00120767 0.163122 0.114185
FixedParameters: 0 0 0

#Transform 133
Transform: AffineTransform_float_3_3
Parameters: 0.999997 -0.00120668 0.00222168 0.0012177 0.999988 -0.00468312 -0.00221576 0.00468588 0.999987 -0.00782046 0.172898 0.138712
FixedParameters: 0 0 0

#Transform 134
Transform: AffineTransform_float_3_3
Parameters: 0.999997 -0.0010842 0.00185444 0.00109264 0.99999 -0.00440349 -0.00184965 0.00440551 0.999989 0.0119772 0.18857 0.149681
FixedParameters: 0 0 0

#Transform 135
Transform: AffineTransform_float_3_3
Parameters: 0.999994 -0.00225752 0.00282176 0.00225632 0.999998 0.000217258 -0.00282273 -0.000210739 0.999996 -0.00419079 0.19167 0.196027
FixedParameters: 0 0 0

#Transform 136
Transform: AffineTransform_float_3_3
Parameters: 0.999993 -0.00192227 0.00325886 0.00191977 0.999998 0.000677743 -0.00326081 -0.000671256 0.999994 -0.0226499 0.215488 0.19364
FixedParameters: 0 0 0

#Transform 137
Transform: AffineTransform_float_3_3
Parameters: 0.999996 -0.00184078 0.00220991 0.00184083 0.999999 -0.000224537 -0.0022094 0.000228464 0.999998 -0.0166836 0.247795 0.170595
FixedParameters: 0 0 0

#Transform 138
Transform: AffineTransform_float_3_3
Parameters: 0.999996 -0.00184022 0.00221038 0.0018414 0.999999 -0.000479536 -0.00220893 0.000483464 0.999998 -0.0174447 0.23485 0.176932
FixedParameters: 0 0 0

#Transform 139
Transform: AffineTransform_float_3_3
Parameters: 0.999996 -0.00165282 0.00227441 0.00165518 0.999998 -0.000861947 -0.00227315 0.000866053 0.999997 -0.0317844 0.254213 0.229588
FixedParameters: 0 0 0

#Transform 140
Transform: AffineTransform_float_3_3
Parameters: 0.999996 -0.0016643 0.00227047 0.00166642 0.999998 -0.000810927 -0.00226935 0.000815073 0.999997 -0.0319321 0.241906 0.246919
FixedParameters: 0 0 0

#Transform 141
Transform: AffineTransform_float_3_3
Parameters: 0.999998 -0.000834972 0.00194911 0.000837122 0.999999 -0.00127988 -0.00194794 0.00128112 0.999997 -0.0262856 0.275874 0.232041
FixedParameters: 0 0 0

#Transform 142
Transform: AffineTransform_float_3_3
Parameters: 0.999997 -0.000948697 0.00228326 0.000950916 0.999999 -0.00110675 -0.00228213 0.00110925 0.999997 -0.0301065 0.271755 0.223736
FixedParameters: 0 0 0

#Transform 143
Transform: AffineTransform_float_3_3
Parameters: 0.999997 -0.0013596 0.00209891 0.00135924 0.999999 -0.000138855 -0.00209885 0.000141147 0.999998 -0.0288522 0.234094 0.233725
FixedParameters: 0 0 0

#Transform 144
Transform: AffineTransform_float_3_3
Parameters: 0.999998 -0.00131086 0.00163791 0.00131072 0.999999 4.37445e-05 -0.00163802 -4.22553e-05 0.999998 -0.0204873 0.25043 0.223489
FixedParameters: 0 0 0

#Transform 145
Transform: AffineTransform_float_3_3
Parameters: 0.999998 -0.00161225 0.00169164 0.00161213 0.999998 3.73248e-05 -0.00169176 -3.4675e-05 0.999998 -0.0184354 0.231592 0.210635
FixedParameters: 0 0 0

#Transform 146
Transform: AffineTransform_float_3_3
Parameters: 0.999997 -0.00147323 0.0015453 0.00147384 0.999999 -0.000703822 -0.00154482 0.00070618 0.999998 -0.0154446 0.253939 0.226816
FixedParameters: 0 0 0

#Transform 147
Transform: AffineTransform_float_3_3
Parameters: 0.999997 -0.00146016 0.00157645 0.00146075 0.999999 0.000114901 -0.00157646 -0.000113101 0.999999 -0.0170448 0.261537 0.222458
FixedParameters: 0 0 0

#Transform 148
Transform: AffineTransform_float_3_3
Parameters: 0.999997 -0.00163711 0.00168362 0.00163744 0.999999 -0.000379342 -0.0016827 0.000382658 0.999998 -0.0145743 0.245234 0.215729
FixedParameters: 0 0 0

#Transform 149
Transform: AffineTransform_float_3_3
Parameters: 0.999998 -0.00164351 0.00164342 0.00164381 0.999999 -0.000379397 -0.00164249 0.000382603 0.999998 -0.0155416 0.241729 0.22861
FixedParameters: 0 0 0

#Transform 150
Transform: AffineTransform_float_3_3
Parameters: 0.999996 -0.00177017 0.00209848 0.00177182 0.999998 -0.000990889 -0.00209688 0.000994112 0.999997 -0.0391976 0.255738 0.232191
FixedParameters: 0 0 0

#Transform 151
Transform: AffineTransform_float_3_3
Parameters: 0.999997 -0.00166955 0.00188863 0.00167149 0.999998 -0.000928249 -0.00188711 0.000931751 0.999998 -0.0283565 0.219747 0.273052
FixedParameters: 0 0 0
