#Insight Transform File V1.0
#Transform 0
Transform: AffineTransform_float_3_3
Parameters: 1 -0.000945629 -0.000163167 0.000946371 0.999997 0.00229085 0.000160832 -0.00229115 0.999998 0.00261321 -0.0896968 0.038182
FixedParameters: 0 0 0

#Transform 1
Transform: AffineTransform_float_3_3
Parameters: 0.999999 -0.000950997 -1.85255e-06 0.000951001 0.999997 0.001948 1.47448e-07 -0.001948 0.999998 -0.000593257 -0.0717591 0.0277658
FixedParameters: 0 0 0

#Transform 2
Transform: AffineTransform_float_3_3
Parameters: 0.999999 -0.000545715 -0.000587197 0.000547284 0.999997 0.00218968 0.000585803 -0.00219032 0.999998 0.000920132 -0.0679815 0.026542
FixedParameters: 0 0 0

#Transform 3
Transform: AffineTransform_float_3_3
Parameters: 0.999999 -0.000689927 -0.000490512 0.000691071 0.999998 0.00218966 0.000488488 -0.00219034 0.999998 0.00141018 -0.0851618 0.0269243
FixedParameters: 0 0 0

#Transform 4
Transform: AffineTransform_float_3_3
Parameters: 0.999999 -0.000731157 -0.000385602 0.000731841 0.999998 0.00218972 0.000383398 -0.00219028 0.999997 0.00167085 -0.0847375 0.0134917
FixedParameters: 0 0 0

#Transform 5
Transform: AffineTransform_float_3_3
Parameters: 0.999999 -0.000752999 -1.57151e-06 0.000753003 0.999998 0.002087 4.28483e-07 -0.002087 0.999998 0.00219826 -0.0860036 0.0282521
FixedParameters: 0 0 0

#Transform 6
Transform: AffineTransform_float_3_3
Parameters: 1 -0.000547 -5.49188e-07 0.000547001 1 0.001004 4.50811e-07 -0.001004 0.999999 0.0172683 -0.0910152 0.0801599
FixedParameters: 0 0 0

#Transform 7
Transform: AffineTransform_float_3_3
Parameters: 1 -0.000227967 -0.000412018 0.000228032 1 7.8906e-05 0.000411982 -7.90939e-05 1 0.0153508 -0.0694377 0.0485203
FixedParameters: 0 0 0

#Transform 8
Transform: AffineTransform_float_3_3
Parameters: 1 -0.000546799 -0.000412266 0.0005472 0.999999 0.000485774 0.000412734 -0.000486226 1 -0.00115704 -0.072252 0.0414151
FixedParameters: 0 0 0

#Transform 9
Transform: AffineTransform_float_3_3
Parameters: 1 -0.000547003 7.76752e-06 0.000546996 1 0.000425004 -8.23247e-06 -0.000424995 1 0.0151984 -0.0649606 0.04848
FixedParameters: 0 0 0

#Transform 10
Transform: AffineTransform_float_3_3
Parameters: 1 -0.000721517 -0.000855408 0.000722482 0.999999 0.000563382 0.000854593 -0.000564617 1 -0.00588246 0.00902602 0.00401938
FixedParameters: 0 0 0

#Transform 11
Transform: AffineTransform_float_3_3
Parameters: 1 -0.000453939 -0.0001382 0.000454061 1 0.000439937 0.0001378 -0.000440062 1 -0.00591356 0.00451769 0.0326752
FixedParameters: 0 0 0

#Transform 12
Transform: AffineTransform_float_3_3
Parameters: 1 -0.000547074 6.43775e-05 0.000546927 0.999999 0.00113804 -6.46224e-05 -0.00113797 1 -0.00541861 -0.00643301 0.0518077
FixedParameters: 0 0 0

#Transform 13
Transform: AffineTransform_float_3_3
Parameters: 0.999999 -0.00073321 0.000191194 0.00073279 0.999999 0.00109914 -0.000191805 -0.00109886 1 -0.00471276 -0.0112764 0.0337033
FixedParameters: 0 0 0

#Transform 14
Transform: AffineTransform_float_3_3
Parameters: 1 -0.000547365 0.000434541 0.000547634 0.999999 0.000839237 -0.00043546 -0.000839761 0.999999 -0.00500165 -0.0113148 0.0107142
FixedParameters: 0 0 0

#Transform 15
Transform: AffineTransform_float_3_3
Parameters: 1 -0.000547024 0.000106879 0.000546976 1 0.000222058 -0.000107121 -0.000221941 1 -0.00534028 -0.00729979 0.0208467
FixedParameters: 0 0 0

#Transform 16
Transform: AffineTransform_float_3_3
Parameters: 1 -0.000546975 0.000198067 0.000547024 1 -0.000122892 -0.000197933 0.000123108 1 0.000676039 -0.00651446 0.0352306
FixedParameters: 0 0 0

#Transform 17
Transform: AffineTransform_float_3_3
Parameters: 0.999999 -0.000796922 -0.000250248 0.000797077 0.999999 0.000310801 0.000249752 -0.000311199 1 -0.0050348 -0.00969748 9.72572e-05
FixedParameters: 0 0 0

#Transform 18
Transform: AffineTransform_float_3_3
Parameters: 1 -0.00054697 -3.44841e-05 0.00054703 1 0.000884981 3.35159e-05 -0.000885019 0.999999 -0.00552647 -0.0314408 0.00479914
FixedParameters: 0 0 0

#Transform 19
Transform: AffineTransform_float_3_3
Parameters: 0.999999 -0.000546803 -0.000531202 0.000547196 1 0.000369709 0.000530797 -0.00037029 1 -0.0028125 0.0248994 -0.00681121
FixedParameters: 0 0 0

#Transform 20
Transform: AffineTransform_float_3_3
Parameters: 1 0.000243826 -0.00053108 -0.000244174 1 -0.00032687 0.00053092 0.000327129 1 -0.00842284 -0.00862078 -0.000504292
FixedParameters: 0 0 0

#Transform 21
Transform: AffineTransform_float_3_3
Parameters: 0.999999 -0.000728943 -0.000531078 0.000729056 0.999999 0.000106613 0.000530922 -0.000106387 1 0.00890139 -0.0113739 0.000747432
FixedParameters: 0 0 0

#Transform 22
Transform: AffineTransform_float_3_3
Parameters: 1 0.000165756 0.000304133 -0.000166243 0.999999 0.000800949 -0.000303867 -0.00080105 0.999999 -0.00720298 -0.0439728 0.0898649
FixedParameters: 0 0 0

#Transform 23
Transform: AffineTransform_float_3_3
Parameters: 1 7.88327e-05 0.000462028 -7.91672e-05 1 0.000361963 -0.000461971 -0.000362036 1 -0.00404399 -0.0275563 0.0577698
FixedParameters: 0 0 0

#Transform 24
Transform: AffineTransform_float_3_3
Parameters: 1 8.50242e-05 0.000537996 -8.49758e-05 1 -4.50457e-05 -0.000538004 4.49543e-05 1 -0.00672738 -0.0404995 0.0567993
FixedParameters: 0 0 0

#Transform 25
Transform: AffineTransform_float_3_3
Parameters: 0.999999 0.000728029 -7.47168e-05 -0.000727971 0.999999 0.000389054 7.42831e-05 -0.000388946 1 -0.00664137 0.0306604 0.00927608
FixedParameters: 0 0 0

#Transform 26
Transform: AffineTransform_float_3_3
Parameters: 0.999999 0.000801053 0.000162739 -0.000800946 0.999999 -0.00032613 -0.000163262 0.000326869 1 -0.00950061 -0.0010764 -0.0260308
FixedParameters: 0 0 0

#Transform 27
Transform: AffineTransform_float_3_3
Parameters: 0.999999 0.000829149 0.000242492 -0.000828851 1 -0.000612201 -0.000243507 0.000611798 1 -0.0094702 -0.00137571 -0.010524
FixedParameters: 0 0 0

#Transform 28
Transform: AffineTransform_float_3_3
Parameters: 0.999999 0.000728125 0.000301696 -0.000727874 0.999999 -0.00041722 -0.000301303 0.000416781 1 -0.0137608 -0.00147093 0.0142625
FixedParameters: 0 0 0

#Transform 29
Transform: AffineTransform_float_3_3
Parameters: 1 0.000478135 0.000202681 -0.000477864 0.999999 -0.000667097 -0.000203319 0.000666902 1 -0.00842253 0.0168485 0.0217659
FixedParameters: 0 0 0

#Transform 30
Transform: AffineTransform_float_3_3
Parameters: 1 0.000478065 0.000180828 -0.000477935 1 -0.000359086 -0.000181172 0.000358913 1 -0.00850224 0.0438663 -0.0785127
FixedParameters: 0 0 0

#Transform 31
Transform: AffineTransform_float_3_3
Parameters: 1 0.000631854 -0.000313294 -0.000632145 0.999999 -0.000465802 0.000312706 0.000465197 1 -0.00951302 0.0203093 -0.125077
FixedParameters: 0 0 0

#Transform 32
Transform: AffineTransform_float_3_3
Parameters: 1 0.000478004 0.000180989 -0.000477996 1 -2.30865e-05 -0.000181011 2.29135e-05 1 -0.0168558 -0.00674147 -0.0639291
FixedParameters: 0 0 0

#Transform 33
Transform: AffineTransform_float_3_3
Parameters: 1 3.80713e-05 0.000180985 -3.79287e-05 1 -0.000394007 -0.000181015 0.000393993 1 -0.0325184 0.0258722 -0.162242
FixedParameters: 0 0 0

#Transform 34
Transform: AffineTransform_float_3_3
Parameters: 0.999999 -0.000691011 0.0004103 0.000689988 0.999996 0.00246128 -0.000411699 -0.00246072 0.999997 -0.00164243 -0.0546597 0.0506138
FixedParameters: 0 0 0

#Transform 35
Transform: AffineTransform_float_3_3
Parameters: 1 -0.000442366 0.000386441 0.000440635 0.999993 0.00352917 -0.000387557 -0.00352883 0.999993 0.00811824 0.0182773 0.0922614
FixedParameters: 0 0 0

#Transform 36
Transform: AffineTransform_float_3_3
Parameters: 1 0.000214017 0.000639667 -0.000215984 0.999995 0.00310086 -0.000639333 -0.00310114 0.999995 0.00629944 0.02516 0.0140955
FixedParameters: 0 0 0

#Transform 37
Transform: AffineTransform_float_3_3
Parameters: 1 -7.20506e-05 0.000426824 7.09514e-05 0.999997 0.00246103 -0.000426176 -0.00246097 0.999997 0.0123815 0.0234208 -0.0242485
FixedParameters: 0 0 0

#Transform 38
Transform: AffineTransform_float_3_3
Parameters: 1 0.000339786 0.00010569 -0.000340212 0.999998 0.00202896 -0.00010431 -0.00202904 0.999998 0.00535807 0.0301992 -0.0399599
FixedParameters: 0 0 0

#Transform 39
Transform: AffineTransform_float_3_3
Parameters: 1 -0.000311868 -9.84177e-05 0.000312132 0.999999 0.00133897 9.85821e-05 -0.00133903 0.999999 0.0070484 0.0450143 -0.0555976
FixedParameters: 0 0 0

#Transform 40
Transform: AffineTransform_float_3_3
Parameters: 1 -0.000277499 -0.00028449 0.000277502 0.999999 0.00176292 0.000284511 -0.00176308 0.999999 0.00795989 0.0217626 -0.0420372
FixedParameters: 0 0 0

#Transform 41
Transform: AffineTransform_float_3_3
Parameters: 1 -0.000206271 0.000148624 0.000205728 0.999999 0.00182403 -0.000149376 -0.00182397 0.999999 0.0174124 0.0221268 -0.0404615
FixedParameters: 0 0 0

#Transform 42
Transform: AffineTransform_float_3_3
Parameters: 1 -0.0002063 0.000148584 0.000205699 0.999998 0.00201803 -0.000149415 -0.00201797 0.999998 0.0167382 0.00450272 -0.0464502
FixedParameters: 0 0 0

#Transform 43
Transform: AffineTransform_float_3_3
Parameters: 1 -0.00020543 -0.000339345 0.000205569 0.999998 0.00167993 0.000338655 -0.00168007 0.999998 0.0157926 0.0220064 -0.0475202
FixedParameters: 0 0 0

#Transform 44
Transform: AffineTransform_float_3_3
Parameters: 1 -0.000205716 -0.000178328 0.000205284 0.999998 0.00159496 0.000177673 -0.00159504 0.999998 0.0193809 0.0142907 -0.0497199
FixedParameters: 0 0 0

#Transform 45
Transform: AffineTransform_float_3_3
Parameters: 1 -0.000205972 -2.22595e-05 0.000206029 0.999999 0.00126 2.27404e-05 -0.00126001 0.999999 0.0195901 -0.00569614 -0.0425939
FixedParameters: 0 0 0

#Transform 46
Transform: AffineTransform_float_3_3
Parameters: 1 -0.000205772 -0.000202233 0.000205228 1 0.00112896 0.000201768 -0.00112904 1 0.0193417 -0.00596104 -0.0566909
FixedParameters: 0 0 0

#Transform 47
Transform: AffineTransform_float_3_3
Parameters: 0.999999 -0.000205505 -0.000704144 0.000205495 0.999999 0.000702855 0.000703855 -0.000703144 0.999999 0.0056383 -0.0274209 -0.0918303
FixedParameters: 0 0 0

#Transform 48
Transform: AffineTransform_float_3_3
Parameters: 1 -0.000205814 -0.000302127 0.000206186 1 0.000616937 0.000301873 -0.000617062 1 0.0020286 -0.0494896 -0.0907414
FixedParameters: 0 0 0

#Transform 49
Transform: AffineTransform_float_3_3
Parameters: 0.999999 0.000269969 -0.000685012 -0.000270031 1 -4.5815e-05 0.000684987 4.51849e-05 1 -0.0020751 -0.0261727 -0.0816996
FixedParameters: 0 0 0

#Transform 50
Transform: AffineTransform_float_3_3
Parameters: 0.999999 0.000371394 -0.000752805 -0.000370605 1 0.000524279 0.000753194 -0.00052372 0.999999 -0.00251605 -0.0376775 -0.0762617
FixedParameters: 0 0 0

#Transform 51
Transform: AffineTransform_float_3_3
Parameters: 0.999999 7.55082e-05 -0.000752949 -7.54916e-05 1 0.000675057 0.000753051 -0.000674944 1 -0.00157736 -0.0259666 -0.0558877
FixedParameters: 0 0 0

#Transform 52
Transform: AffineTransform_float_3_3
Parameters: 0.999999 0.000189465 -0.000688872 -0.000189535 1 0.00067513 0.000689128 -0.000674869 0.999999 -0.00180514 -0.0247816 -0.0769805
FixedParameters: 0 0 0

#Transform 53
Transform: AffineTransform_float_3_3
Parameters: 0.999999 -0.000204932 -0.000753291 0.000206067 0.999999 0.00141784 0.000752708 -0.00141815 0.999998 0.0010733 -0.0348238 -0.0599294
FixedParameters: 0 0 0

#Transform 54
Transform: AffineTransform_float_3_3
Parameters: 0.999999 0.000525957 -0.000751634 -0.000524045 0.999997 0.0026014 0.000752366 -0.00260161 0.999997 -0.00657793 0.0394461 0.016734
FixedParameters: 0 0 0

#Transform 55
Transform: AffineTransform_float_3_3
Parameters: 1 0.000560796 0.00034397 -0.000562204 0.999993 0.00350981 -0.000342029 -0.00351019 0.999994 -0.00764797 0.0293368 0.060062
FixedParameters: 0 0 0

#Transform 56
Transform: AffineTransform_float_3_3
Parameters: 1 0.000437563 -0.000156434 -0.000436439 0.999994 0.00358107 0.000157564 -0.00358093 0.999993 -0.0024823 0.030789 0.0585502
FixedParameters: 0 0 0

#Transform 57
Transform: AffineTransform_float_3_3
Parameters: 1 0.00047259 -0.000480441 -0.000470412 0.999995 0.00330423 0.000481557 -0.00330378 0.999995 -0.0148238 0.0213988 0.0132333
FixedParameters: 0 0 0

#Transform 58
Transform: AffineTransform_float_3_3
Parameters: 0.999999 0.000715236 -0.000582485 -0.000713765 0.999998 0.00211942 0.000583513 -0.00211858 0.999997 -0.00615023 0.00211252 -0.0329796
FixedParameters: 0 0 0

#Transform 59
Transform: AffineTransform_float_3_3
Parameters: 0.999999 0.000516064 -0.000583061 -0.000514937 0.999998 0.0018223 0.00058394 -0.0018227 0.999998 -3.81551e-05 -0.0118441 -0.0538435
FixedParameters: 0 0 0

#Transform 60
Transform: AffineTransform_float_3_3
Parameters: 0.999999 0.000254997 -0.000984485 -0.000253002 0.999998 0.00202825 0.000985515 -0.00202775 0.999998 -7.90157e-05 -0.0200419 -0.0391421
FixedParameters: 0 0 0

#Transform 61
Transform: AffineTransform_float_3_3
Parameters: 1 0.00026814 -0.000583477 -0.000266861 0.999998 0.00195316 0.000583522 -0.00195284 0.999998 -0.000438142 -0.0071974 -0.0381503
FixedParameters: 0 0 0

#Transform 62
Transform: AffineTransform_float_3_3
Parameters: 1 0.00038035 -0.0010215 -0.00037865 0.999999 0.00132139 0.0010225 -0.00132061 0.999998 -0.00113291 0.0151564 -0.0707898
FixedParameters: 0 0 0

#Transform 63
Transform: AffineTransform_float_3_3
Parameters: 0.999999 0.000714655 -0.000549149 -0.000713345 0.999999 0.00119139 0.00054985 -0.00119161 0.999999 -0.00176891 -0.0174544 -0.0773597
FixedParameters: 0 0 0

#Transform 64
Transform: AffineTransform_float_3_3
Parameters: 0.999999 0.000524057 -0.000659161 -0.000522943 0.999998 0.00160235 0.000659839 -0.00160265 0.999999 -0.00636169 -0.0175633 -0.0393811
FixedParameters: 0 0 0

#Transform 65
Transform: AffineTransform_float_3_3
Parameters: 0.999999 0.000714663 -0.000556149 -0.000713337 0.999999 0.0011914 0.00055685 -0.0011916 0.999999 0.00344144 0.01956 -0.0403494
FixedParameters: 0 0 0

#Transform 66
Transform: AffineTransform_float_3_3
Parameters: 1 0.000581966 -0.000810308 -0.000581035 0.999999 0.00119147 0.000810693 -0.00119153 0.999999 0.00500003 0.00870853 -0.0739414
FixedParameters: 0 0 0

#Transform 67
Transform: AffineTransform_float_3_3
Parameters: 0.999999 2.42738e-05 -0.000988969 -2.37261e-05 0.999999 0.00128802 0.000989031 -0.00128798 0.999998 0.00936232 -0.0131412 -0.0628164
FixedParameters: 0 0 0

#Transform 68
Transform: AffineTransform_float_3_3
Parameters: 0.999999 2.47213e-05 -0.000734944 -2.32786e-05 0.999998 0.00234202 0.000735056 -0.00234198 0.999997 0.00955105 -0.045084 0.0372992
FixedParameters: 0 0 0

#Transform 69
Transform: AffineTransform_float_3_3
Parameters: 1 2.36478e-05 -0.000671978 -2.33522e-05 0.999999 0.000964016 0.000672023 -0.000963984 1 0.00963458 -0.0465487 0.0399484
FixedParameters: 0 0 0

#Transform 70
Transform: AffineTransform_float_3_3
Parameters: 0.999999 0.000139638 -0.000942906 -0.000139362 1 0.000677132 0.000942094 -0.000676869 1 0.00890981 -0.0566042 -0.00443479
FixedParameters: 0 0 0

#Transform 71
Transform: AffineTransform_float_3_3
Parameters: 0.999998 0.000621736 -0.00147069 -0.000620263 0.999999 0.000500913 0.00147131 -0.000500086 0.999999 -0.0142626 -0.0634275 -0.0576243
FixedParameters: 0 0 0

#Transform 72
Transform: AffineTransform_float_3_3
Parameters: 0.999997 0.00154023 -0.00187417 -0.00153777 0.999998 0.00119089 0.00187583 -0.00118812 0.999998 -0.0437814 -0.0578958 -0.0379917
FixedParameters: 0 0 0

#Transform 73
Transform: AffineTransform_float_3_3
Parameters: 0.999998 0.000954287 -0.00133308 -0.000953712 0.999999 0.000966272 0.00133392 -0.000964728 0.999998 -0.0547446 -0.0646695 -0.0473271
FixedParameters: 0 0 0

#Transform 74
Transform: AffineTransform_float_3_3
Parameters: 0.999998 0.00111707 -0.00152295 -0.00111693 1 4.77011e-05 0.00152305 -4.62987e-05 0.999999 -0.0553999 -0.068004 -0.0818917
FixedParameters: 0 0 0

#Transform 75
Transform: AffineTransform_float_3_3
Parameters: 0.999997 0.0015356 -0.00146451 -0.00153839 0.999998 -0.00163575 0.00146148 0.00163825 0.999997 -0.0605109 -0.0709759 -0.173285
FixedParameters: 0 0 0

#Transform 76
Transform: AffineTransform_float_3_3
Parameters: 0.999996 0.00216344 -0.00174144 -0.00216656 0.999995 -0.00204723 0.00173757 0.00205077 0.999997 -0.0761966 -0.0624135 -0.175251
FixedParameters: 0 0 0

#Transform 77
Transform: AffineTransform_float_3_3
Parameters: 0.999996 0.00233443 -0.0015753 -0.00233857 0.999994 -0.00226832 0.0015697 0.00227167 0.999996 -0.0851474 -0.0622257 -0.14866
FixedParameters: 0 0 0

#Transform 78
Transform: AffineTransform_float_3_3
Parameters: 0.999995 0.00302821 -0.00137835 -0.00303279 0.999991 -0.00275483 0.00137064 0.00275917 0.999996 -0.113832 -0.0349204 -0.0788776
FixedParameters: 0 0 0

#Transform 79
Transform: AffineTransform_float_3_3
Parameters: 0.999995 0.00302807 -0.00142935 -0.00303193 0.999991 -0.00275468 0.00142165 0.00275932 0.999995 -0.1139 -0.045 -0.107094
FixedParameters: 0 0 0

#Transform 80
Transform: AffineTransform_float_3_3
Parameters: 0.999994 0.00261844 -0.00201822 -0.00262455 0.999993 -0.00275372 0.00201077 0.00275928 0.999994 -0.113473 -0.0617699 -0.142198
FixedParameters: 0 0 0

#Transform 81
Transform: AffineTransform_float_3_3
Parameters: 0.999994 0.00273491 -0.00201791 -0.00274009 0.999993 -0.00252148 0.00201109 0.00252751 0.999995 -0.0946262 -0.0612063 -0.132321
FixedParameters: 0 0 0

#Transform 82
Transform: AffineTransform_float_3_3
Parameters: 0.999993 0.00302724 -0.00189662 -0.00303276 0.999992 -0.00251226 0.00188838 0.00251773 0.999995 -0.0946486 -0.0552596 -0.141069
FixedParameters: 0 0 0

#Transform 83
Transform: AffineTransform_float_3_3
Parameters: 0.999993 0.00302669 -0.00211961 -0.00303231 0.999993 -0.00250759 0.00211239 0.00251441 0.999994 -0.104763 -0.060183 -0.148307
FixedParameters: 0 0 0

#Transform 84
Transform: AffineTransform_float_3_3
Parameters: 0.999994 0.00302645 -0.00201935 -0.00303255 0.999991 -0.00275289 0.00201065 0.0027591 0.999994 -0.114615 -0.0604117 -0.142194
FixedParameters: 0 0 0

#Transform 85
Transform: AffineTransform_float_3_3
Parameters: 0.999993 0.00302572 -0.00243183 -0.00303228 0.999992 -0.00258164 0.00242417 0.00258935 0.999993 -0.115044 -0.0602397 -0.143151
FixedParameters: 0 0 0

#Transform 86
Transform: AffineTransform_float_3_3
Parameters: 0.999992 0.00302556 -0.00243203 -0.00303244 0.999992 -0.00264864 0.00242396 0.00265635 0.999993 -0.115126 -0.0603093 -0.143377
FixedParameters: 0 0 0

#Transform 87
Transform: AffineTransform_float_3_3
Parameters: 0.999994 0.00302631 -0.00206735 -0.00303268 0.999991 -0.00275275 0.00205865 0.00275925 0.999994 -0.11467 -0.0768393 -0.157914
FixedParameters: 0 0 0

#Transform 88
Transform: AffineTransform_float_3_3
Parameters: 0.999993 0.00322409 -0.00211006 -0.00322991 0.999991 -0.0028052 0.00210094 0.00281179 0.999994 -0.123258 -0.0459562 -0.159069
FixedParameters: 0 0 0

#Transform 89
Transform: AffineTransform_float_3_3
Parameters: 0.999993 0.00298616 -0.00224146 -0.00299084 0.999993 -0.00215931 0.00223454 0.00216569 0.999995 -0.115048 -0.0967844 -0.0938302
FixedParameters: 0 0 0

#Transform 90
Transform: AffineTransform_float_3_3
Parameters: 0.999995 0.00246593 -0.00187541 -0.00246607 0.999997 -0.000567378 0.0018746 0.000571625 0.999998 -0.0979966 0.0108695 -0.0400473
FixedParameters: 0 0 0

#Transform 91
Transform: AffineTransform_float_3_3
Parameters: 0.999996 0.0018607 -0.001744 -0.0018563 0.999994 0.00269024 0.001749 -0.00268775 0.999995 -0.10621 0.0187864 0.0259278
FixedParameters: 0 0 0

#Transform 92
Transform: AffineTransform_float_3_3
Parameters: 0.999997 0.0020603 -0.00174511 -0.0020567 0.999996 0.0018926 0.00174889 -0.0018894 0.999996 -0.0927881 0.082258 -0.00605665
FixedParameters: 0 0 0

#Transform 93
Transform: AffineTransform_float_3_3
Parameters: 0.999996 0.00217382 -0.00175528 -0.00217018 0.999996 0.00217582 0.00176072 -0.00217118 0.999996 -0.089947 0.0844562 -0.00518716
FixedParameters: 0 0 0

#Transform 94
Transform: AffineTransform_float_3_3
Parameters: 0.999996 0.00200127 -0.00166388 -0.00199673 0.999994 0.00256433 0.00166912 -0.00256067 0.999996 -0.0832393 0.0434902 0.000566984
FixedParameters: 0 0 0

#Transform 95
Transform: AffineTransform_float_3_3
Parameters: 0.999997 0.00184059 -0.00116893 -0.00183741 0.999996 0.00221215 0.00117306 -0.00220985 0.999997 -0.073637 0.0453002 0.0274003
FixedParameters: 0 0 0

#Transform 96
Transform: AffineTransform_float_3_3
Parameters: 0.999997 0.00189706 -0.00110275 -0.00189394 0.999995 0.00277109 0.00110725 -0.00276891 0.999995 -0.0767309 0.0334805 0.0470384
FixedParameters: 0 0 0

#Transform 97
Transform: AffineTransform_float_3_3
Parameters: 0.999997 0.00183148 -0.00153806 -0.00182953 0.999997 0.00160882 0.00154094 -0.00160618 0.999998 -0.0843204 -0.0150699 0.0244081
FixedParameters: 0 0 0

#Transform 98
Transform: AffineTransform_float_3_3
Parameters: 0.999996 0.00211158 -0.00155085 -0.00210942 0.999998 0.00102028 0.00155315 -0.00101672 0.999999 -0.0976888 -0.0220999 0.0176336
FixedParameters: 0 0 0

#Transform 99
Transform: AffineTransform_float_3_3
Parameters: 0.999997 0.00179738 -0.00160134 -0.00179563 0.999998 0.00148288 0.00160366 -0.00148012 0.999997 -0.0971431 -0.014541 -0.033874
FixedParameters: 0 0 0

#Transform 100
Transform: AffineTransform_float_3_3
Parameters: 0.999997 0.00187564 -0.00110522 -0.00187436 0.999997 0.00148208 0.00110778 -0.00147993 0.999999 -0.105654 -0.00767943 -0.05143
FixedParameters: 0 0 0

#Transform 101
Transform: AffineTransform_float_3_3
Parameters: 0.999998 0.00205115 -0.00110588 -0.00205086 0.999998 0.00103427 0.00110712 -0.00103273 0.999999 -0.10712 0.00596262 -0.0433206
FixedParameters: 0 0 0

#Transform 102
Transform: AffineTransform_float_3_3
Parameters: 0.999997 0.00205722 -0.00123998 -0.00205578 0.999998 0.000983552 0.00124202 -0.000980448 0.999998 -0.0966512 -0.0224449 -0.0577883
FixedParameters: 0 0 0

#Transform 103
Transform: AffineTransform_float_3_3
Parameters: 0.999997 0.00229665 -0.00110665 -0.00229635 0.999997 0.000588543 0.00110735 -0.000585459 0.999999 -0.102131 -0.0272839 -0.065481
FixedParameters: 0 0 0

#Transform 104
Transform: AffineTransform_float_3_3
Parameters: 0.999997 0.00229689 -0.0013655 -0.00229611 0.999997 0.000654138 0.0013675 -0.000650861 0.999999 -0.100553 -0.044647 -0.0504572
FixedParameters: 0 0 0

#Transform 105
Transform: AffineTransform_float_3_3
Parameters: 0.999995 0.00275226 -0.00148653 -0.00275275 0.999996 0.000173093 0.00148747 -0.000168907 0.999999 -0.109321 -0.0372542 -0.0563152
FixedParameters: 0 0 0

#Transform 106
Transform: AffineTransform_float_3_3
Parameters: 0.999996 0.0026745 -0.00098997 -0.00267351 0.999996 0.00150865 0.00099403 -0.00150535 0.999999 -0.110615 -0.0425448 -0.0435014
FixedParameters: 0 0 0

#Transform 107
Transform: AffineTransform_float_3_3
Parameters: 0.999995 0.00271101 -0.00110307 -0.00270899 0.999994 0.00182099 0.00110793 -0.001818 0.999997 -0.113514 -0.0419342 -0.0240659
FixedParameters: 0 0 0

#Transform 108
Transform: AffineTransform_float_3_3
Parameters: 0.999996 0.00279797 -0.00124357 -0.00279603 0.999995 0.00158648 0.00124843 -0.00158251 0.999998 -0.117583 -0.0419818 -0.0367228
FixedParameters: 0 0 0

#Transform 109
Transform: AffineTransform_float_3_3
Parameters: 0.999995 0.00298935 -0.00123935 -0.00298665 0.999993 0.00189271 0.00124465 -0.00188929 0.999998 -0.134903 -0.0409328 -0.0493678
FixedParameters: 0 0 0

#Transform 110
Transform: AffineTransform_float_3_3
Parameters: 0.999994 0.00319818 -0.00134784 -0.00319582 0.999993 0.00161532 0.00135316 -0.00161068 0.999998 -0.134565 -0.0404658 -0.0377896
FixedParameters: 0 0 0

#Transform 111
Transform: AffineTransform_float_3_3
Parameters: 0.999996 0.00260878 -0.00153629 -0.00260622 0.999995 0.00180701 0.00154171 -0.00180299 0.999997 -0.12926 -0.0423156 0.0246179
FixedParameters: 0 0 0

#Transform 112
Transform: AffineTransform_float_3_3
Parameters: 0.999995 0.00319762 -0.00112542 -0.00319638 0.999994 0.00143461 0.00113058 -0.00143039 0.999999 -0.147747 -0.0264145 0.00638453
FixedParameters: 0 0 0

#Transform 113
Transform: AffineTransform_float_3_3
Parameters: 0.999993 0.00335753 -0.00112645 -0.00335547 0.999994 0.00135779 0.00113055 -0.00135421 0.999999 -0.14758 -0.0344387 -0.0154114
FixedParameters: 0 0 0

#Transform 114
Transform: AffineTransform_float_3_3
Parameters: 0.999993 0.00337063 -0.00127908 -0.00336737 0.999992 0.00205532 0.00128591 -0.00205068 0.999997 -0.154939 -0.0394085 -0.0138262
FixedParameters: 0 0 0

#Transform 115
Transform: AffineTransform_float_3_3
Parameters: 0.999994 0.00319893 -0.00125455 -0.00319607 0.999992 0.00233302 0.00126245 -0.00232898 0.999997 -0.1565 -0.0271568 -0.0149261
FixedParameters: 0 0 0

#Transform 116
Transform: AffineTransform_float_3_3
Parameters: 0.999993 0.00334247 -0.00134286 -0.00333952 0.999992 0.0018405 0.00134914 -0.0018365 0.999998 -0.152917 -0.0185948 -0.0311662
FixedParameters: 0 0 0

#Transform 117
Transform: AffineTransform_float_3_3
Parameters: 0.999993 0.00360386 -0.00149412 -0.00360114 0.999991 0.00191139 0.00150088 -0.00190561 0.999997 -0.156387 -0.0331258 0.00200717
FixedParameters: 0 0 0

#Transform 118
Transform: AffineTransform_float_3_3
Parameters: 0.999994 0.00306377 -0.00113221 -0.00306222 0.999994 0.00156648 0.00113779 -0.00156252 0.999998 -0.154625 -0.0352833 0.0327216
FixedParameters: 0 0 0

#Transform 119
Transform: AffineTransform_float_3_3
Parameters: 0.999993 0.00360388 -0.0013996 -0.00360112 0.999992 0.00205606 0.0014074 -0.00205094 0.999997 -0.161653 -0.0330349 0.000619608
FixedParameters: 0 0 0

#Transform 120
Transform: AffineTransform_float_3_3
Parameters: 0.999992 0.00374657 -0.00138508 -0.00374444 0.999992 0.0018502 0.00139192 -0.0018448 0.999998 -0.156892 -0.0499967 -0.0195634
FixedParameters: 0 0 0

#Transform 121
Transform: AffineTransform_float_3_3
Parameters: 0.999991 0.00400068 -0.00153504 -0.00399833 0.999991 0.00174215 0.00154196 -0.00173585 0.999998 -0.157852 -0.0362658 -0.00203663
FixedParameters: 0 0 0

#Transform 122
Transform: AffineTransform_float_3_3
Parameters: 0.999991 0.00391487 -0.00114562 -0.00391312 0.999991 0.0016335 0.00115239 -0.0016295 0.999998 -0.157241 -0.0325008 0.00732392
FixedParameters: 0 0 0

#Transform 123
Transform: AffineTransform_float_3_3
Parameters: 0.999991 0.00416726 -0.00131286 -0.00416474 0.99999 0.00171748 0.00132015 -0.00171251 0.999997 -0.158098 -0.0412814 -0.000172161
FixedParameters: 0 0 0

#Transform 124
Transform: AffineTransform_float_3_3
Parameters: 0.999989 0.00420993 -0.00180918 -0.00420606 0.99999 0.00162363 0.00181582 -0.00161637 0.999997 -0.15893 -0.0478668 -0.0134423
FixedParameters: 0 0 0

#Transform 125
Transform: AffineTransform_float_3_3
Parameters: 0.999988 0.0045842 -0.00163082 -0.0045828 0.999988 0.00135149 0.00163618 -0.00134351 0.999998 -0.159625 -0.0306144 -0.0348944
FixedParameters: 0 0 0

#Transform 126
Transform: AffineTransform_float_3_3
Parameters: 0.999988 0.00420903 -0.00222416 -0.00420697 0.99999 0.000916367 0.00222783 -0.000906633 0.999997 -0.178934 -0.0463731 -0.0350336
FixedParameters: 0 0 0

#Transform 127
Transform: AffineTransform_float_3_3
Parameters: 0.99999 0.00420806 -0.00144994 -0.00420694 0.999991 0.000730107 0.00145306 -0.000723892 0.999998 -0.17779 -0.0513665 -0.0589794
FixedParameters: 0 0 0

#Transform 128
Transform: AffineTransform_float_3_3
Parameters: 0.999987 0.00484644 -0.00193841 -0.00484456 0.999988 0.000746401 0.00194259 -0.000736595 0.999998 -0.180194 -0.0533774 -0.0583122
FixedParameters: 0 0 0

#Transform 129
Transform: AffineTransform_float_3_3
Parameters: 0.999986 0.00484679 -0.00205279 -0.00484421 0.999988 0.000873956 0.00205721 -0.000864041 0.999997 -0.18033 -0.0613558 -0.0832763
FixedParameters: 0 0 0

#Transform 130
Transform: AffineTransform_float_3_3
Parameters: 0.99999 0.0041419 -0.00171703 -0.0041381 0.99999 0.00168712 0.00172397 -0.00167988 0.999997 -0.178509 -0.0768515 0.134857
FixedParameters: 0 0 0

#Transform 131
Transform: AffineTransform_float_3_3
Parameters: 0.99999 0.00425368 -0.001762 -0.00422432 0.999854 0.0165176 0.00183201 -0.0165094 0.999862 -0.179363 -0.0901719 0.545105
FixedParameters: 0 0 0

#Transform 132
Transform: AffineTransform_float_3_3
Parameters: 0.999987 0.00450625 -0.00215308 -0.00448475 0.999942 0.00977278 0.00219691 -0.00976322 0.99995 -0.194404 -0.101012 0.291889
FixedParameters: 0 0 0

#Transform 133
Transform: AffineTransform_float_3_3
Parameters: 0.999987 0.00484229 -0.00165972 -0.00482871 0.999957 0.00792012 0.00169728 -0.00791189 0.999968 -0.1854 -0.0868619 0.195347
FixedParameters: 0 0 0

#Transform 134
Transform: AffineTransform_float_3_3
Parameters: 0.999988 0.00462282 -0.00174601 -0.00461117 0.999967 0.00671713 0.001777 -0.00670987 0.999976 -0.190025 -0.0901031 0.178325
FixedParameters: 0 0 0

#Transform 135
Transform: AffineTransform_float_3_3
Parameters: 0.999989 0.00443119 -0.00165154 -0.0044218 0.999975 0.00552937 0.00167646 -0.00552263 0.999984 -0.191799 -0.0926805 0.16207
FixedParameters: 0 0 0

#Transform 136
Transform: AffineTransform_float_3_3
Parameters: 0.999986 0.00491016 -0.00162965 -0.00490184 0.999973 0.00558007 0.00165636 -0.00557194 0.999983 -0.191653 -0.0735139 0.168787
FixedParameters: 0 0 0

#Transform 137
Transform: AffineTransform_float_3_3
Parameters: 0.999985 0.00520308 -0.00136632 -0.00519592 0.999974 0.00513517 0.00139268 -0.00512783 0.999986 -0.20829 -0.0915763 0.13387
FixedParameters: 0 0 0

#Transform 138
Transform: AffineTransform_float_3_3
Parameters: 0.999983 0.00560607 -0.00157152 -0.00559894 0.999972 0.00508889 0.00159949 -0.00508012 0.999986 -0.20954 -0.0819253 0.157325
FixedParameters: 0 0 0

#Transform 139
Transform: AffineTransform_float_3_3
Parameters: 0.999983 0.00560648 -0.00174191 -0.00559751 0.999972 0.00483983 0.00176908 -0.00483016 0.999987 -0.209626 -0.071802 0.155963
FixedParameters: 0 0 0

#Transform 140
Transform: AffineTransform_float_3_3
Parameters: 0.999982 0.00561404 -0.00180506 -0.00560396 0.999969 0.00552121 0.00183594 -0.00551079 0.999983 -0.209513 -0.0412372 0.157754
FixedParameters: 0 0 0

#Transform 141
Transform: AffineTransform_float_3_3
Parameters: 0.999982 0.00584729 -0.00166575 -0.00583772 0.999967 0.00552483 0.00169825 -0.00551517 0.999984 -0.210057 -0.0369929 0.158217
FixedParameters: 0 0 0

#Transform 142
Transform: AffineTransform_float_3_3
Parameters: 0.999981 0.0059567 -0.00169325 -0.0059463 0.999966 0.00567618 0.00172675 -0.00566583 0.999983 -0.216486 -0.0387112 0.158616
FixedParameters: 0 0 0

#Transform 143
Transform: AffineTransform_float_3_3
Parameters: 0.999981 0.00574898 -0.00196631 -0.00573702 0.999966 0.00604639 0.00200069 -0.00603461 0.99998 -0.213862 -0.0299979 0.165644
FixedParameters: 0 0 0

#Transform 144
Transform: AffineTransform_float_3_3
Parameters: 0.999979 0.00604135 -0.0020815 -0.00602866 0.999965 0.00588767 0.00211649 -0.00587434 0.999981 -0.227314 -0.0358363 0.167026
FixedParameters: 0 0 0

#Transform 145
Transform: AffineTransform_float_3_3
Parameters: 0.999981 0.00603323 -0.00171087 -0.00602177 0.999961 0.00649743 0.00175013 -0.00648657 0.999978 -0.226839 -0.0350812 0.186322
FixedParameters: 0 0 0

#Transform 146
Transform: AffineTransform_float_3_3
Parameters: 0.999979 0.00616312 -0.00172217 -0.00615086 0.999957 0.00696074 0.00176583 -0.00695026 0.999975 -0.227214 -0.0163493 0.218859
FixedParameters: 0 0 0

#Transform 147
Transform: AffineTransform_float_3_3
Parameters: 0.999979 0.00636671 -0.00164434 -0.0063553 0.999955 0.0070266 0.00168967 -0.00701639 0.999974 -0.227707 -0.0182069 0.184315
FixedParameters: 0 0 0

#Transform 148
Transform: AffineTransform_float_3_3
Parameters: 0.999978 0.00650972 -0.00169665 -0.00649728 0.999955 0.00682418 0.00174134 -0.00681282 0.999976 -0.230999 -0.0177053 0.161961
FixedParameters: 0 0 0

#Transform 149
Transform: AffineTransform_float_3_3
Parameters: 0.999981 0.00604931 -0.00158109 -0.0060387 0.999961 0.00644267 0.00161991 -0.00643233 0.999978 -0.223055 -0.00150705 0.144061
FixedParameters: 0 0 0

#Transform 150
Transform: AffineTransform_float_3_3
Parameters: 0.999981 0.00592238 -0.00169558 -0.00591263 0.999968 0.00548413 0.00172742 -0.00547388 0.999984 -0.219329 -0.101683 0.189232
FixedParameters: 0 0 0

#Transform 151
Transform: AffineTransform_float_3_3
Parameters: 0.999978 0.00637532 -0.00185097 -0.00636768 0.999972 0.00393488 0.00187503 -0.00392213 0.999991 -0.235769 -0.0264308 0.144644
FixedParameters: 0 0 0
