# transform file /out/sourcedata/freesurfer/sub-v2s3x28760_ses-1/mri/transforms/cc_up.lta
# created by oesteban on Fri Mar 13 01:02:12 2026

type      = 0 # LINEAR_VOX_TO_VOX
nxforms   = 1
mean      = 128.0000 107.0000 118.0000
sigma     = 10000.0000
1 4 4
9.999403357505798e-01 1.031739078462124e-02 -3.596159163862467e-03 5.504164099693298e-01 
-1.031732372939587e-02 9.999468326568604e-01 3.710495002451353e-05 4.631060409545898e+01 
3.596350550651550e-03 3.637978807091713e-12 9.999935626983643e-01 1.654398536682129e+01 
0.000000000000000e+00 0.000000000000000e+00 0.000000000000000e+00 1.000000000000000e+00 
src volume info
valid = 1  # volume info valid
filename = /out/sourcedata/freesurfer/sub-v2s3x28760_ses-1/mri/norm.mgz
volume = 256 256 256
voxelsize = 1.000000000000000e+00 1.000000000000000e+00 1.000000000000000e+00
xras   = -1.000000000000000e+00 0.000000000000000e+00 0.000000000000000e+00
yras   = 0.000000000000000e+00 0.000000000000000e+00 -1.000000000000000e+00
zras   = 0.000000000000000e+00 1.000000000000000e+00 0.000000000000000e+00
cras   = 7.191772460937500e-01 -3.196759033203125e+01 9.861320495605469e+00
dst volume info
valid = 1  # volume info valid
filename = /out/sourcedata/freesurfer/sub-v2s3x28760_ses-1/mri/norm.mgz
volume = 256 256 256
voxelsize = 1.000000000000000e+00 1.000000000000000e+00 1.000000000000000e+00
xras   = -1.000000000000000e+00 0.000000000000000e+00 0.000000000000000e+00
yras   = 0.000000000000000e+00 0.000000000000000e+00 -1.000000000000000e+00
zras   = 0.000000000000000e+00 1.000000000000000e+00 0.000000000000000e+00
cras   = 7.191772460937500e-01 -3.196759033203125e+01 9.861320495605469e+00
