# transform file /out/sourcedata/freesurfer/sub-v2s3x28754_ses-1/mri/transforms/cc_up.lta
# created by oesteban on Fri Mar 13 00:56:40 2026

type      = 0 # LINEAR_VOX_TO_VOX
nxforms   = 1
mean      = 129.0000 119.0000 109.0000
sigma     = 10000.0000
1 4 4
9.950466752052307e-01 2.573398314416409e-02 -9.601951390504837e-02 6.107871055603027e+00 
-2.561499737203121e-02 9.996687769889832e-01 2.471783431246877e-03 2.310202598571777e+01 
9.605132043361664e-02 -2.328306158982940e-10 9.953763484954834e-01 1.503294467926025e+01 
0.000000000000000e+00 0.000000000000000e+00 0.000000000000000e+00 1.000000000000000e+00 
src volume info
valid = 1  # volume info valid
filename = /out/sourcedata/freesurfer/sub-v2s3x28754_ses-1/mri/norm.mgz
volume = 256 256 256
voxelsize = 1.000000000000000e+00 1.000000000000000e+00 1.000000000000000e+00
xras   = -1.000000000000000e+00 0.000000000000000e+00 0.000000000000000e+00
yras   = 0.000000000000000e+00 0.000000000000000e+00 -1.000000000000000e+00
zras   = 0.000000000000000e+00 1.000000000000000e+00 0.000000000000000e+00
cras   = -1.127770996093750e+01 -9.699859619140625e+00 2.096542358398438e+00
dst volume info
valid = 1  # volume info valid
filename = /out/sourcedata/freesurfer/sub-v2s3x28754_ses-1/mri/norm.mgz
volume = 256 256 256
voxelsize = 1.000000000000000e+00 1.000000000000000e+00 1.000000000000000e+00
xras   = -1.000000000000000e+00 0.000000000000000e+00 0.000000000000000e+00
yras   = 0.000000000000000e+00 0.000000000000000e+00 -1.000000000000000e+00
zras   = 0.000000000000000e+00 1.000000000000000e+00 0.000000000000000e+00
cras   = -1.127770996093750e+01 -9.699859619140625e+00 2.096542358398438e+00
