#Insight Transform File V1.0
#Transform 0
Transform: AffineTransform_float_3_3
Parameters: 0.999999 -0.00148389 -0.000941831 0.00148212 0.999995 -0.00279531 0.000945461 0.00279369 0.999995 -0.0592117 -0.331356 -0.291922
FixedParameters: 0 0 0

#Transform 1
Transform: AffineTransform_float_3_3
Parameters: 0.999999 -0.00148456 -0.00107922 0.00148176 0.999996 -0.00240951 0.0010826 0.00240749 0.999996 -0.0599115 -0.341816 -0.30442
FixedParameters: 0 0 0

#Transform 2
Transform: AffineTransform_float_3_3
Parameters: 0.999998 -0.0016746 -0.000841887 0.00167342 0.999997 -0.00212532 0.00084523 0.00212368 0.999998 -0.0607346 -0.3589 -0.312596
FixedParameters: 0 0 0

#Transform 3
Transform: AffineTransform_float_3_3
Parameters: 0.999999 -0.00174696 -0.000393434 0.00174558 0.999996 -0.00240848 0.000396871 0.00240752 0.999997 -0.0711466 -0.3248 -0.329053
FixedParameters: 0 0 0

#Transform 4
Transform: AffineTransform_float_3_3
Parameters: 0.999999 -0.00169306 -0.000340207 0.00169195 0.999997 -0.00208538 0.000344283 0.00208562 0.999998 -0.0606587 -0.35605 -0.305954
FixedParameters: 0 0 0

#Transform 5
Transform: AffineTransform_float_3_3
Parameters: 0.999999 -0.00150426 -0.000221171 0.00150462 0.999996 -0.00213223 0.000224707 0.00213177 0.999997 -0.0641801 -0.352192 -0.261653
FixedParameters: 0 0 0

#Transform 6
Transform: AffineTransform_float_3_3
Parameters: 0.999999 -0.0014353 -0.000558939 0.00143426 0.999997 -0.0020967 0.000562075 0.0020953 0.999997 -0.0659319 -0.345131 -0.232602
FixedParameters: 0 0 0

#Transform 7
Transform: AffineTransform_float_3_3
Parameters: 1 -0.000994085 -0.000352028 0.000994061 0.999998 -0.00174035 0.000353603 0.00173965 0.999999 -0.0482727 -0.354253 -0.179954
FixedParameters: 0 0 0

#Transform 8
Transform: AffineTransform_float_3_3
Parameters: 0.999997 -0.0014932 0.00198787 0.00149451 0.999998 -0.000803207 -0.00198667 0.000805794 0.999998 0.0121542 -0.162718 0.0893873
FixedParameters: 0 0 0

#Transform 9
Transform: AffineTransform_float_3_3
Parameters: 0.999997 -0.00127383 0.00201267 0.00126906 0.999997 0.00211938 -0.00201565 -0.00211663 0.999996 0.0803457 0.133581 0.192295
FixedParameters: 0 0 0

#Transform 10
Transform: AffineTransform_float_3_3
Parameters: 0.999999 -0.000523836 0.00147799 0.00052289 1 0.000992682 -0.00147882 -0.00099232 0.999999 0.0632335 0.128623 0.16599
FixedParameters: 0 0 0

#Transform 11
Transform: AffineTransform_float_3_3
Parameters: 1 -0.000717791 0.000500028 0.000716731 0.999999 0.00105836 -0.000501545 -0.00105764 1 0.0396562 0.0653079 0.117887
FixedParameters: 0 0 0

#Transform 12
Transform: AffineTransform_float_3_3
Parameters: 1 -0.000614659 -8.33943e-05 0.000614684 0.999999 -0.000477051 8.29862e-05 0.000476949 1 0.0135402 0.0369754 0.127209
FixedParameters: 0 0 0

#Transform 13
Transform: AffineTransform_float_3_3
Parameters: 0.999999 -0.000639661 -0.000400926 0.000639524 1 -0.000170256 0.000401143 0.000169743 1 0.0131532 0.0340331 0.113547
FixedParameters: 0 0 0

#Transform 14
Transform: AffineTransform_float_3_3
Parameters: 1 6.30126e-05 -0.000578586 -6.3601e-05 0.999999 -0.00136796 0.000578518 0.00136804 0.999999 -0.0125206 -0.0228193 -0.00250293
FixedParameters: 0 0 0

#Transform 15
Transform: AffineTransform_float_3_3
Parameters: 1 0.000247857 4.3091e-05 -0.000247841 1 -0.000186011 -4.31832e-05 0.000185989 1 -0.0339885 -0.0406995 -0.0419936
FixedParameters: 0 0 0

#Transform 16
Transform: AffineTransform_float_3_3
Parameters: 1 0.000477999 -0.000284002 -0.000477618 1 -0.00089575 0.000284245 0.000895251 0.999999 -0.00974416 -0.00549039 0.00847084
FixedParameters: 0 0 0

#Transform 17
Transform: AffineTransform_float_3_3
Parameters: 0.999999 0.000677239 0.000216977 -0.000676728 0.999999 -0.00141415 -0.000217897 0.00141385 0.999999 0.00546461 0.00430896 -0.00377535
FixedParameters: 0 0 0

#Transform 18
Transform: AffineTransform_float_3_3
Parameters: 1 0.000145939 0.000602513 -0.000145724 1 -0.000178088 -0.000602565 0.000177912 1 0.0015422 -0.0183804 -0.00817049
FixedParameters: 0 0 0

#Transform 19
Transform: AffineTransform_float_3_3
Parameters: 1 -0.000546301 6.01115e-05 0.000546272 1 0.000238033 -6.03715e-05 -0.000237967 1 -0.00316605 -0.0197814 0.0216201
FixedParameters: 0 0 0

#Transform 20
Transform: AffineTransform_float_3_3
Parameters: 1 -0.000499093 -0.00038665 0.000499532 0.999999 0.000701807 0.000386944 -0.000702193 0.999999 0.000399206 -0.0208542 -0.00280964
FixedParameters: 0 0 0

#Transform 21
Transform: AffineTransform_float_3_3
Parameters: 1 -0.00040583 -0.00037653 0.000405929 1 0.000131836 0.000376424 -0.000131164 1 0.00307392 -0.0435337 0.0671063
FixedParameters: 0 0 0

#Transform 22
Transform: AffineTransform_float_3_3
Parameters: 1 -0.000499093 -0.00038665 0.000499532 0.999999 0.000701807 0.000386944 -0.000702193 0.999999 0.000375666 -0.0282057 0.0676287
FixedParameters: 0 0 0

#Transform 23
Transform: AffineTransform_float_3_3
Parameters: 1 -0.000569526 0.000279737 0.000569237 1 0.00051617 -0.000280326 -0.000516829 1 -0.00490971 -0.0279123 0.0780945
FixedParameters: 0 0 0

#Transform 24
Transform: AffineTransform_float_3_3
Parameters: 0.999999 -0.000810906 0.000183367 0.000810384 0.999999 0.00113715 -0.000184216 -0.00113685 1 0.00731671 -0.047471 0.0554584
FixedParameters: 0 0 0

#Transform 25
Transform: AffineTransform_float_3_3
Parameters: 1 -0.000269026 -0.000362609 0.000269135 0.999998 0.00166679 0.000362602 -0.00166621 0.999999 -0.0609718 -0.0621108 0.00554861
FixedParameters: 0 0 0

#Transform 26
Transform: AffineTransform_float_3_3
Parameters: 0.999999 0.000548939 -0.000479413 -0.000548243 1 -0.000310737 0.000479177 0.000311263 1 -0.0547883 -0.105846 0.129241
FixedParameters: 0 0 0

#Transform 27
Transform: AffineTransform_float_3_3
Parameters: 1 0.000590283 -0.000936847 -0.00059655 0.999976 -0.00690943 0.000932362 0.00690956 0.999975 -0.106906 0.0720916 0.000895095
FixedParameters: 0 0 0

#Transform 28
Transform: AffineTransform_float_3_3
Parameters: 0.999998 0.000190702 -0.00191252 -0.000202056 0.999983 -0.00582983 0.00191138 0.00583017 0.999981 -0.126533 0.0809753 -0.148508
FixedParameters: 0 0 0

#Transform 29
Transform: AffineTransform_float_3_3
Parameters: 0.999999 0.000610009 -0.00131446 -0.000619033 0.999979 -0.00634928 0.00131047 0.00634971 0.999979 -0.102781 0.0725438 -0.122126
FixedParameters: 0 0 0

#Transform 30
Transform: AffineTransform_float_3_3
Parameters: 0.999998 -0.000378916 -0.00200158 0.000368639 0.999986 -0.00512797 0.00200347 0.00512703 0.999985 -0.0585258 0.0138784 -0.103774
FixedParameters: 0 0 0

#Transform 31
Transform: AffineTransform_float_3_3
Parameters: 0.999999 -0.000438561 -0.00138143 0.000434337 0.999994 -0.00340272 0.00138293 0.00340228 0.999994 -0.0199898 0.00360403 -0.133728
FixedParameters: 0 0 0

#Transform 32
Transform: AffineTransform_float_3_3
Parameters: 0.999998 -0.00121433 -0.00103889 0.00121139 0.999993 -0.00357427 0.001043 0.00357273 0.999993 -0.0441653 0.000857651 -0.14231
FixedParameters: 0 0 0

#Transform 33
Transform: AffineTransform_float_3_3
Parameters: 0.999999 -0.00125622 -0.000625231 0.00125435 0.999994 -0.0034027 0.000630004 0.00340231 0.999994 -0.00668487 -0.026072 -0.139374
FixedParameters: 0 0 0

#Transform 34
Transform: AffineTransform_float_3_3
Parameters: 1 -0.000937008 -0.000491505 0.000936193 0.999994 -0.00316147 0.000494652 0.00316153 0.999995 -0.0165199 -0.0425379 -0.149386
FixedParameters: 0 0 0

#Transform 35
Transform: AffineTransform_float_3_3
Parameters: 0.999998 -0.00121349 -0.00103988 0.00121114 0.999996 -0.00276218 0.00104291 0.00276182 0.999996 -0.0439834 -0.0762205 -0.157319
FixedParameters: 0 0 0

#Transform 36
Transform: AffineTransform_float_3_3
Parameters: 0.999999 -0.000803501 -0.00118128 0.000801173 0.999997 -0.00233496 0.00118336 0.00233404 0.999996 -0.055492 -0.0466981 -0.182024
FixedParameters: 0 0 0

#Transform 37
Transform: AffineTransform_float_3_3
Parameters: 0.999999 -0.000861867 -0.00107362 0.000860123 0.999999 -0.00137283 0.00107409 0.00137217 0.999998 -0.063588 -0.0729378 -0.112972
FixedParameters: 0 0 0

#Transform 38
Transform: AffineTransform_float_3_3
Parameters: 1 -0.000210914 -0.000156676 0.000211599 0.999999 -0.000985032 0.000157197 0.000984966 0.999999 -0.0650026 -0.0534262 -0.0774201
FixedParameters: 0 0 0

#Transform 39
Transform: AffineTransform_float_3_3
Parameters: 1 -0.000505113 -5.40909e-05 0.000505115 1 1.79727e-05 5.40727e-05 -1.80273e-05 1 -0.0739948 -0.062755 -0.0828898
FixedParameters: 0 0 0

#Transform 40
Transform: AffineTransform_float_3_3
Parameters: 1 -0.000203652 7.21091e-05 0.00020365 1 1.80147e-05 -7.21164e-05 -1.79853e-05 1 -0.086154 -0.0555739 -0.102444
FixedParameters: 0 0 0

#Transform 41
Transform: AffineTransform_float_3_3
Parameters: 1 -0.000121155 8.07125e-05 0.000121056 1 0.00061101 -8.08605e-05 -0.00061099 1 -0.0967456 -0.0625698 -0.104126
FixedParameters: 0 0 0

#Transform 42
Transform: AffineTransform_float_3_3
Parameters: 1 -0.000304322 5.98109e-06 0.000304312 0.999999 0.000825001 -6.48321e-06 -0.000824997 0.999999 -0.106105 -0.0924928 -0.113762
FixedParameters: 0 0 0

#Transform 43
Transform: AffineTransform_float_3_3
Parameters: 1 -0.000121142 8.07314e-05 0.000121069 1 0.00045501 -8.08416e-05 -0.00045499 1 -0.131708 -0.0652255 -0.157075
FixedParameters: 0 0 0

#Transform 44
Transform: AffineTransform_float_3_3
Parameters: 1 0.000166755 -0.000462997 -0.000165868 0.999999 0.000956973 0.000463315 -0.000957027 1 -0.120754 -0.0860235 -0.158978
FixedParameters: 0 0 0

#Transform 45
Transform: AffineTransform_float_3_3
Parameters: 1 0.000256753 -0.000278513 -0.000256309 0.999999 0.000796071 0.000278922 -0.000795928 0.999999 -0.118991 -0.0795831 -0.200836
FixedParameters: 0 0 0

#Transform 46
Transform: AffineTransform_float_3_3
Parameters: 1 0.000423645 -0.000174521 -0.000423505 1 0.000402074 0.000174862 -0.000401926 1 -0.102727 -0.0795705 -0.160178
FixedParameters: 0 0 0

#Transform 47
Transform: AffineTransform_float_3_3
Parameters: 1 0.000558069 0.000152476 -0.000558136 0.999999 0.000562915 -0.000152842 -0.000563085 1 -0.101354 -0.0727002 -0.125196
FixedParameters: 0 0 0

#Transform 48
Transform: AffineTransform_float_3_3
Parameters: 1 0.000664918 -0.000240542 -0.000664595 0.999999 0.00045516 0.000240152 -0.00045484 1 -0.0933428 -0.0807054 -0.138603
FixedParameters: 0 0 0

#Transform 49
Transform: AffineTransform_float_3_3
Parameters: 1 0.000516167 -2.16597e-05 -0.000516122 1 0.00101401 2.27064e-05 -0.00101399 1 -0.0958355 -0.0831173 -0.166661
FixedParameters: 0 0 0

#Transform 50
Transform: AffineTransform_float_3_3
Parameters: 0.999999 0.00088154 0.000117408 -0.000881708 1 0.000722001 -0.000116135 -0.000721999 0.999999 -0.0621168 -0.103623 -0.11716
FixedParameters: 0 0 0

#Transform 51
Transform: AffineTransform_float_3_3
Parameters: 1 0.000386605 0.000194076 -0.000387087 0.999999 0.00151092 -0.000193901 -0.00151107 0.999999 -0.0345132 -0.127328 -0.0996748
FixedParameters: 0 0 0

#Transform 52
Transform: AffineTransform_float_3_3
Parameters: 1 -0.000116497 -0.000323124 0.000117277 1 0.00120696 0.000322842 -0.00120704 0.999999 -0.00778573 -0.154073 -0.00112998
FixedParameters: 0 0 0

#Transform 53
Transform: AffineTransform_float_3_3
Parameters: 1 -0.000240888 -0.000336272 0.000241518 0.999999 0.000936907 0.00033582 -0.000936091 0.999999 0.020539 -0.154622 0.0423052
FixedParameters: 0 0 0

#Transform 54
Transform: AffineTransform_float_3_3
Parameters: 1 -0.000175762 0.000233685 0.00017605 0.999999 0.00151104 -0.000234112 -0.00151096 0.999999 0.0430402 -0.158746 0.0458398
FixedParameters: 0 0 0

#Transform 55
Transform: AffineTransform_float_3_3
Parameters: 1 -0.000560825 1.53839e-05 0.000560657 0.999998 0.00196501 -1.65931e-05 -0.00196499 0.999998 0.0329746 -0.161194 0.00779498
FixedParameters: 0 0 0

#Transform 56
Transform: AffineTransform_float_3_3
Parameters: 0.999999 -0.000917859 4.33634e-05 0.000917459 0.999998 0.00215314 -4.53258e-05 -0.00215286 0.999997 0.0224532 -0.174083 0.09452
FixedParameters: 0 0 0

#Transform 57
Transform: AffineTransform_float_3_3
Parameters: 1 -0.00102334 0.00019334 0.00102244 0.999998 0.00178221 -0.000194997 -0.00178279 0.999999 -0.000447852 -0.195644 0.0678605
FixedParameters: 0 0 0

#Transform 58
Transform: AffineTransform_float_3_3
Parameters: 1 -0.00104088 0.000354795 0.00103987 0.999996 0.00237937 -0.000356657 -0.00237863 0.999997 -0.0120441 -0.17244 0.121219
FixedParameters: 0 0 0

#Transform 59
Transform: AffineTransform_float_3_3
Parameters: 1 -0.0003842 -0.000373328 0.000385107 0.999997 0.00269086 0.000372148 -0.00269115 0.999997 -0.0327326 -0.184344 0.172076
FixedParameters: 0 0 0

#Transform 60
Transform: AffineTransform_float_3_3
Parameters: 1 -0.00029315 -0.000135307 0.000292872 0.999996 0.00304396 0.000134413 -0.00304404 0.999996 -0.0825843 -0.183762 0.123456
FixedParameters: 0 0 0

#Transform 61
Transform: AffineTransform_float_3_3
Parameters: 1 -0.00019795 0.000202903 0.00019674 0.999995 0.00297304 -0.000204077 -0.00297296 0.999995 -0.068717 -0.179306 0.128955
FixedParameters: 0 0 0

#Transform 62
Transform: AffineTransform_float_3_3
Parameters: 0.999999 -0.000729462 -0.000118867 0.000729887 0.999996 0.00269092 0.000116929 -0.00269109 0.999997 -0.0240106 -0.160325 0.104771
FixedParameters: 0 0 0

#Transform 63
Transform: AffineTransform_float_3_3
Parameters: 1 -0.000222345 0.000233484 0.000220911 0.999996 0.00284605 -0.000233751 -0.00284595 0.999996 -0.0494049 -0.191434 0.121205
FixedParameters: 0 0 0

#Transform 64
Transform: AffineTransform_float_3_3
Parameters: 1 -0.000398778 0.000423642 0.000397246 0.999996 0.00285517 -0.000424816 -0.00285483 0.999996 -0.0170408 -0.208449 0.129822
FixedParameters: 0 0 0

#Transform 65
Transform: AffineTransform_float_3_3
Parameters: 0.999999 -0.000972893 0.00016752 0.00097214 0.999992 0.00392517 -0.000171072 -0.00392484 0.999993 -0.0247881 -0.207826 0.173757
FixedParameters: 0 0 0

#Transform 66
Transform: AffineTransform_float_3_3
Parameters: 0.999999 -0.00124223 0.000331302 0.00124109 0.999991 0.00391342 -0.000335839 -0.00391357 0.999992 -0.0196446 -0.189284 0.251235
FixedParameters: 0 0 0

#Transform 67
Transform: AffineTransform_float_3_3
Parameters: 0.999999 -0.000943878 -9.85425e-05 0.000944149 0.999994 0.00354601 9.58256e-05 -0.00354599 0.999993 -0.0406914 -0.172079 0.126
FixedParameters: 0 0 0

#Transform 68
Transform: AffineTransform_float_3_3
Parameters: 1 -0.00104994 -9.45692e-05 0.00105028 0.999991 0.00410791 8.99196e-05 -0.0041081 0.999992 -0.0473394 -0.181282 0.165124
FixedParameters: 0 0 0

#Transform 69
Transform: AffineTransform_float_3_3
Parameters: 1 -0.000993761 0.000358241 0.000992397 0.999991 0.00407446 -0.000362145 -0.00407354 0.999991 -0.0478284 -0.17958 0.158529
FixedParameters: 0 0 0

#Transform 70
Transform: AffineTransform_float_3_3
Parameters: 0.999999 -0.0011957 0.000335701 0.00119403 0.999989 0.00449552 -0.000340268 -0.00449548 0.99999 -0.0227365 -0.186486 0.179685
FixedParameters: 0 0 0

#Transform 71
Transform: AffineTransform_float_3_3
Parameters: 1 -0.000993814 0.000358094 0.000992343 0.99999 0.00422236 -0.000362292 -0.00422164 0.999991 -0.0169396 -0.181268 0.164174
FixedParameters: 0 0 0

#Transform 72
Transform: AffineTransform_float_3_3
Parameters: 1 -0.000993846 0.000358008 0.000992313 0.999991 0.00430847 -0.000362378 -0.00430853 0.99999 -0.0153355 -0.183835 0.182248
FixedParameters: 0 0 0

#Transform 73
Transform: AffineTransform_float_3_3
Parameters: 0.999999 -0.00134574 0.000319497 0.00134433 0.99999 0.00430855 -0.000324912 -0.00430845 0.99999 -0.0142165 -0.194697 0.214329
FixedParameters: 0 0 0

#Transform 74
Transform: AffineTransform_float_3_3
Parameters: 1 -0.000993793 0.000358153 0.000992365 0.999991 0.00416236 -0.000362233 -0.00416164 0.999992 -0.00244735 -0.187071 0.193188
FixedParameters: 0 0 0

#Transform 75
Transform: AffineTransform_float_3_3
Parameters: 1 -0.00112694 0.000195722 0.00112586 0.99999 0.00416722 -0.000201027 -0.00416678 0.999992 -0.0212001 -0.185763 0.17367
FixedParameters: 0 0 0

#Transform 76
Transform: AffineTransform_float_3_3
Parameters: 0.999999 -0.000888087 0.000136197 0.000887575 0.999991 0.00430823 -0.000140758 -0.00430777 0.99999 -0.00697878 -0.216393 0.200359
FixedParameters: 0 0 0

#Transform 77
Transform: AffineTransform_float_3_3
Parameters: 1 -0.000993846 0.000358008 0.000992313 0.999991 0.00430847 -0.000362378 -0.00430853 0.99999 -0.0283294 -0.187977 0.168697
FixedParameters: 0 0 0

#Transform 78
Transform: AffineTransform_float_3_3
Parameters: 0.999999 -0.000758154 0.000383981 0.000756702 0.999991 0.0040563 -0.000386934 -0.00405669 0.999991 -0.0256995 -0.200892 0.1593
FixedParameters: 0 0 0

#Transform 79
Transform: AffineTransform_float_3_3
Parameters: 0.999999 -0.000875768 -4.09748e-05 0.00087672 0.999988 0.00483397 3.65859e-05 -0.00483404 0.999989 -0.0179876 -0.187752 0.18484
FixedParameters: 0 0 0

#Transform 80
Transform: AffineTransform_float_3_3
Parameters: 0.999999 -0.00141834 0.000311446 0.00141694 0.99999 0.00438655 -0.000317705 -0.00438545 0.999991 -0.0395643 -0.175765 0.200311
FixedParameters: 0 0 0

#Transform 81
Transform: AffineTransform_float_3_3
Parameters: 1 -0.00111022 0.000345048 0.00110855 0.999989 0.0045175 -0.00034989 -0.0045175 0.999989 -0.00265037 -0.193886 0.234227
FixedParameters: 0 0 0

#Transform 82
Transform: AffineTransform_float_3_3
Parameters: 1 -0.00111025 0.000344971 0.00110952 0.999989 0.0045874 -0.000349868 -0.00458761 0.99999 0.0108787 -0.173314 0.305229
FixedParameters: 0 0 0

#Transform 83
Transform: AffineTransform_float_3_3
Parameters: 0.999999 -0.00124739 0.000330049 0.00124577 0.999989 0.00448353 -0.000335051 -0.00448347 0.99999 0.0293815 -0.191417 0.364922
FixedParameters: 0 0 0

#Transform 84
Transform: AffineTransform_float_3_3
Parameters: 0.999999 -0.00133047 6.10252e-05 0.00133043 0.999991 0.0040042 -6.66037e-05 -0.0040048 0.999992 0.00145861 -0.218602 0.394233
FixedParameters: 0 0 0

#Transform 85
Transform: AffineTransform_float_3_3
Parameters: 0.999999 -0.00148326 -0.000161285 0.00148367 0.999997 0.00227687 0.000157513 -0.00227713 0.999998 0.0118439 -0.27778 0.418119
FixedParameters: 0 0 0

#Transform 86
Transform: AffineTransform_float_3_3
Parameters: 1 -0.00116732 -0.000115649 0.00116751 0.999998 0.00172897 0.000113601 -0.00172903 0.999998 -0.0152707 -0.262426 0.469192
FixedParameters: 0 0 0

#Transform 87
Transform: AffineTransform_float_3_3
Parameters: 1 -0.00109666 -7.18082e-05 0.00109673 0.999994 0.00347104 6.8172e-05 -0.00347196 0.999994 0.0184403 -0.177789 0.52849
FixedParameters: 0 0 0

#Transform 88
Transform: AffineTransform_float_3_3
Parameters: 0.999998 -0.00101167 0.00141956 0.00100268 0.999979 0.00643835 -0.00142552 -0.00643765 0.999978 -0.00127868 -0.168977 0.568039
FixedParameters: 0 0 0

#Transform 89
Transform: AffineTransform_float_3_3
Parameters: 0.999998 -4.7887e-05 0.00198996 3.54973e-05 0.999979 0.00638786 -0.00199012 -0.00638713 0.999977 0.0112439 -0.150472 0.595495
FixedParameters: 0 0 0

#Transform 90
Transform: AffineTransform_float_3_3
Parameters: 0.999997 0.000339204 0.00210208 -0.000354527 0.999973 0.00729705 -0.00209943 -0.00729696 0.999972 0.00753569 -0.14478 0.58219
FixedParameters: 0 0 0

#Transform 91
Transform: AffineTransform_float_3_3
Parameters: 0.999996 0.000492789 0.00252784 -0.000510803 0.999974 0.0072124 -0.00252369 -0.0072136 0.999971 0.0105403 -0.142058 0.555729
FixedParameters: 0 0 0

#Transform 92
Transform: AffineTransform_float_3_3
Parameters: 0.999997 0.000292837 0.00250542 -0.000311065 0.999973 0.00729691 -0.00250311 -0.00729709 0.999971 0.00794749 -0.143905 0.570061
FixedParameters: 0 0 0

#Transform 93
Transform: AffineTransform_float_3_3
Parameters: 0.999997 0.000507154 0.00239255 -0.00052387 0.999975 0.00714154 -0.00238838 -0.00714246 0.999971 0.00186254 -0.163709 0.565374
FixedParameters: 0 0 0

#Transform 94
Transform: AffineTransform_float_3_3
Parameters: 0.999997 0.00044777 0.00216496 -0.000464048 0.99997 0.00781379 -0.00216202 -0.00781422 0.999967 0.0119331 -0.162753 0.555756
FixedParameters: 0 0 0

#Transform 95
Transform: AffineTransform_float_3_3
Parameters: 0.999998 0.000453523 0.00190609 -0.000468555 0.999968 0.0080009 -0.00190212 -0.0080021 0.999966 0.0107832 -0.150342 0.547848
FixedParameters: 0 0 0

#Transform 96
Transform: AffineTransform_float_3_3
Parameters: 0.999998 0.000476884 0.00193896 -0.000492628 0.999968 0.00804995 -0.00193456 -0.00805106 0.999966 0.0178221 -0.131234 0.56655
FixedParameters: 0 0 0

#Transform 97
Transform: AffineTransform_float_3_3
Parameters: 0.999998 9.83409e-05 0.00208442 -0.000116243 0.999965 0.00842558 -0.00208382 -0.00842644 0.999963 0.0206221 -0.137052 0.571057
FixedParameters: 0 0 0

#Transform 98
Transform: AffineTransform_float_3_3
Parameters: 0.999999 0.000587501 0.00140847 -0.000600092 0.999962 0.00862604 -0.00140403 -0.00862694 0.999962 0.0223457 -0.135009 0.523996
FixedParameters: 0 0 0

#Transform 99
Transform: AffineTransform_float_3_3
Parameters: 0.999999 0.000593341 0.00140707 -0.000602417 0.999983 0.00589015 -0.00140427 -0.00589085 0.999981 0.0304012 -0.163222 0.577467
FixedParameters: 0 0 0

#Transform 100
Transform: AffineTransform_float_3_3
Parameters: 1 -9.95307e-05 0.000583492 9.46e-05 0.999964 0.00847806 -0.000584616 -0.00847794 0.999964 0.0508408 -0.138891 0.535807
FixedParameters: 0 0 0

#Transform 101
Transform: AffineTransform_float_3_3
Parameters: 1 -0.000352213 0.000105902 0.000351074 0.999964 0.00847804 -0.000108776 -0.00847796 0.999964 0.0552508 -0.155554 0.52392
FixedParameters: 0 0 0

#Transform 102
Transform: AffineTransform_float_3_3
Parameters: 1 -0.00049319 7.89854e-08 0.000492631 0.99996 0.008938 -3.91778e-06 -0.008938 0.99996 0.0422197 -0.161908 0.516921
FixedParameters: 0 0 0

#Transform 103
Transform: AffineTransform_float_3_3
Parameters: 1 -0.000659747 0.000241541 0.000657665 0.999957 0.00927116 -0.000248469 -0.00927084 0.999957 0.0361462 -0.166241 0.4829
FixedParameters: 0 0 0

#Transform 104
Transform: AffineTransform_float_3_3
Parameters: 1 -0.000518737 0.000223546 0.000517189 0.999958 0.00909611 -0.000228677 -0.00909587 0.999958 0.0404626 -0.187199 0.493237
FixedParameters: 0 0 0

#Transform 105
Transform: AffineTransform_float_3_3
Parameters: 0.999999 -0.000575465 0.000716009 0.000568007 0.999953 0.00966842 -0.00072136 -0.00966858 0.999953 0.0364633 -0.189622 0.484776
FixedParameters: 0 0 0

#Transform 106
Transform: AffineTransform_float_3_3
Parameters: 0.999999 -0.000562508 0.000604904 0.000556657 0.999956 0.00937734 -0.000610794 -0.00937666 0.999956 0.0348158 -0.188067 0.459703
FixedParameters: 0 0 0

#Transform 107
Transform: AffineTransform_float_3_3
Parameters: 0.999999 -0.000556972 0.000555073 0.000551647 0.999953 0.00965731 -0.00056018 -0.0096567 0.999953 0.037784 -0.203223 0.449968
FixedParameters: 0 0 0

#Transform 108
Transform: AffineTransform_float_3_3
Parameters: 0.999999 -0.000388179 0.000759684 0.000381186 0.999954 0.0096092 -0.000763258 -0.0096098 0.999954 0.0440304 -0.197893 0.481968
FixedParameters: 0 0 0

#Transform 109
Transform: AffineTransform_float_3_3
Parameters: 1 -0.00032514 0.000491119 0.000320327 0.999953 0.00961715 -0.00049382 -0.00961683 0.999953 0.0515076 -0.189751 0.464071
FixedParameters: 0 0 0

#Transform 110
Transform: AffineTransform_float_3_3
Parameters: 0.999999 -0.000462582 0.000659346 0.000455732 0.999948 0.0101213 -0.000663931 -0.0101207 0.999948 0.0566413 -0.207261 0.493074
FixedParameters: 0 0 0

#Transform 111
Transform: AffineTransform_float_3_3
Parameters: 1 -0.000214766 0.000631553 0.000208814 0.999949 0.0101211 -0.000634115 -0.0101209 0.999948 0.0590976 -0.173677 0.510488
FixedParameters: 0 0 0

#Transform 112
Transform: AffineTransform_float_3_3
Parameters: 1 -8.20518e-05 0.000650886 7.594e-05 0.999949 0.0100359 -0.00065174 -0.0100361 0.99995 0.0588807 -0.181038 0.506338
FixedParameters: 0 0 0

#Transform 113
Transform: AffineTransform_float_3_3
Parameters: 1 -0.000257413 0.00050488 0.000252164 0.999951 0.00989013 -0.000507408 -0.00988987 0.999951 0.0522713 -0.171238 0.507985
FixedParameters: 0 0 0

#Transform 114
Transform: AffineTransform_float_3_3
Parameters: 1 -0.000508208 0.00013103 0.00050719 0.999957 0.00932808 -0.00013532 -0.00932794 0.999957 0.0360917 -0.19503 0.533319
FixedParameters: 0 0 0

#Transform 115
Transform: AffineTransform_float_3_3
Parameters: 1 -3.27327e-06 -0.000129218 4.68617e-06 0.999953 0.009689 0.000130031 -0.009689 0.999953 0.0376569 -0.183333 0.559306
FixedParameters: 0 0 0

#Transform 116
Transform: AffineTransform_float_3_3
Parameters: 0.999998 -0.000710517 0.00188193 0.000691254 0.999948 0.0102442 -0.00188923 -0.0102428 0.999945 0.0103767 -0.212738 0.554598
FixedParameters: 0 0 0

#Transform 117
Transform: AffineTransform_float_3_3
Parameters: 0.999998 -0.000696895 0.00174604 0.000677346 0.999935 0.0113751 -0.00175351 -0.0113739 0.999933 0.00901949 -0.191887 0.540347
FixedParameters: 0 0 0

#Transform 118
Transform: AffineTransform_float_3_3
Parameters: 0.999999 -0.00122897 0.0014055 0.00121166 0.999927 0.0119786 -0.00141992 -0.0119774 0.999927 -0.00303842 -0.223919 0.526972
FixedParameters: 0 0 0

#Transform 119
Transform: AffineTransform_float_3_3
Parameters: 0.999998 -0.00120431 0.0011938 0.00118981 0.999926 0.0120935 -0.00120815 -0.0120916 0.999926 0.00354138 -0.220553 0.526694
FixedParameters: 0 0 0

#Transform 120
Transform: AffineTransform_float_3_3
Parameters: 0.999998 -0.00118803 0.00105134 0.0011752 0.999921 0.0124633 -0.0010663 -0.0124627 0.999921 0.0177422 -0.24585 0.5033
FixedParameters: 0 0 0

#Transform 121
Transform: AffineTransform_float_3_3
Parameters: 0.999999 -0.00112759 0.000532956 0.00112069 0.999911 0.0133096 -0.000548017 -0.0133094 0.999911 0.0381374 -0.240282 0.549594
FixedParameters: 0 0 0

#Transform 122
Transform: AffineTransform_float_3_3
Parameters: 1 -0.00108618 0.000184911 0.00108386 0.999917 0.0128363 -0.00019942 -0.0128357 0.999917 0.0409726 -0.237653 0.560902
FixedParameters: 0 0 0

#Transform 123
Transform: AffineTransform_float_3_3
Parameters: 0.999999 -0.000721765 2.70633e-05 0.000721559 0.999957 0.00931912 -3.44423e-05 -0.00931887 0.999956 0.0288088 -0.248532 0.473301
FixedParameters: 0 0 0

#Transform 124
Transform: AffineTransform_float_3_3
Parameters: 0.999999 -0.00124573 -0.000598341 0.00125248 0.999925 0.0121774 0.000583202 -0.0121786 0.999925 0.0398639 -0.241701 0.528831
FixedParameters: 0 0 0

#Transform 125
Transform: AffineTransform_float_3_3
Parameters: 0.999998 -0.00133757 -0.00146025 0.00135567 0.999922 0.012391 0.0014441 -0.012393 0.999923 0.0224338 -0.242685 0.502047
FixedParameters: 0 0 0

#Transform 126
Transform: AffineTransform_float_3_3
Parameters: 0.999998 -0.000946759 -0.00209118 0.000972934 0.99992 0.0126129 0.00207927 -0.0126141 0.999918 0.0201983 -0.234163 0.410758
FixedParameters: 0 0 0

#Transform 127
Transform: AffineTransform_float_3_3
Parameters: 0.999998 -0.0011124 -0.00130207 0.00113027 0.99991 0.0133475 0.00128747 -0.0133495 0.99991 0.0346461 -0.266951 0.471623
FixedParameters: 0 0 0

#Transform 128
Transform: AffineTransform_float_3_3
Parameters: 0.999998 -0.0011464 -0.00134007 0.00116374 0.999913 0.0131434 0.00132494 -0.0131455 0.999913 0.0257419 -0.24839 0.510992
FixedParameters: 0 0 0

#Transform 129
Transform: AffineTransform_float_3_3
Parameters: 0.999998 -0.00132461 -0.00155797 0.00134625 0.999908 0.0134359 0.00154009 -0.0134381 0.999908 0.0206678 -0.252707 0.518589
FixedParameters: 0 0 0

#Transform 130
Transform: AffineTransform_float_3_3
Parameters: 0.999998 -0.00178122 -0.0014017 0.00179993 0.999908 0.0134356 0.00137776 -0.0134384 0.999909 -0.01057 -0.250904 0.465694
FixedParameters: 0 0 0

#Transform 131
Transform: AffineTransform_float_3_3
Parameters: 0.999998 -0.00181789 -0.000977523 0.00183151 0.999898 0.0141964 0.000951412 -0.0141976 0.999899 0.0162531 -0.270183 0.499594
FixedParameters: 0 0 0

#Transform 132
Transform: AffineTransform_float_3_3
Parameters: 0.999998 -0.00155535 -0.00130323 0.00157253 0.999909 0.01334 0.0012828 -0.013342 0.999911 0.00938908 -0.25158 0.472673
FixedParameters: 0 0 0

#Transform 133
Transform: AffineTransform_float_3_3
Parameters: 0.999998 -0.00118208 -0.00118144 0.00119772 0.99991 0.0133556 0.0011651 -0.0133574 0.99991 0.0121694 -0.244071 0.443696
FixedParameters: 0 0 0

#Transform 134
Transform: AffineTransform_float_3_3
Parameters: 0.999998 -0.00110177 -0.00116826 0.00111777 0.999906 0.0136527 0.0011534 -0.0136533 0.999906 0.0281115 -0.248974 0.427312
FixedParameters: 0 0 0

#Transform 135
Transform: AffineTransform_float_3_3
Parameters: 0.999998 -0.00153828 -0.00139368 0.00155766 0.999894 0.0144198 0.00137201 -0.0144222 0.999895 0.0353209 -0.263116 0.442632
FixedParameters: 0 0 0

#Transform 136
Transform: AffineTransform_float_3_3
Parameters: 0.999998 -0.00175302 -0.0015215 0.00177389 0.999898 0.0141084 0.0014966 -0.0141106 0.999899 0.0296739 -0.256815 0.475117
FixedParameters: 0 0 0

#Transform 137
Transform: AffineTransform_float_3_3
Parameters: 0.999997 -0.00137914 -0.00195693 0.00140613 0.999902 0.0139033 0.00193747 -0.0139057 0.999901 0.021213 -0.245859 0.490142
FixedParameters: 0 0 0

#Transform 138
Transform: AffineTransform_float_3_3
Parameters: 0.999998 -0.00159438 -0.0012726 0.00161373 0.999885 0.0150611 0.00124846 -0.0150629 0.999886 0.0218034 -0.273611 0.519806
FixedParameters: 0 0 0

#Transform 139
Transform: AffineTransform_float_3_3
Parameters: 0.999999 -0.00138086 -0.000672135 0.00138956 0.999921 0.0125452 0.000655646 -0.0125458 0.999921 0.0571033 -0.283414 0.608431
FixedParameters: 0 0 0

#Transform 140
Transform: AffineTransform_float_3_3
Parameters: 0.999999 -0.00148646 -0.00102296 0.00150026 0.999903 0.0138386 0.00100225 -0.0138404 0.999904 0.0372421 -0.227782 0.592615
FixedParameters: 0 0 0

#Transform 141
Transform: AffineTransform_float_3_3
Parameters: 0.999998 -0.0012326 -0.00143787 0.0012523 0.999903 0.0138482 0.00142047 -0.0138498 0.999903 0.0340334 -0.221889 0.549677
FixedParameters: 0 0 0

#Transform 142
Transform: AffineTransform_float_3_3
Parameters: 0.999998 -0.00117366 -0.00165608 0.001197 0.999897 0.014327 0.00163871 -0.014329 0.999896 0.0376359 -0.239537 0.555195
FixedParameters: 0 0 0

#Transform 143
Transform: AffineTransform_float_3_3
Parameters: 0.999999 -0.00127657 -0.000788063 0.00128881 0.999876 0.0157271 0.000768548 -0.0157279 0.999876 0.0611569 -0.226312 0.617956
FixedParameters: 0 0 0

#Transform 144
Transform: AffineTransform_float_3_3
Parameters: 0.999999 -0.0010816 -0.000654743 0.00109116 0.999888 0.0149184 0.000638398 -0.0149186 0.999888 0.0666388 -0.231052 0.61222
FixedParameters: 0 0 0

#Transform 145
Transform: AffineTransform_float_3_3
Parameters: 0.999999 -0.00103354 -0.000777079 0.00104505 0.999885 0.0150932 0.000761566 -0.0150938 0.999886 0.0693139 -0.2268 0.603243
FixedParameters: 0 0 0

#Transform 146
Transform: AffineTransform_float_3_3
Parameters: 0.999999 -0.0012897 -0.000680565 0.00130035 0.999879 0.0155102 0.000660439 -0.0155108 0.999879 0.0833874 -0.23481 0.667103
FixedParameters: 0 0 0

#Transform 147
Transform: AffineTransform_float_3_3
Parameters: 0.999998 -0.00122167 -0.00124263 0.00124112 0.999877 0.0156315 0.00122324 -0.0156325 0.999877 0.102791 -0.219489 0.605398
FixedParameters: 0 0 0

#Transform 148
Transform: AffineTransform_float_3_3
Parameters: 0.999995 -0.00185971 -0.00252303 0.00190516 0.999832 0.0182121 0.00248885 -0.0182169 0.999831 0.0626032 -0.208371 0.526709
FixedParameters: 0 0 0

#Transform 149
Transform: AffineTransform_float_3_3
Parameters: 0.999995 -0.00272756 -0.00171609 0.00276279 0.999779 0.0208646 0.00165915 -0.0208694 0.999781 -0.00382046 -0.149894 0.377758
FixedParameters: 0 0 0

#Transform 150
Transform: AffineTransform_float_3_3
Parameters: 0.999998 -0.00191403 -0.000142829 0.00191596 0.999812 0.019305 0.000105786 -0.019305 0.999813 0.0389871 -0.154881 0.446927
FixedParameters: 0 0 0

#Transform 151
Transform: AffineTransform_float_3_3
Parameters: 0.999997 -0.0024954 0.00019026 0.00249155 0.999821 0.0187198 -0.000236932 -0.0187191 0.999824 0.0121305 -0.164543 0.550887
FixedParameters: 0 0 0
