#Insight Transform File V1.0
#Transform 0
Transform: AffineTransform_float_3_3
Parameters: 1 0.000135566 -0.000598847 -0.000136495 0.999999 -0.000775918 0.000598636 0.000776081 0.999999 0.0114323 -0.0223307 0.0546934
FixedParameters: 0 0 0

#Transform 1
Transform: AffineTransform_float_3_3
Parameters: 0.999999 0.000377353 -0.000850631 -0.000378248 1 -0.000525895 0.000850234 0.000526105 1 0.0372504 -0.0213877 0.0187442
FixedParameters: 0 0 0

#Transform 2
Transform: AffineTransform_float_3_3
Parameters: 0.999999 0.000165411 -0.000729481 -0.000166025 1 -0.000420879 0.000729341 0.000421121 0.999999 0.0268782 -0.0331616 -0.0029787
FixedParameters: 0 0 0

#Transform 3
Transform: AffineTransform_float_3_3
Parameters: 1 9.77252e-05 -0.000432087 -9.85667e-05 0.999999 -0.000974174 0.000431896 0.000973826 1 0.00295083 -0.0190323 0.0103845
FixedParameters: 0 0 0

#Transform 4
Transform: AffineTransform_float_3_3
Parameters: 1 9.79187e-05 -0.000432043 -9.83732e-05 1 -0.000525957 0.000431939 0.000526042 1 0.00294632 -0.0317579 0.0179327
FixedParameters: 0 0 0

#Transform 5
Transform: AffineTransform_float_3_3
Parameters: 1 -0.000320335 -0.000526949 0.000320051 1 -0.000270169 0.000527122 0.000269831 1 -0.0079846 -0.020154 -0.0265683
FixedParameters: 0 0 0

#Transform 6
Transform: AffineTransform_float_3_3
Parameters: 0.999999 0.000187108 -0.000824023 -0.000187309 1 -0.000121846 0.000823978 0.000122154 0.999999 0.0230596 -0.0429138 -0.038843
FixedParameters: 0 0 0

#Transform 7
Transform: AffineTransform_float_3_3
Parameters: 1 0.000144627 -0.000636782 -0.000144716 1 -6.99078e-05 0.000636762 7.00921e-05 1 0.013429 -0.0536334 -0.00339234
FixedParameters: 0 0 0

#Transform 8
Transform: AffineTransform_float_3_3
Parameters: 1 -0.000169361 -0.000143996 0.000169431 1 -0.000526024 0.000143199 0.000525976 1 -0.0332946 0.00366046 0.013178
FixedParameters: 0 0 0

#Transform 9
Transform: AffineTransform_float_3_3
Parameters: 1 -0.000502386 -0.000249112 0.000502037 0.999999 -0.000700125 0.000249815 0.000699874 0.999999 -0.039517 -0.00343211 -0.0199615
FixedParameters: 0 0 0

#Transform 10
Transform: AffineTransform_float_3_3
Parameters: 0.999999 -0.000744145 -0.000105321 0.0007441 0.999999 -0.000215078 0.00010564 0.000214921 1 -0.0529803 -0.0212349 -0.0286109
FixedParameters: 0 0 0

#Transform 11
Transform: AffineTransform_float_3_3
Parameters: 0.999999 -0.000766817 5.73753e-05 0.000766792 1 0.000222093 -5.77165e-05 -0.000222907 1 -0.0602303 -0.05285 -0.0184412
FixedParameters: 0 0 0

#Transform 12
Transform: AffineTransform_float_3_3
Parameters: 0.999999 -0.000698856 0.000146986 0.00069893 0.999999 -0.000252897 -0.000146633 0.000253102 1 -0.0507628 -0.0509896 -0.0114095
FixedParameters: 0 0 0

#Transform 13
Transform: AffineTransform_float_3_3
Parameters: 0.999999 -0.000824729 0.000437915 0.00082442 0.999999 0.00035241 -0.000438497 -0.000352589 0.999999 -0.0678697 -0.0485983 0.0519174
FixedParameters: 0 0 0

#Transform 14
Transform: AffineTransform_float_3_3
Parameters: 1 -0.000626687 0.000295758 0.00062565 0.999999 0.00137523 -0.000296506 -0.00137577 0.999999 -0.0462254 -0.0685524 -0.00606665
FixedParameters: 0 0 0

#Transform 15
Transform: AffineTransform_float_3_3
Parameters: 1 -0.000524859 0.000169477 0.000524535 0.999999 0.000954873 -0.000170479 -0.000955127 1 -0.0320642 -0.0527937 -0.0528978
FixedParameters: 0 0 0

#Transform 16
Transform: AffineTransform_float_3_3
Parameters: 0.999999 -0.000652037 0.000406985 0.000650813 0.999999 0.00123127 -0.000407613 -0.00123073 0.999999 -0.0495783 -0.0963542 -0.0358579
FixedParameters: 0 0 0

#Transform 17
Transform: AffineTransform_float_3_3
Parameters: 1 -0.000606942 0.000210349 0.000606623 0.999999 0.000754176 -0.000211265 -0.000754822 0.999999 -0.0287907 -0.0491817 -0.0423689
FixedParameters: 0 0 0

#Transform 18
Transform: AffineTransform_float_3_3
Parameters: 1 -0.000606835 0.000210655 0.00060673 1 0.000250128 -0.000210958 -0.000249872 1 -0.0361777 -0.0202888 -0.0536958
FixedParameters: 0 0 0

#Transform 19
Transform: AffineTransform_float_3_3
Parameters: 1 -0.000449175 0.000121187 0.000448771 0.999999 0.000754103 -0.00012089 -0.000754896 0.999999 -0.0192301 -0.0407963 -0.047131
FixedParameters: 0 0 0

#Transform 20
Transform: AffineTransform_float_3_3
Parameters: 1 0.000282117 0.000287846 -0.000281243 1 0.000560919 -0.000288283 -0.000561081 1 -0.000208127 -0.0224261 -0.0200668
FixedParameters: 0 0 0

#Transform 21
Transform: AffineTransform_float_3_3
Parameters: 1 -0.00056448 2.42474e-05 0.000564453 0.999999 0.000542014 -2.48592e-05 -0.000541986 1 -0.0192583 -0.0228681 -0.00181451
FixedParameters: 0 0 0

#Transform 22
Transform: AffineTransform_float_3_3
Parameters: 1 -0.000577095 8.01362e-05 0.000577095 1 1.04625e-06 -8.01374e-05 -9.53753e-07 1 -0.0187665 -0.0210377 0.0312506
FixedParameters: 0 0 0

#Transform 23
Transform: AffineTransform_float_3_3
Parameters: 0.999999 -0.000636389 0.000341628 0.000635576 1 -0.000237783 -0.000341547 0.000238217 1 -0.0355326 0.00177877 -0.0157433
FixedParameters: 0 0 0

#Transform 24
Transform: AffineTransform_float_3_3
Parameters: 1 -0.000596995 0.000168042 0.000597074 1 -0.0002379 -0.000167758 0.0002381 1 -0.00641859 -0.0198151 0.00464059
FixedParameters: 0 0 0

#Transform 25
Transform: AffineTransform_float_3_3
Parameters: 1 -0.000507171 -0.000227821 0.000507001 1 -0.000373115 0.000228199 0.000372884 1 0.0139407 -0.0319228 0.00475217
FixedParameters: 0 0 0

#Transform 26
Transform: AffineTransform_float_3_3
Parameters: 1 0.000204585 7.91059e-05 -0.00020445 0.999999 -0.000855016 -7.94556e-05 0.000854983 0.999999 0.006486 -0.00429543 -0.0335597
FixedParameters: 0 0 0

#Transform 27
Transform: AffineTransform_float_3_3
Parameters: 1 -0.000507146 -0.000227876 0.000507026 0.999999 -0.000264165 0.000228145 0.000264835 1 -0.00587497 -0.0261573 -0.0446534
FixedParameters: 0 0 0

#Transform 28
Transform: AffineTransform_float_3_3
Parameters: 1 -0.000507275 -0.00022759 0.000506897 0.999999 -0.000829115 0.000228431 0.000828884 0.999999 -0.0059105 0.00710148 0.0109007
FixedParameters: 0 0 0

#Transform 29
Transform: AffineTransform_float_3_3
Parameters: 1 -0.000693555 -9.77201e-05 0.000693452 0.999999 -0.000522068 9.84441e-05 0.000521932 1 -0.0183246 0.00408265 -0.0432138
FixedParameters: 0 0 0

#Transform 30
Transform: AffineTransform_float_3_3
Parameters: 1 -0.000507187 -0.000227786 0.000506985 1 -0.000442115 0.000228234 0.000441884 1 -0.00587882 -0.0272514 -0.0253343
FixedParameters: 0 0 0

#Transform 31
Transform: AffineTransform_float_3_3
Parameters: 0.999999 -0.000732659 -0.000278365 0.000732254 0.999999 -0.0011242 0.000279036 0.0011238 1 -0.011845 0.0159795 -0.0583811
FixedParameters: 0 0 0

#Transform 32
Transform: AffineTransform_float_3_3
Parameters: 1 -0.000507379 -0.000227359 0.000506793 0.999999 -0.00128512 0.000228662 0.00128488 0.999999 0.0123923 0.0222407 -0.0526303
FixedParameters: 0 0 0

#Transform 33
Transform: AffineTransform_float_3_3
Parameters: 1 -0.000479516 -0.000350407 0.000478825 1 -0.000984952 0.000351351 0.000985048 0.999999 0.0115316 -0.0204005 -0.0495725
FixedParameters: 0 0 0

#Transform 34
Transform: AffineTransform_float_3_3
Parameters: 1 -0.000550088 -3.85206e-05 0.000550044 0.999999 -0.000565021 3.91422e-05 0.000564978 1 -0.0396485 -0.0702763 -0.0115776
FixedParameters: 0 0 0

#Transform 35
Transform: AffineTransform_float_3_3
Parameters: 0.999999 -0.000932925 -0.000181637 0.000932708 1 -0.000594954 0.000182747 0.000595046 1 -0.0370225 -0.013112 -0.019169
FixedParameters: 0 0 0

#Transform 36
Transform: AffineTransform_float_3_3
Parameters: 1 -0.00114153 -0.00022947 0.00114147 1 -0.000117046 0.000229737 0.000116954 1 -0.0423337 -0.053348 -0.0209347
FixedParameters: 0 0 0

#Transform 37
Transform: AffineTransform_float_3_3
Parameters: 1 -0.00114163 -0.00022893 0.00114136 0.999999 -0.000590046 0.000230277 0.000589954 1 -0.0308708 0.0092205 -0.030805
FixedParameters: 0 0 0

#Transform 38
Transform: AffineTransform_float_3_3
Parameters: 1 -0.0011415 -0.0002296 0.0011415 1 -3.04605e-06 0.000229607 2.95395e-06 1 -0.0326604 -0.0144748 -0.0631134
FixedParameters: 0 0 0

#Transform 39
Transform: AffineTransform_float_3_3
Parameters: 1 -0.00102837 -0.000203987 0.0010284 1 8.10063e-05 0.00020382 -8.09936e-05 1 -0.00388409 -0.00265125 -0.062579
FixedParameters: 0 0 0

#Transform 40
Transform: AffineTransform_float_3_3
Parameters: 0.999999 -0.00129071 -0.000263452 0.00129069 0.999999 -3.7124e-05 0.000263548 3.68759e-05 1 -0.0259337 0.00545809 -0.057637
FixedParameters: 0 0 0

#Transform 41
Transform: AffineTransform_float_3_3
Parameters: 1 -0.00114154 -0.000229424 0.00114146 1 -0.000157046 0.000229783 0.000156954 1 -0.0032859 0.0147763 -0.0842087
FixedParameters: 0 0 0

#Transform 42
Transform: AffineTransform_float_3_3
Parameters: 0.999999 -0.000983339 -0.000451452 0.000983659 1 0.000354772 0.000450754 -0.000355228 1 0.0118713 -0.0350349 -0.0844667
FixedParameters: 0 0 0

#Transform 43
Transform: AffineTransform_float_3_3
Parameters: 0.999999 -0.00122881 0.000154447 0.00122877 0.999999 0.000129406 -0.000154764 -0.000128594 1 -0.0230316 -0.00817157 -0.0477337
FixedParameters: 0 0 0

#Transform 44
Transform: AffineTransform_float_3_3
Parameters: 1 -0.00120661 5.75611e-05 0.00120688 0.999999 -0.000389715 -5.7595e-05 0.000390286 1 -0.0181217 0.04144 -0.0574003
FixedParameters: 0 0 0

#Transform 45
Transform: AffineTransform_float_3_3
Parameters: 1 -0.00115737 -0.000159377 0.00115731 0.999999 -0.000855969 0.000160383 0.000856031 0.999999 -0.0171367 0.0325745 -0.0464484
FixedParameters: 0 0 0

#Transform 46
Transform: AffineTransform_float_3_3
Parameters: 1 -0.00112108 -0.000319632 0.00112071 0.999999 -0.000589143 0.000320952 0.000588857 1 0.00134506 0.0339745 -0.0678238
FixedParameters: 0 0 0

#Transform 47
Transform: AffineTransform_float_3_3
Parameters: 1 -0.00118186 -5.11145e-05 0.001182 0.999999 -0.000855845 5.21628e-05 0.000856155 0.999999 -0.0124779 0.0604943 -0.0428519
FixedParameters: 0 0 0

#Transform 48
Transform: AffineTransform_float_3_3
Parameters: 0.999999 -0.00126496 -0.00015521 0.00126496 0.999999 -0.000706981 0.000156024 0.000707019 1 -0.0332573 0.0602933 -0.0636092
FixedParameters: 0 0 0

#Transform 49
Transform: AffineTransform_float_3_3
Parameters: 1 -0.00114609 -0.000209218 0.00114599 0.999999 -0.000770024 0.000210008 0.000769976 0.999999 -0.0266594 0.0361245 -0.0569409
FixedParameters: 0 0 0

#Transform 50
Transform: AffineTransform_float_3_3
Parameters: 1 -0.00102712 -0.000182192 0.00102703 0.999999 -0.000855971 0.000182975 0.000856028 0.999999 -0.0114906 0.0386543 -0.0330543
FixedParameters: 0 0 0

#Transform 51
Transform: AffineTransform_float_3_3
Parameters: 1 -0.0011461 -0.000209193 0.00114599 0.999999 -0.000792024 0.000210033 0.000791976 0.999999 -0.00866624 0.0641569 -0.0486054
FixedParameters: 0 0 0

#Transform 52
Transform: AffineTransform_float_3_3
Parameters: 1 -0.00103186 -4.80412e-05 0.00103201 0.999999 -0.000747834 4.86098e-05 0.000748166 0.999999 -0.00593774 0.0549245 -0.0200392
FixedParameters: 0 0 0

#Transform 53
Transform: AffineTransform_float_3_3
Parameters: 1 -0.00114564 -0.000211202 0.00114555 0.999999 -0.000741026 0.000211924 0.000740974 0.999999 -0.00881863 0.0550234 -0.0480014
FixedParameters: 0 0 0

#Transform 54
Transform: AffineTransform_float_3_3
Parameters: 1 -0.00115337 -0.000177066 0.00115333 0.999999 -0.000740989 0.0001778 0.000741011 0.999999 -0.00969365 0.0801175 -0.0773593
FixedParameters: 0 0 0

#Transform 55
Transform: AffineTransform_float_3_3
Parameters: 1 -0.00111845 -0.000331277 0.00111825 0.999999 -0.000641155 0.000331736 0.000640845 1 0.00260548 0.0773425 -0.0620702
FixedParameters: 0 0 0

#Transform 56
Transform: AffineTransform_float_3_3
Parameters: 1 -0.00116132 -0.000141955 0.00116133 0.999999 -0.000740949 0.0001427 0.000741051 0.999999 -0.0071305 0.0707512 -0.0104231
FixedParameters: 0 0 0

#Transform 57
Transform: AffineTransform_float_3_3
Parameters: 0.999999 -0.00099458 -0.000103838 0.000994572 0.999999 -0.0010981 0.000105047 0.0010979 1 0.000146573 0.104687 -0.0209176
FixedParameters: 0 0 0

#Transform 58
Transform: AffineTransform_float_3_3
Parameters: 0.999999 -0.000931365 -0.00026099 0.000931133 0.999999 -0.000868027 0.000261631 0.000867973 0.999999 0.00898973 0.0994752 -0.0356458
FixedParameters: 0 0 0

#Transform 59
Transform: AffineTransform_float_3_3
Parameters: 1 -0.00116128 -0.000142333 0.00116138 0.999999 -0.00041495 0.000142322 0.000415051 1 -0.00304363 0.0465391 -0.0437364
FixedParameters: 0 0 0

#Transform 60
Transform: AffineTransform_float_3_3
Parameters: 1 -0.00116132 -0.000141955 0.00116133 0.999999 -0.000740949 0.0001427 0.000741051 0.999999 -0.00711523 0.0598087 -0.028402
FixedParameters: 0 0 0

#Transform 61
Transform: AffineTransform_float_3_3
Parameters: 1 -0.00116132 -0.000141955 0.00116133 0.999999 -0.000740949 0.0001427 0.000741051 0.999999 -0.00711685 0.0628396 -0.0416969
FixedParameters: 0 0 0

#Transform 62
Transform: AffineTransform_float_3_3
Parameters: 1 -0.00116132 -0.000141955 0.00116133 0.999999 -0.000740949 0.0001427 0.000741051 0.999999 -0.00711825 0.0654613 -0.0531969
FixedParameters: 0 0 0

#Transform 63
Transform: AffineTransform_float_3_3
Parameters: 0.999999 0.000179373 0.000922424 -0.000180899 0.999998 0.00200478 -0.000922234 -0.00200421 0.999997 -0.0615927 -0.100944 0.0985126
FixedParameters: 0 0 0

#Transform 64
Transform: AffineTransform_float_3_3
Parameters: 1 -0.00111333 0.000331365 0.00111316 0.999997 0.00218837 -0.000332868 -0.00218763 0.999998 -0.00438132 -0.0555816 -0.0545876
FixedParameters: 0 0 0

#Transform 65
Transform: AffineTransform_float_3_3
Parameters: 1 -0.00108077 0.000190763 0.00108072 0.999998 0.00151842 -0.000191872 -0.00151758 0.999999 -0.015547 -0.0594092 -0.0110633
FixedParameters: 0 0 0

#Transform 66
Transform: AffineTransform_float_3_3
Parameters: 0.999999 -0.000906401 -2.85092e-05 0.000906241 0.999999 0.00111098 2.74705e-05 -0.00111103 1 0.00355176 -0.0300999 -0.0500849
FixedParameters: 0 0 0

#Transform 67
Transform: AffineTransform_float_3_3
Parameters: 1 -0.000967478 -0.000304684 0.00096772 0.999999 0.000760922 0.000304187 -0.000761079 0.999999 0.00993056 -0.00985939 -0.0583859
FixedParameters: 0 0 0

#Transform 68
Transform: AffineTransform_float_3_3
Parameters: 0.999999 -0.000818391 -9.93051e-05 0.000819271 1 0.000639135 9.94554e-05 -0.000638866 1 0.0210024 -0.022185 -0.0694527
FixedParameters: 0 0 0

#Transform 69
Transform: AffineTransform_float_3_3
Parameters: 1 -0.0010073 -0.000129932 0.00100721 1 0.000532135 0.000129835 -0.000532866 1 0.0221182 0.00390206 -0.0798481
FixedParameters: 0 0 0

#Transform 70
Transform: AffineTransform_float_3_3
Parameters: 0.999999 -0.000655287 -0.000320293 0.000655427 0.999999 0.000218741 0.000320006 -0.000218259 1 0.0562716 0.0204008 -0.0851229
FixedParameters: 0 0 0

#Transform 71
Transform: AffineTransform_float_3_3
Parameters: 0.999999 -0.000775895 -0.00033119 0.000775944 0.999999 7.3743e-05 0.000331075 -7.42569e-05 1 0.0503754 0.00412172 -0.0617505
FixedParameters: 0 0 0

#Transform 72
Transform: AffineTransform_float_3_3
Parameters: 0.999999 -0.000712121 -0.000246187 0.000712318 0.999999 0.000399825 0.000245617 -0.000400175 1 0.0507575 -0.0101067 -0.0737453
FixedParameters: 0 0 0

#Transform 73
Transform: AffineTransform_float_3_3
Parameters: 0.999999 -0.000678754 -0.000316355 0.000678855 1 0.000158785 0.000316139 -0.000159215 1 0.0584773 0.0375555 -0.0994978
FixedParameters: 0 0 0

#Transform 74
Transform: AffineTransform_float_3_3
Parameters: 0.999999 -0.000654338 -0.000401106 0.000654305 1 0.000234738 0.000401774 -0.000235263 1 0.0631429 -0.0133839 -0.0948506
FixedParameters: 0 0 0

#Transform 75
Transform: AffineTransform_float_3_3
Parameters: 0.999999 -0.000399298 -0.000638497 0.000398722 1 0.000312696 0.000638026 -0.000312304 1 0.0868541 -0.0185262 -0.0513234
FixedParameters: 0 0 0

#Transform 76
Transform: AffineTransform_float_3_3
Parameters: 1 -0.000486053 -0.000406656 0.000486082 1 -0.000237198 0.000405911 0.000236803 1 0.0692735 0.0348968 -0.0255649
FixedParameters: 0 0 0

#Transform 77
Transform: AffineTransform_float_3_3
Parameters: 1 6.69425e-05 -0.000100681 -6.69903e-05 1 -0.000236993 0.000100649 0.000237007 1 0.0760043 0.0534398 -0.0449045
FixedParameters: 0 0 0

#Transform 78
Transform: AffineTransform_float_3_3
Parameters: 1 -0.000203181 -0.000577336 0.000203092 1 -7.71173e-05 0.000577368 7.68827e-05 1 0.0868365 -0.0187741 -0.00241871
FixedParameters: 0 0 0

#Transform 79
Transform: AffineTransform_float_3_3
Parameters: 1 -0.000330049 -0.000606075 0.000329762 1 -0.0002372 0.000606231 0.0002368 1 0.0900551 -0.0114922 0.00342139
FixedParameters: 0 0 0

#Transform 80
Transform: AffineTransform_float_3_3
Parameters: 0.999999 -0.000426248 -0.00062822 0.000426421 1 0.000313732 0.000628928 -0.000314268 1 0.0810064 -0.0497279 -0.0196439
FixedParameters: 0 0 0

#Transform 81
Transform: AffineTransform_float_3_3
Parameters: 1 -0.000314968 -0.000186862 0.000315086 0.999992 0.00412116 0.000185994 -0.00412084 0.999991 0.0449039 -0.164046 -0.00881038
FixedParameters: 0 0 0

#Transform 82
Transform: AffineTransform_float_3_3
Parameters: 1 -0.000337372 -0.000569663 0.000338301 0.999998 0.00167276 0.000568311 -0.00167224 0.999998 0.0604942 -0.0440986 0.0318319
FixedParameters: 0 0 0

#Transform 83
Transform: AffineTransform_float_3_3
Parameters: 1 0.000284654 -0.000427195 -0.000283741 0.999998 0.00195112 0.000427107 -0.00195088 0.999998 0.076807 -0.0892979 -0.0364929
FixedParameters: 0 0 0

#Transform 84
Transform: AffineTransform_float_3_3
Parameters: 1 -1.86433e-05 -0.000228855 1.88891e-05 1 0.000536996 0.000228834 -0.000537004 1 0.0610582 0.023245 0.0592786
FixedParameters: 0 0 0

#Transform 85
Transform: AffineTransform_float_3_3
Parameters: 1 -0.000447609 -8.81933e-05 0.000447709 0.999998 0.00182996 8.753e-05 -0.00183004 0.999999 0.0384261 -0.0261607 -0.0536811
FixedParameters: 0 0 0

#Transform 86
Transform: AffineTransform_float_3_3
Parameters: 1 -0.000423914 -0.000191564 0.000424436 0.999998 0.00194292 0.000190891 -0.00194308 0.999998 0.0526482 -0.0391024 -0.0502689
FixedParameters: 0 0 0

#Transform 87
Transform: AffineTransform_float_3_3
Parameters: 1 -0.000423211 -0.000194559 0.000423809 0.999997 0.00211092 0.000193746 -0.00211108 0.999998 0.0608442 -0.0452149 -0.0375334
FixedParameters: 0 0 0

#Transform 88
Transform: AffineTransform_float_3_3
Parameters: 1 -0.000354042 0.000273909 0.000354128 0.999998 0.0016201 -0.000274834 -0.0016199 0.999998 0.0430631 -0.032998 -0.0425457
FixedParameters: 0 0 0

#Transform 89
Transform: AffineTransform_float_3_3
Parameters: 1 -0.000328381 -8.6386e-06 0.000328415 0.999998 0.002085 7.26918e-06 -0.002085 0.999998 0.0562184 -0.0457069 -0.0977334
FixedParameters: 0 0 0

#Transform 90
Transform: AffineTransform_float_3_3
Parameters: 1 -0.000477554 4.22187e-05 0.000478115 0.999998 0.00225602 -4.3178e-05 -0.00225598 0.999998 0.0528023 -0.0664144 -0.0827772
FixedParameters: 0 0 0

#Transform 91
Transform: AffineTransform_float_3_3
Parameters: 1 -0.00045764 -4.45244e-05 0.000457617 0.999998 0.00225498 4.34357e-05 -0.00225502 0.999998 0.0531171 -0.0645265 -0.0896837
FixedParameters: 0 0 0

#Transform 92
Transform: AffineTransform_float_3_3
Parameters: 1 -0.000455214 -5.49564e-05 0.000455169 0.999998 0.00161997 5.44568e-05 -0.00162002 0.999998 0.0668437 -0.022913 -0.0773906
FixedParameters: 0 0 0

#Transform 93
Transform: AffineTransform_float_3_3
Parameters: 1 -0.000392304 -0.000329125 0.00039357 0.999998 0.00226287 0.000328321 -0.00226313 0.999998 0.067755 -0.0628165 -0.084718
FixedParameters: 0 0 0

#Transform 94
Transform: AffineTransform_float_3_3
Parameters: 1 -0.000336063 -0.000575493 0.000336731 0.999998 0.00161981 0.000575157 -0.00162019 0.999998 0.0804136 -0.074843 -0.0653596
FixedParameters: 0 0 0

#Transform 95
Transform: AffineTransform_float_3_3
Parameters: 1 -0.000390978 -0.000334952 0.000392237 0.999998 0.00221208 0.000334195 -0.00221191 0.999997 0.0680837 -0.0588738 -0.112652
FixedParameters: 0 0 0

#Transform 96
Transform: AffineTransform_float_3_3
Parameters: 1 -0.00043214 -0.000155616 0.000432605 0.999998 0.00221415 0.000154677 -0.00221385 0.999997 0.0588869 -0.0591068 -0.0949905
FixedParameters: 0 0 0

#Transform 97
Transform: AffineTransform_float_3_3
Parameters: 1 -1.09216e-05 -0.000247705 1.09223e-05 0.999998 0.001971 0.00024744 -0.001971 0.999998 0.0950125 -0.0463058 -0.0851641
FixedParameters: 0 0 0

#Transform 98
Transform: AffineTransform_float_3_3
Parameters: 1 0.000100155 -0.000639773 -9.83215e-05 0.999999 0.00143306 0.000640057 -0.00143294 0.999999 0.111092 -0.00601819 -0.120942
FixedParameters: 0 0 0

#Transform 99
Transform: AffineTransform_float_3_3
Parameters: 1 -0.000333482 -0.00035342 0.000334582 0.999998 0.00186988 0.000353146 -0.00187012 0.999998 0.0709943 -0.0330136 -0.116532
FixedParameters: 0 0 0

#Transform 100
Transform: AffineTransform_float_3_3
Parameters: 1 -0.000425705 -0.000184218 0.000425747 0.999999 0.000713921 0.000184585 -0.000714078 0.999999 0.0603489 0.0181013 -0.0795463
FixedParameters: 0 0 0

#Transform 101
Transform: AffineTransform_float_3_3
Parameters: 1 -0.000331628 -0.000596676 0.000332614 0.999999 0.000825801 0.000596127 -0.000826197 0.999999 0.0814895 0.0400843 -0.0675234
FixedParameters: 0 0 0

#Transform 102
Transform: AffineTransform_float_3_3
Parameters: 0.999999 -0.000311562 -0.000684448 0.000312802 1 0.000905787 0.000683882 -0.000906214 1 0.0859968 0.0286259 -0.0806377
FixedParameters: 0 0 0

#Transform 103
Transform: AffineTransform_float_3_3
Parameters: 1 -0.000357878 -0.000482431 0.000358206 1 0.000339827 0.000482188 -0.000340173 1 0.0756294 0.034849 -0.0476909
FixedParameters: 0 0 0

#Transform 104
Transform: AffineTransform_float_3_3
Parameters: 1 -0.000209392 -0.000365349 0.000209084 1 -0.000421125 0.000365526 0.000421874 1 0.0759202 0.0699366 -0.0156801
FixedParameters: 0 0 0

#Transform 105
Transform: AffineTransform_float_3_3
Parameters: 1 0.000120268 -0.000642316 -0.000120317 1 -3.79227e-05 0.000642306 3.80772e-05 1 0.0998077 0.0567932 -0.0661051
FixedParameters: 0 0 0

#Transform 106
Transform: AffineTransform_float_3_3
Parameters: 1 -0.000348863 -0.000522355 0.000349055 1 0.000183769 0.000522227 -0.000183231 1 0.0776311 0.034124 -0.0448153
FixedParameters: 0 0 0

#Transform 107
Transform: AffineTransform_float_3_3
Parameters: 0.999999 -0.000252891 -0.000946398 0.000253255 1 -0.00032324 0.000946783 0.000322761 0.999999 0.0661773 0.0674001 0.0146176
FixedParameters: 0 0 0

#Transform 108
Transform: AffineTransform_float_3_3
Parameters: 0.999999 -0.000312513 -0.00068314 0.000312293 1 -0.000161213 0.00068324 0.000160786 1 0.0674348 0.0679693 -0.0249348
FixedParameters: 0 0 0

#Transform 109
Transform: AffineTransform_float_3_3
Parameters: 0.999999 -0.000275945 -0.00084496 0.000276283 1 -0.000377233 0.00084539 0.000376767 0.999999 0.0783799 0.0624261 -0.0249159
FixedParameters: 0 0 0

#Transform 110
Transform: AffineTransform_float_3_3
Parameters: 0.999999 -0.000322788 -0.000637372 0.000322844 1 4.37942e-05 0.000637344 -4.42057e-05 1 0.0686825 0.0543361 -0.0567964
FixedParameters: 0 0 0

#Transform 111
Transform: AffineTransform_float_3_3
Parameters: 0.999999 -6.79307e-05 -0.000924025 6.80157e-05 1 4.57212e-05 0.000924019 -4.62789e-05 1 0.0964458 0.0591791 -0.110876
FixedParameters: 0 0 0

#Transform 112
Transform: AffineTransform_float_3_3
Parameters: 1 0.000124729 -0.000615672 -0.000124282 1 0.000363076 0.000615762 -0.000362923 0.999999 0.0803725 0.0361732 -0.0849816
FixedParameters: 0 0 0

#Transform 113
Transform: AffineTransform_float_3_3
Parameters: 0.999999 6.69099e-05 -0.000818503 -6.70932e-05 1 -0.000111945 0.000818488 0.000112055 0.999999 0.0895014 0.0720992 -0.0894547
FixedParameters: 0 0 0

#Transform 114
Transform: AffineTransform_float_3_3
Parameters: 0.999999 -7.68758e-05 -0.000849105 7.67009e-05 1 -0.000103065 0.000849121 0.000102935 0.999999 0.095305 0.0736534 -0.096169
FixedParameters: 0 0 0

#Transform 115
Transform: AffineTransform_float_3_3
Parameters: 1 -0.000110908 -0.000668105 0.000110547 1 -0.000270074 0.000668165 0.000269926 0.999999 0.0789352 0.0616517 -0.0506734
FixedParameters: 0 0 0

#Transform 116
Transform: AffineTransform_float_3_3
Parameters: 0.999999 -0.000261983 -0.000905497 0.00026202 1 -0.000102237 0.000904575 0.000101763 0.999999 0.078907 0.057749 -0.0687079
FixedParameters: 0 0 0

#Transform 117
Transform: AffineTransform_float_3_3
Parameters: 0.999999 0.000209834 -0.000888595 -0.000210316 1 -0.000270813 0.000888481 0.000271186 0.999999 0.113285 0.0785283 -0.0777835
FixedParameters: 0 0 0

#Transform 118
Transform: AffineTransform_float_3_3
Parameters: 0.999999 -3.66225e-05 -0.000769193 3.6361e-05 1 -0.000170028 0.000769206 0.000169972 0.999999 0.099264 0.0780083 -0.0776874
FixedParameters: 0 0 0

#Transform 119
Transform: AffineTransform_float_3_3
Parameters: 1 -0.000107278 -0.000679586 0.000106909 1 -0.000271073 0.000679644 0.000270927 0.999999 0.0927995 0.0624858 -0.0540317
FixedParameters: 0 0 0

#Transform 120
Transform: AffineTransform_float_3_3
Parameters: 0.999999 0.000235029 -0.00079675 -0.000234688 1 -0.000397813 0.000796784 0.000398187 0.999999 0.11008 0.0873904 -0.0446439
FixedParameters: 0 0 0

#Transform 121
Transform: AffineTransform_float_3_3
Parameters: 0.999999 0.00020913 -0.000751365 -0.000210154 1 -0.000682059 0.000751079 0.000681941 1 0.107256 0.124369 -0.0523065
FixedParameters: 0 0 0

#Transform 122
Transform: AffineTransform_float_3_3
Parameters: 1 -0.000195333 -0.000540556 0.000195776 1 -0.000492106 0.00054097 0.000491894 0.999999 0.0956318 0.0930051 -0.0525204
FixedParameters: 0 0 0

#Transform 123
Transform: AffineTransform_float_3_3
Parameters: 1 -8.4526e-06 -0.00065409 9.10849e-06 1 -0.000244006 0.000654315 0.000243994 1 0.0951685 0.0826593 -0.0608507
FixedParameters: 0 0 0

#Transform 124
Transform: AffineTransform_float_3_3
Parameters: 1 -5.74478e-05 -0.000600624 5.7264e-05 1 -0.000153034 0.000600642 0.000152965 1 0.0911044 0.0971386 -0.0738572
FixedParameters: 0 0 0

#Transform 125
Transform: AffineTransform_float_3_3
Parameters: 1 -3.33207e-05 0.000306303 3.30316e-05 0.999998 0.00206401 -0.000306219 -0.00206399 0.999998 0.0396886 -0.051383 0.00516842
FixedParameters: 0 0 0

#Transform 126
Transform: AffineTransform_float_3_3
Parameters: 1 -0.000352756 8.43155e-05 0.000353404 0.999998 0.00192903 -8.54561e-05 -0.00192897 0.999998 0.0432175 -0.00170928 -0.0959512
FixedParameters: 0 0 0

#Transform 127
Transform: AffineTransform_float_3_3
Parameters: 1 -0.000530608 0.00027316 0.000530074 0.999997 0.00235015 -0.000274456 -0.00234986 0.999997 0.0293013 -0.0580886 -0.108074
FixedParameters: 0 0 0

#Transform 128
Transform: AffineTransform_float_3_3
Parameters: 1 -0.000512852 0.000196353 0.000512826 0.999998 0.0019821 -0.00019719 -0.0019819 0.999998 0.044456 -0.0165736 -0.128255
FixedParameters: 0 0 0

#Transform 129
Transform: AffineTransform_float_3_3
Parameters: 1 -0.00049279 0.000108398 0.000493009 0.999997 0.00245305 -0.000109619 -0.00245295 0.999997 0.0496661 -0.0409171 -0.127261
FixedParameters: 0 0 0

#Transform 130
Transform: AffineTransform_float_3_3
Parameters: 1 -0.000512944 0.000196112 0.000512733 0.999997 0.0024531 -0.000197431 -0.0024529 0.999997 0.0451853 -0.0714588 -0.107402
FixedParameters: 0 0 0

#Transform 131
Transform: AffineTransform_float_3_3
Parameters: 1 -0.000323824 0.00023962 0.000322521 0.999998 0.00225508 -0.000240103 -0.00225492 0.999998 0.0501754 -0.0358635 -0.110557
FixedParameters: 0 0 0

#Transform 132
Transform: AffineTransform_float_3_3
Parameters: 1 -0.000292661 0.00024675 0.00029225 0.999998 0.00235912 -0.000246933 -0.00235988 0.999997 0.0509337 -0.0339559 -0.143276
FixedParameters: 0 0 0

#Transform 133
Transform: AffineTransform_float_3_3
Parameters: 1 -0.000303348 0.00014577 0.000303605 0.999997 0.00245304 -0.000147038 -0.00245296 0.999997 0.067209 -0.0404412 -0.135095
FixedParameters: 0 0 0

#Transform 134
Transform: AffineTransform_float_3_3
Parameters: 1 -0.000512907 0.000196211 0.000512771 0.999998 0.0022591 -0.000197332 -0.0022589 0.999998 0.0493873 -0.0312047 -0.129511
FixedParameters: 0 0 0

#Transform 135
Transform: AffineTransform_float_3_3
Parameters: 1 -0.000349116 0.000233875 0.000347936 0.999998 0.00204808 -0.000234328 -0.00204792 0.999998 0.053505 -0.00372672 -0.128364
FixedParameters: 0 0 0

#Transform 136
Transform: AffineTransform_float_3_3
Parameters: 1 -0.000312046 0.000242411 0.000310895 0.999998 0.00191708 -0.00024263 -0.00191692 0.999998 0.0634888 -0.0171991 -0.116843
FixedParameters: 0 0 0

#Transform 137
Transform: AffineTransform_float_3_3
Parameters: 1 -3.42905e-05 0.00030608 3.30365e-05 0.999998 0.00204801 -0.000306218 -0.00204799 0.999998 0.0730222 -0.0355231 -0.0978286
FixedParameters: 0 0 0

#Transform 138
Transform: AffineTransform_float_3_3
Parameters: 1 -0.000223381 0.000262712 0.000222084 0.999998 0.00204806 -0.00026265 -0.00204794 0.999998 0.0725033 -0.0307963 -0.0873297
FixedParameters: 0 0 0

#Transform 139
Transform: AffineTransform_float_3_3
Parameters: 1 -0.000297334 0.000344334 0.000296204 0.999998 0.00163715 -0.000345306 -0.00163785 0.999998 0.066326 -0.0106871 -0.0643178
FixedParameters: 0 0 0

#Transform 140
Transform: AffineTransform_float_3_3
Parameters: 1 -0.000214208 0.000357172 0.000212847 0.999998 0.00190308 -0.000357985 -0.00190292 0.999998 0.0618699 -0.00561047 -0.0941648
FixedParameters: 0 0 0

#Transform 141
Transform: AffineTransform_float_3_3
Parameters: 1 -0.000259909 9.52503e-05 0.000259248 0.999998 0.00230203 -9.54702e-05 -0.00230198 0.999998 0.058652 -0.0245204 -0.0989161
FixedParameters: 0 0 0

#Transform 142
Transform: AffineTransform_float_3_3
Parameters: 1 -0.00051284 0.000196386 0.000512838 0.999998 0.0019191 -0.000197157 -0.0019189 0.999998 0.0486968 -0.0270721 -0.0703965
FixedParameters: 0 0 0

#Transform 143
Transform: AffineTransform_float_3_3
Parameters: 1 -0.000266246 0.000252899 0.000266007 0.999998 0.00196307 -0.000252747 -0.00196293 0.999998 0.0548318 -0.00113475 -0.109273
FixedParameters: 0 0 0

#Transform 144
Transform: AffineTransform_float_3_3
Parameters: 1 -9.05847e-05 0.00013107 9.0061e-05 0.999998 0.00199501 -0.000131431 -0.00199499 0.999998 0.0624366 -0.0222865 -0.114493
FixedParameters: 0 0 0

#Transform 145
Transform: AffineTransform_float_3_3
Parameters: 1 -0.000466814 -4.4817e-06 0.00046661 0.999997 0.002079 3.51626e-06 -0.002079 0.999998 0.0719913 -0.0104768 -0.129968
FixedParameters: 0 0 0

#Transform 146
Transform: AffineTransform_float_3_3
Parameters: 1 -0.000508279 0.000175537 0.000508093 0.999997 0.00266709 -0.00017705 -0.00266691 0.999997 0.078586 -0.0534661 -0.153209
FixedParameters: 0 0 0

#Transform 147
Transform: AffineTransform_float_3_3
Parameters: 1 -0.000435879 0.00010209 0.000436185 0.999997 0.00218504 -0.000102798 -0.00218495 0.999997 0.0843971 0.00463147 -0.123277
FixedParameters: 0 0 0

#Transform 148
Transform: AffineTransform_float_3_3
Parameters: 0.999999 -0.000967205 0.000226155 0.000966625 0.999996 0.00244527 -0.000228712 -0.00244573 0.999997 0.0445127 -0.0240555 -0.112876
FixedParameters: 0 0 0

#Transform 149
Transform: AffineTransform_float_3_3
Parameters: 1 -0.000477333 4.12083e-05 0.000477673 0.999997 0.00233102 -4.12626e-05 -0.00233098 0.999998 0.0636761 0.00865629 -0.108845
FixedParameters: 0 0 0

#Transform 150
Transform: AffineTransform_float_3_3
Parameters: 1 -0.000539957 1.41629e-05 0.000540401 0.999996 0.00298622 -1.5217e-05 -0.00298578 0.999995 0.0626076 -0.0357119 -0.105078
FixedParameters: 0 0 0

#Transform 151
Transform: AffineTransform_float_3_3
Parameters: 1 -0.000646158 0.000149589 0.000645693 0.999995 0.0033081 -0.000151691 -0.00330791 0.999995 0.0571046 -0.0479113 -0.113224
FixedParameters: 0 0 0
