# transform file /out/sourcedata/freesurfer/sub-v2s3x28798_ses-1/mri/transforms/cc_up.lta
# created by oesteban on Fri Mar 13 02:11:49 2026

type      = 0 # LINEAR_VOX_TO_VOX
nxforms   = 1
mean      = 126.0000 117.0000 123.0000
sigma     = 10000.0000
1 4 4
9.976356029510498e-01 7.142854854464531e-03 -6.835318356752396e-02 8.799246788024902e+00 
-7.126148324459791e-03 9.999744892120361e-01 4.882493230979890e-04 2.784174156188965e+01 
6.835492700338364e-02 0.000000000000000e+00 9.976610541343689e-01 -3.337689638137817e+00 
0.000000000000000e+00 0.000000000000000e+00 0.000000000000000e+00 1.000000000000000e+00 
src volume info
valid = 1  # volume info valid
filename = /out/sourcedata/freesurfer/sub-v2s3x28798_ses-1/mri/norm.mgz
volume = 256 256 256
voxelsize = 1.000000000000000e+00 1.000000000000000e+00 1.000000000000000e+00
xras   = -1.000000000000000e+00 0.000000000000000e+00 0.000000000000000e+00
yras   = 0.000000000000000e+00 0.000000000000000e+00 -1.000000000000000e+00
zras   = 0.000000000000000e+00 1.000000000000000e+00 0.000000000000000e+00
cras   = -4.943710327148438e+00 2.771067810058594e+01 1.206715393066406e+01
dst volume info
valid = 1  # volume info valid
filename = /out/sourcedata/freesurfer/sub-v2s3x28798_ses-1/mri/norm.mgz
volume = 256 256 256
voxelsize = 1.000000000000000e+00 1.000000000000000e+00 1.000000000000000e+00
xras   = -1.000000000000000e+00 0.000000000000000e+00 0.000000000000000e+00
yras   = 0.000000000000000e+00 0.000000000000000e+00 -1.000000000000000e+00
zras   = 0.000000000000000e+00 1.000000000000000e+00 0.000000000000000e+00
cras   = -4.943710327148438e+00 2.771067810058594e+01 1.206715393066406e+01
