#Insight Transform File V1.0
#Transform 0
Transform: AffineTransform_float_3_3
Parameters: 0.999998 -0.000835312 -0.00175193 0.000893254 0.99946 0.0328664 0.00172286 -0.0328676 0.999459 -0.176573 -1.3324 0.148092
FixedParameters: 0 0 0

#Transform 1
Transform: AffineTransform_float_3_3
Parameters: 0.999996 -0.000336373 -0.0028821 0.000434858 0.999409 0.0343766 0.002868 -0.0343774 0.999405 -0.16221 -1.49194 0.189966
FixedParameters: 0 0 0

#Transform 2
Transform: AffineTransform_float_3_3
Parameters: 0.999999 -0.000659815 -0.00138159 0.000710217 0.999326 0.036685 0.00135655 -0.036686 0.999326 -0.206876 -1.48217 0.155177
FixedParameters: 0 0 0

#Transform 3
Transform: AffineTransform_float_3_3
Parameters: 0.999998 -0.000642219 -0.0018802 0.000715445 0.99922 0.0394866 0.00185295 -0.0394874 0.999219 -0.222393 -1.48986 0.19471
FixedParameters: 0 0 0

#Transform 4
Transform: AffineTransform_float_3_3
Parameters: 0.999996 -0.000215883 -0.00278795 0.00031577 0.999356 0.035901 0.00277822 -0.035902 0.999351 -0.210317 -1.60845 0.237647
FixedParameters: 0 0 0

#Transform 5
Transform: AffineTransform_float_3_3
Parameters: 0.999997 -0.00115479 -0.00244691 0.00123599 0.999439 0.0334699 0.00240675 -0.0334731 0.999437 -0.259863 -1.52396 0.33402
FixedParameters: 0 0 0

#Transform 6
Transform: AffineTransform_float_3_3
Parameters: 0.999998 0.000386915 -0.00156381 -0.000318227 0.99904 0.0437934 0.00157937 -0.0437926 0.99904 -0.229143 -2.03801 0.0273163
FixedParameters: 0 0 0

#Transform 7
Transform: AffineTransform_float_3_3
Parameters: 1 0.000718894 -0.000879456 -0.000686109 0.999338 0.0363686 0.000905031 -0.0363684 0.999338 -0.167992 -1.97041 -0.0890381
FixedParameters: 0 0 0

#Transform 8
Transform: AffineTransform_float_3_3
Parameters: 0.999996 -0.00187222 0.00180878 0.00181266 0.999473 0.0323953 -0.00186843 -0.0323927 0.999474 0.270731 -0.974028 -0.451158
FixedParameters: 0 0 0

#Transform 9
Transform: AffineTransform_float_3_3
Parameters: 0.999999 -0.000505237 -0.000843271 0.000534919 0.999349 0.0360906 0.000824433 -0.0360905 0.999348 0.200687 -0.899822 -0.255136
FixedParameters: 0 0 0

#Transform 10
Transform: AffineTransform_float_3_3
Parameters: 0.999999 -0.000609934 0.000682839 0.000584063 0.999292 0.0376194 -0.000705684 -0.0376196 0.999292 0.0989009 -0.81231 -0.0723079
FixedParameters: 0 0 0

#Transform 11
Transform: AffineTransform_float_3_3
Parameters: 0.999999 0.000239025 0.000936946 -0.000280676 0.998991 0.0449097 -0.000925406 -0.0449102 0.99899 0.116605 -1.06064 -0.0370119
FixedParameters: 0 0 0

#Transform 12
Transform: AffineTransform_float_3_3
Parameters: 0.999999 0.000536424 0.000782195 -0.000573924 0.99882 0.0485495 -0.000755484 -0.0485494 0.99882 0.165536 -1.12539 -0.175349
FixedParameters: 0 0 0

#Transform 13
Transform: AffineTransform_float_3_3
Parameters: 1 0.000454945 -0.000977797 -0.000404277 0.998667 0.0516013 0.00100015 -0.0516007 0.998668 0.113604 -1.17387 -0.155084
FixedParameters: 0 0 0

#Transform 14
Transform: AffineTransform_float_3_3
Parameters: 0.999992 -0.00196988 -0.00331858 0.00191726 0.999877 -0.0156257 0.00334817 0.0156193 0.999872 0.307752 1.68816 0.894082
FixedParameters: 0 0 0

#Transform 15
Transform: AffineTransform_float_3_3
Parameters: 0.999996 -0.00171621 -0.00223603 0.00167546 0.99984 -0.0178049 0.00226635 0.0178011 0.999839 0.19775 1.7122 0.592221
FixedParameters: 0 0 0

#Transform 16
Transform: AffineTransform_float_3_3
Parameters: 0.999998 -0.00166622 -0.000917648 0.00165643 0.999939 -0.0109125 0.00093565 0.0109105 0.99994 0.0778868 1.59555 0.485021
FixedParameters: 0 0 0

#Transform 17
Transform: AffineTransform_float_3_3
Parameters: 0.999999 -0.00129823 -0.000668287 0.00129098 0.999951 -0.00986781 0.000680262 0.0098672 0.999951 0.0771177 1.31354 0.439921
FixedParameters: 0 0 0

#Transform 18
Transform: AffineTransform_float_3_3
Parameters: 0.999996 -0.000270071 -0.00288335 0.000233902 0.999923 -0.012397 0.0028863 0.012396 0.999919 0.265413 0.818546 0.2047
FixedParameters: 0 0 0

#Transform 19
Transform: AffineTransform_float_3_3
Parameters: 0.999998 -0.000313238 -0.00198857 0.000302486 0.999988 -0.00501669 0.00198936 0.0050163 0.999985 0.0564684 0.31705 0.17417
FixedParameters: 0 0 0

#Transform 20
Transform: AffineTransform_float_3_3
Parameters: 0.999998 -0.00105105 -0.00124021 0.00104874 0.999998 -0.00179531 0.00124214 0.00179369 0.999997 0.0190153 0.0654635 0.0292718
FixedParameters: 0 0 0

#Transform 21
Transform: AffineTransform_float_3_3
Parameters: 1 0.00101065 0.000373122 -0.0010123 0.999996 0.00242062 -0.00037022 -0.00242038 0.999997 0.00694093 -0.107432 -0.0587037
FixedParameters: 0 0 0

#Transform 22
Transform: AffineTransform_float_3_3
Parameters: 1 0.000383294 -1.35161e-05 -0.000383133 0.999995 0.002956 1.47846e-05 -0.00295599 0.999995 -0.0549082 -0.141549 0.207848
FixedParameters: 0 0 0

#Transform 23
Transform: AffineTransform_float_3_3
Parameters: 0.999999 0.000960582 -0.00102161 -0.000958056 0.999994 0.00310799 0.00102527 -0.00310701 0.999994 -0.0825643 -0.47567 0.380548
FixedParameters: 0 0 0

#Transform 24
Transform: AffineTransform_float_3_3
Parameters: 0.999994 0.0023507 0.00277763 -0.00231145 0.999898 -0.0141226 -0.00281041 0.0141164 0.999896 -0.112782 -0.343029 0.953118
FixedParameters: 0 0 0

#Transform 25
Transform: AffineTransform_float_3_3
Parameters: 0.999987 0.00233018 0.00466913 -0.00222298 0.999734 -0.0229503 -0.00472177 0.0229397 0.999726 -0.222791 -0.259784 1.7755
FixedParameters: 0 0 0

#Transform 26
Transform: AffineTransform_float_3_3
Parameters: 0.999985 0.00299269 0.00448991 -0.00292245 0.999872 -0.0157407 -0.00453635 0.0157273 0.999866 -0.22985 -0.40821 2.1319
FixedParameters: 0 0 0

#Transform 27
Transform: AffineTransform_float_3_3
Parameters: 0.999996 0.0011478 0.00257624 -0.00109794 0.999814 -0.0192542 -0.00259824 0.0192509 0.999812 -0.0346501 -0.180982 1.36447
FixedParameters: 0 0 0

#Transform 28
Transform: AffineTransform_float_3_3
Parameters: 0.999997 0.0019794 0.00189111 -0.00195513 0.999914 -0.0129427 -0.00191687 0.0129383 0.999914 -0.139671 -0.550637 1.6905
FixedParameters: 0 0 0

#Transform 29
Transform: AffineTransform_float_3_3
Parameters: 0.999995 0.00286373 0.00118294 -0.00285016 0.999932 -0.0112871 -0.00121536 0.0112839 0.999935 -0.138453 -0.763706 1.85172
FixedParameters: 0 0 0

#Transform 30
Transform: AffineTransform_float_3_3
Parameters: 0.999994 0.00293557 0.00150172 -0.00291652 0.999918 -0.0124762 -0.00153806 0.0124718 0.999921 -0.176325 -0.838725 1.81798
FixedParameters: 0 0 0

#Transform 31
Transform: AffineTransform_float_3_3
Parameters: 0.999993 0.0034854 0.000841651 -0.00347741 0.999947 -0.00965555 -0.000875432 0.00965246 0.999953 -0.176527 -0.959255 1.80357
FixedParameters: 0 0 0

#Transform 32
Transform: AffineTransform_float_3_3
Parameters: 0.999995 0.00304204 0.000619421 -0.00303678 0.999955 -0.00900363 -0.000646536 0.00900138 0.99996 -0.1603 -1.07213 1.75226
FixedParameters: 0 0 0

#Transform 33
Transform: AffineTransform_float_3_3
Parameters: 0.999998 0.00188686 -0.000220257 -0.00188922 0.999914 -0.0130295 0.000196364 0.0130296 0.999915 -0.132808 -1.0198 1.80668
FixedParameters: 0 0 0

#Transform 34
Transform: AffineTransform_float_3_3
Parameters: 0.999997 0.00191173 0.00136378 -0.00189219 0.999894 -0.0144186 -0.00139109 0.0144155 0.999895 -0.164791 -1.02135 1.67229
FixedParameters: 0 0 0

#Transform 35
Transform: AffineTransform_float_3_3
Parameters: 0.999998 -2.93085e-05 0.00191905 7.73089e-05 0.999687 -0.0250181 -0.00191807 0.025018 0.999685 -0.20589 -0.106228 1.29048
FixedParameters: 0 0 0

#Transform 36
Transform: AffineTransform_float_3_3
Parameters: 0.999997 -0.000767027 0.00207559 0.000804955 0.999836 -0.0180985 -0.00206202 0.0181005 0.999834 -0.108427 -0.693316 0.717784
FixedParameters: 0 0 0

#Transform 37
Transform: AffineTransform_float_3_3
Parameters: 0.999997 -6.72601e-05 0.00265454 0.000118252 0.999818 -0.0190461 -0.00265185 0.0190459 0.999815 -0.105112 -0.741447 0.811861
FixedParameters: 0 0 0

#Transform 38
Transform: AffineTransform_float_3_3
Parameters: 0.999963 -0.00859513 -0.00123936 0.00858819 0.999952 -0.00479603 0.00128096 0.00478497 0.999988 -0.27244 1.55663 -0.207431
FixedParameters: 0 0 0

#Transform 39
Transform: AffineTransform_float_3_3
Parameters: 0.999986 -0.00211173 -0.0048859 0.00216317 0.999941 0.0105899 0.00486269 -0.0106001 0.999932 0.310133 0.264793 -0.953769
FixedParameters: 0 0 0

#Transform 40
Transform: AffineTransform_float_3_3
Parameters: 0.999997 -0.00149188 0.00229222 0.00147436 0.999969 0.00776827 -0.00230383 -0.00776473 0.999967 0.0414798 -0.290184 -0.142642
FixedParameters: 0 0 0

#Transform 41
Transform: AffineTransform_float_3_3
Parameters: 0.999997 -0.000937184 0.00244529 0.000930605 0.999996 0.00274106 -0.00244787 -0.00273794 0.999993 0.0120878 -0.564238 -0.3049
FixedParameters: 0 0 0

#Transform 42
Transform: AffineTransform_float_3_3
Parameters: 0.999994 -0.00330037 0.00159981 0.00327789 0.999898 0.0138776 -0.00164522 -0.0138724 0.999902 0.170243 0.191675 -0.74447
FixedParameters: 0 0 0

#Transform 43
Transform: AffineTransform_float_3_3
Parameters: 0.999999 -0.00171068 -0.000283973 0.00171536 0.999817 0.0190487 0.000251379 -0.0190483 0.999818 0.243099 -0.255016 -0.751246
FixedParameters: 0 0 0

#Transform 44
Transform: AffineTransform_float_3_3
Parameters: 0.999999 -0.00127538 -8.75344e-05 0.00127631 0.999871 0.016006 6.66305e-05 -0.016006 0.999872 0.196117 -0.395919 -0.816218
FixedParameters: 0 0 0

#Transform 45
Transform: AffineTransform_float_3_3
Parameters: 0.999999 -0.00167418 -0.000604548 0.0016866 0.999788 0.0205542 0.000570666 -0.0205548 0.999788 0.290485 -0.384577 -1.1662
FixedParameters: 0 0 0

#Transform 46
Transform: AffineTransform_float_3_3
Parameters: 0.999998 -0.00178306 -0.000694677 0.00179798 0.999751 0.0222479 0.000654954 -0.0222491 0.999753 0.30191 -0.424908 -1.20869
FixedParameters: 0 0 0

#Transform 47
Transform: AffineTransform_float_3_3
Parameters: 0.999999 -0.00115699 -0.00104677 0.00118034 0.999747 0.0224548 0.00102058 -0.0224562 0.999748 0.234621 -0.556364 -1.12514
FixedParameters: 0 0 0

#Transform 48
Transform: AffineTransform_float_3_3
Parameters: 0.999999 -0.000580681 -0.00166343 0.000617705 0.999756 0.0220719 0.00165024 -0.0220721 0.999755 0.189101 -0.644849 -1.09845
FixedParameters: 0 0 0

#Transform 49
Transform: AffineTransform_float_3_3
Parameters: 1 -8.88594e-05 0.000191324 8.50998e-05 0.999804 0.019786 -0.000192466 -0.019786 0.999804 0.16174 -0.683113 -1.06668
FixedParameters: 0 0 0

#Transform 50
Transform: AffineTransform_float_3_3
Parameters: 1 0.000117274 0.000280214 -0.000121629 0.999856 0.017013 -0.00027776 -0.017013 0.999855 0.156672 -0.747118 -1.12744
FixedParameters: 0 0 0

#Transform 51
Transform: AffineTransform_float_3_3
Parameters: 1 0.000405194 0.000567923 -0.000414612 0.999874 0.0158778 -0.000561271 -0.0158782 0.999874 0.150327 -0.743705 -1.1387
FixedParameters: 0 0 0

#Transform 52
Transform: AffineTransform_float_3_3
Parameters: 1 0.000189683 0.000587822 -0.000200615 0.999821 0.0189559 -0.000583567 -0.0189561 0.99982 0.130743 -0.782924 -1.20324
FixedParameters: 0 0 0

#Transform 53
Transform: AffineTransform_float_3_3
Parameters: 1 9.33646e-05 0.000515508 -0.000104342 0.999789 0.0205209 -0.000512677 -0.0205211 0.99979 0.0647528 -0.955066 -0.973168
FixedParameters: 0 0 0

#Transform 54
Transform: AffineTransform_float_3_3
Parameters: 1 0.000302819 -0.000122069 -0.000300091 0.999849 0.017388 0.000127415 -0.017388 0.999849 -0.090267 -1.08641 -0.445465
FixedParameters: 0 0 0

#Transform 55
Transform: AffineTransform_float_3_3
Parameters: 1 0.000421317 0.000291206 -0.0004271 0.999836 0.0180669 -0.000283546 -0.0180671 0.999836 -0.0969454 -1.08434 -0.66312
FixedParameters: 0 0 0

#Transform 56
Transform: AffineTransform_float_3_3
Parameters: 0.999999 0.000499039 0.00057193 -0.00050998 0.999799 0.0200658 -0.000561805 -0.0200662 0.999798 -0.112151 -1.21786 -0.702502
FixedParameters: 0 0 0

#Transform 57
Transform: AffineTransform_float_3_3
Parameters: 0.999999 0.000473247 0.000832024 -0.000489747 0.999785 0.0207346 -0.000821718 -0.0207354 0.999784 -0.113919 -1.24396 -0.631821
FixedParameters: 0 0 0

#Transform 58
Transform: AffineTransform_float_3_3
Parameters: 0.999999 0.000654039 0.000604795 -0.00066714 0.999778 0.0210867 -0.000591046 -0.0210863 0.999777 -0.119383 -1.17091 -0.632136
FixedParameters: 0 0 0

#Transform 59
Transform: AffineTransform_float_3_3
Parameters: 1 0.000829092 0.000510452 -0.000839838 0.999777 0.0210906 -0.000493503 -0.0210914 0.999778 -0.121752 -1.25296 -0.647929
FixedParameters: 0 0 0

#Transform 60
Transform: AffineTransform_float_3_3
Parameters: 0.999999 0.00137814 0.00122717 -0.00140086 0.999822 0.0188364 -0.00120013 -0.0188376 0.999822 -0.143307 -1.22889 -0.579468
FixedParameters: 0 0 0

#Transform 61
Transform: AffineTransform_float_3_3
Parameters: 0.999996 0.00119289 0.00227763 -0.00124085 0.999774 0.0212151 -0.00225237 -0.0212178 0.999772 -0.16173 -1.0177 -0.586683
FixedParameters: 0 0 0

#Transform 62
Transform: AffineTransform_float_3_3
Parameters: 0.999997 0.000304323 0.00209984 -0.000319601 0.999976 0.00702019 -0.00209737 -0.00702082 0.999973 0.399901 0.405321 -0.365552
FixedParameters: 0 0 0

#Transform 63
Transform: AffineTransform_float_3_3
Parameters: 0.999974 0.000364319 0.00720634 -0.000504496 0.999811 0.0194509 -0.00719772 -0.0194541 0.999785 0.183712 -0.371263 -0.916285
FixedParameters: 0 0 0

#Transform 64
Transform: AffineTransform_float_3_3
Parameters: 0.999862 -0.000564775 0.0166402 -9.72051e-05 0.999209 0.0397612 -0.016649 -0.0397578 0.999071 -0.25973 1.20049 -0.429518
FixedParameters: 0 0 0

#Transform 65
Transform: AffineTransform_float_3_3
Parameters: 0.999879 -0.00495226 0.0147006 0.00434375 0.999145 0.0411279 -0.0148916 -0.0410591 0.999046 -0.247323 1.44127 -0.822041
FixedParameters: 0 0 0

#Transform 66
Transform: AffineTransform_float_3_3
Parameters: 0.999898 -0.00338875 0.0138903 0.00281003 0.999137 0.0414419 -0.0140185 -0.041399 0.999044 -0.25541 1.00879 -0.807898
FixedParameters: 0 0 0

#Transform 67
Transform: AffineTransform_float_3_3
Parameters: 0.99992 -0.00200964 0.0124943 0.0014689 0.999066 0.0431828 -0.0125698 -0.0431602 0.998989 -0.241012 0.627879 -0.768177
FixedParameters: 0 0 0

#Transform 68
Transform: AffineTransform_float_3_3
Parameters: 0.999934 -0.000893791 0.0115092 0.000363567 0.998939 0.0460381 -0.0115383 -0.0460309 0.998874 -0.200214 0.422172 -0.80468
FixedParameters: 0 0 0

#Transform 69
Transform: AffineTransform_float_3_3
Parameters: 0.999949 0.000446032 0.0101099 -0.00076728 0.999494 0.031801 -0.0100897 -0.031807 0.999443 -0.192581 -0.1635 -0.424115
FixedParameters: 0 0 0

#Transform 70
Transform: AffineTransform_float_3_3
Parameters: 0.999941 0.00124753 0.0107686 -0.00161178 0.999425 0.0338604 -0.01072 -0.0338766 0.999369 -0.232224 -0.638477 -0.42011
FixedParameters: 0 0 0

#Transform 71
Transform: AffineTransform_float_3_3
Parameters: 0.999939 0.0013189 0.010971 -0.00171743 0.999338 0.036344 -0.0109153 -0.03636 0.999279 -0.24528 -0.842548 -0.543231
FixedParameters: 0 0 0

#Transform 72
Transform: AffineTransform_float_3_3
Parameters: 0.999945 0.001175 0.0104361 -0.00158346 0.99923 0.0392117 -0.0103817 -0.0392263 0.999176 -0.230128 -0.980782 -0.493526
FixedParameters: 0 0 0

#Transform 73
Transform: AffineTransform_float_3_3
Parameters: 0.999958 0.000318685 0.00922854 -0.000749777 0.998909 0.0466979 -0.00920369 -0.0467031 0.998866 -0.135883 -0.768788 -1.18778
FixedParameters: 0 0 0

#Transform 74
Transform: AffineTransform_float_3_3
Parameters: 0.999958 0.00119001 0.00901459 -0.00164611 0.99871 0.0507443 -0.00894181 -0.0507567 0.998671 -0.166965 -1.02585 -1.28224
FixedParameters: 0 0 0

#Transform 75
Transform: AffineTransform_float_3_3
Parameters: 0.999964 0.00116201 0.00839094 -0.00157106 0.998801 0.0489251 -0.00832393 -0.048937 0.998767 -0.189984 -1.03496 -1.1915
FixedParameters: 0 0 0

#Transform 76
Transform: AffineTransform_float_3_3
Parameters: 0.999974 0.00168708 0.00704388 -0.00202423 0.998844 0.0480394 -0.00695397 -0.0480516 0.99882 -0.13711 -1.08284 -0.983731
FixedParameters: 0 0 0

#Transform 77
Transform: AffineTransform_float_3_3
Parameters: 0.999952 -0.00213549 0.00963496 0.00180619 0.999419 0.0340325 -0.00970169 -0.0340135 0.999374 -0.198278 -0.388113 -0.840682
FixedParameters: 0 0 0

#Transform 78
Transform: AffineTransform_float_3_3
Parameters: 0.999946 0.000510524 0.0103697 -0.000872784 0.999387 0.0349928 -0.0103455 -0.0349992 0.999333 -0.304901 -0.673315 -0.792689
FixedParameters: 0 0 0

#Transform 79
Transform: AffineTransform_float_3_3
Parameters: 0.999919 -0.00210349 0.0125363 0.00174406 0.999591 0.0285511 -0.0125916 -0.0285269 0.999514 -0.330019 0.160287 -0.666226
FixedParameters: 0 0 0

#Transform 80
Transform: AffineTransform_float_3_3
Parameters: 0.999918 -0.00402849 0.0121101 0.00362046 0.999431 0.0335412 -0.0122379 -0.0334948 0.999364 -0.402359 0.840817 -0.548134
FixedParameters: 0 0 0

#Transform 81
Transform: AffineTransform_float_3_3
Parameters: 0.999927 -0.00201495 0.0118643 0.00150511 0.999081 0.0428205 -0.0119398 -0.0427995 0.999012 -0.434124 0.416279 -0.700743
FixedParameters: 0 0 0

#Transform 82
Transform: AffineTransform_float_3_3
Parameters: 0.999932 -0.00120845 0.0115396 0.00069151 0.999 0.0447119 -0.0115828 -0.0447001 0.998933 -0.448001 0.21736 -0.748506
FixedParameters: 0 0 0

#Transform 83
Transform: AffineTransform_float_3_3
Parameters: 0.999922 -0.000622953 0.0124766 0.00015025 0.999284 0.0378338 -0.0124906 -0.0378292 0.999206 -0.405082 0.102451 -0.839192
FixedParameters: 0 0 0

#Transform 84
Transform: AffineTransform_float_3_3
Parameters: 0.999934 -0.000883893 0.0115193 0.000425948 0.999211 0.0397134 -0.0115452 -0.0397066 0.999145 -0.344247 -0.0974808 -0.845338
FixedParameters: 0 0 0

#Transform 85
Transform: AffineTransform_float_3_3
Parameters: 0.999934 -0.000730518 0.0115142 0.000254131 0.999144 0.0413836 -0.0115342 -0.0413784 0.999077 -0.346728 -0.18593 -0.794736
FixedParameters: 0 0 0

#Transform 86
Transform: AffineTransform_float_3_3
Parameters: 0.99994 -3.04854e-05 0.0109372 -0.000418556 0.99916 0.0410004 -0.0109289 -0.0410026 0.999099 -0.346431 -0.315062 -0.701633
FixedParameters: 0 0 0

#Transform 87
Transform: AffineTransform_float_3_3
Parameters: 0.999933 0.00130476 0.0114409 -0.0017214 0.999331 0.0365209 -0.0113865 -0.0365381 0.999267 -0.362218 -0.400789 -0.673268
FixedParameters: 0 0 0

#Transform 88
Transform: AffineTransform_float_3_3
Parameters: 0.999938 0.00133561 0.0109903 -0.00178974 0.999138 0.0414684 -0.0109249 -0.0414856 0.999079 -0.350593 -0.656163 -0.657456
FixedParameters: 0 0 0

#Transform 89
Transform: AffineTransform_float_3_3
Parameters: 0.999941 0.00135965 0.0107995 -0.00164876 0.999639 0.0267985 -0.0107588 -0.0268145 0.999583 -0.342626 -0.775361 -0.235086
FixedParameters: 0 0 0

#Transform 90
Transform: AffineTransform_float_3_3
Parameters: 0.99995 0.00120506 0.00985471 -0.001328 0.99992 0.0125099 -0.00983858 -0.0125221 0.999874 -0.250379 -0.910656 -0.0048177
FixedParameters: 0 0 0

#Transform 91
Transform: AffineTransform_float_3_3
Parameters: 0.999971 -0.00013076 0.00759538 3.78936e-05 0.999927 0.0121155 -0.00759642 -0.0121145 0.999898 -0.367099 0.26046 0.100669
FixedParameters: 0 0 0

#Transform 92
Transform: AffineTransform_float_3_3
Parameters: 0.999938 -0.00681471 0.0087341 0.00663992 0.99978 0.0199136 -0.00886783 -0.0198544 0.999764 -0.19661 2.46101 -0.00730522
FixedParameters: 0 0 0

#Transform 93
Transform: AffineTransform_float_3_3
Parameters: 0.999887 -0.00140716 0.0149245 0.00176364 0.999712 -0.02392 -0.0148871 0.023943 0.999603 -0.226966 0.642735 -0.369827
FixedParameters: 0 0 0

#Transform 94
Transform: AffineTransform_float_3_3
Parameters: 0.999842 -0.000712103 0.0177658 0.00131138 0.999429 -0.0337682 -0.0177316 0.0337859 0.999272 -0.27419 0.0953508 -0.412452
FixedParameters: 0 0 0

#Transform 95
Transform: AffineTransform_float_3_3
Parameters: 0.999847 -0.000289701 0.0174895 0.000851118 0.999484 -0.0321227 -0.017472 0.0321323 0.999331 -0.287447 -0.0701461 -0.19611
FixedParameters: 0 0 0

#Transform 96
Transform: AffineTransform_float_3_3
Parameters: 0.999873 0.000696091 0.0159261 -0.000273913 0.99965 -0.0264684 -0.0159381 0.0264606 0.999523 -0.28563 -0.334475 -0.0254787
FixedParameters: 0 0 0

#Transform 97
Transform: AffineTransform_float_3_3
Parameters: 0.999883 0.000803905 0.0153119 -0.000399697 0.999652 -0.0263901 -0.0153277 0.0263809 0.999534 -0.256317 -0.397173 -0.199707
FixedParameters: 0 0 0

#Transform 98
Transform: AffineTransform_float_3_3
Parameters: 0.999875 0.00107151 0.0157882 -0.000673189 0.999683 -0.0252001 -0.0158096 0.0251858 0.999557 -0.28566 -0.486429 -0.170217
FixedParameters: 0 0 0

#Transform 99
Transform: AffineTransform_float_3_3
Parameters: 0.999816 -0.0128492 0.0141932 0.013926 0.996812 -0.0785541 -0.0131387 0.0787368 0.996809 1.76434 -0.903801 -2.75826
FixedParameters: 0 0 0

#Transform 100
Transform: AffineTransform_float_3_3
Parameters: 0.999362 -0.0269535 0.023402 0.0298258 0.990718 -0.132621 -0.0196109 0.133234 0.99089 0.5974 -0.907399 -0.679717
FixedParameters: 0 0 0

#Transform 101
Transform: AffineTransform_float_3_3
Parameters: 0.999436 -0.0199653 0.0270095 0.0225216 0.994941 -0.0979078 -0.0249189 0.0984603 0.994829 0.136235 -1.01456 -0.359982
FixedParameters: 0 0 0

#Transform 102
Transform: AffineTransform_float_3_3
Parameters: 0.998946 -0.0271954 0.0369836 0.0342681 0.977829 -0.20658 -0.0305463 0.20763 0.97773 0.791497 0.11165 0.078341
FixedParameters: 0 0 0

#Transform 103
Transform: AffineTransform_float_3_3
Parameters: 0.999436 -0.0244989 0.0229565 0.0280317 0.985222 -0.168975 -0.0184777 0.169523 0.985353 0.636021 -0.0852992 0.913787
FixedParameters: 0 0 0

#Transform 104
Transform: AffineTransform_float_3_3
Parameters: 0.999683 -0.0141185 0.0208482 0.0163151 0.993881 -0.109251 -0.0191785 0.109556 0.993795 0.0588043 -0.680294 2.03595
FixedParameters: 0 0 0

#Transform 105
Transform: AffineTransform_float_3_3
Parameters: 0.999723 -0.0123715 0.0200457 0.0144972 0.99387 -0.109603 -0.0185673 0.109863 0.993773 0.0249751 -0.626577 2.2305
FixedParameters: 0 0 0

#Transform 106
Transform: AffineTransform_float_3_3
Parameters: 0.999242 -0.0233371 0.0311609 0.0287708 0.981897 -0.187216 -0.0262276 0.18797 0.981824 0.80457 -0.301414 1.70211
FixedParameters: 0 0 0

#Transform 107
Transform: AffineTransform_float_3_3
Parameters: 0.99942 -0.0196119 0.0278205 0.0241168 0.98477 -0.172181 -0.0240194 0.172751 0.984673 0.461999 -0.00455088 1.92564
FixedParameters: 0 0 0

#Transform 108
Transform: AffineTransform_float_3_3
Parameters: 0.999467 -0.0195903 0.0260856 0.0230385 0.989993 -0.139226 -0.0230978 0.139753 0.989917 0.19013 -0.468502 1.89589
FixedParameters: 0 0 0

#Transform 109
Transform: AffineTransform_float_3_3
Parameters: 0.999479 -0.018361 0.0265526 0.0218019 0.990511 -0.135699 -0.0238093 0.136207 0.990394 0.116096 -0.538281 1.92374
FixedParameters: 0 0 0

#Transform 110
Transform: AffineTransform_float_3_3
Parameters: 0.999501 -0.0180741 0.0258773 0.0213273 0.991087 -0.131502 -0.0232694 0.131987 0.990978 0.0526897 -0.466906 1.89519
FixedParameters: 0 0 0

#Transform 111
Transform: AffineTransform_float_3_3
Parameters: 0.999536 -0.0158945 0.0260126 0.0188674 0.99279 -0.118379 -0.0239436 0.118815 0.992628 -0.107536 -0.183716 1.32187
FixedParameters: 0 0 0

#Transform 112
Transform: AffineTransform_float_3_3
Parameters: 0.999581 -0.0143728 0.0251 0.0171212 0.993455 -0.112931 -0.0233131 0.113313 0.993286 0.045207 -0.427958 1.2425
FixedParameters: 0 0 0

#Transform 113
Transform: AffineTransform_float_3_3
Parameters: 0.999561 -0.0156456 0.0251304 0.0184913 0.992921 -0.117329 -0.0231165 0.117743 0.992775 0.0215952 -0.521524 1.29222
FixedParameters: 0 0 0

#Transform 114
Transform: AffineTransform_float_3_3
Parameters: 0.999562 -0.0160191 0.02486 0.0188679 0.992724 -0.118924 -0.0227735 0.119341 0.992592 0.00460919 -0.554458 1.31647
FixedParameters: 0 0 0

#Transform 115
Transform: AffineTransform_float_3_3
Parameters: 0.999586 -0.016702 0.0234018 0.0194659 0.992171 -0.123356 -0.0211574 0.123762 0.992086 0.0397455 -0.522804 1.39395
FixedParameters: 0 0 0

#Transform 116
Transform: AffineTransform_float_3_3
Parameters: 0.999456 -0.0189328 0.0269988 0.0222741 0.991343 -0.129395 -0.024315 0.129927 0.991226 -0.151904 0.0224373 1.4999
FixedParameters: 0 0 0

#Transform 117
Transform: AffineTransform_float_3_3
Parameters: 0.999376 -0.0200144 0.0290996 0.0236178 0.991322 -0.129318 -0.0262581 0.129925 0.991176 -0.0703997 -0.077344 1.25538
FixedParameters: 0 0 0

#Transform 118
Transform: AffineTransform_float_3_3
Parameters: 0.99948 -0.0164916 0.0276889 0.0198825 0.991697 -0.127051 -0.0253636 0.127535 0.991509 -0.118711 -0.168285 1.44039
FixedParameters: 0 0 0

#Transform 119
Transform: AffineTransform_float_3_3
Parameters: 0.999517 -0.0184626 0.024972 0.0214945 0.991648 -0.127174 -0.022415 0.127648 0.991566 0.134766 -0.0828675 1.00138
FixedParameters: 0 0 0

#Transform 120
Transform: AffineTransform_float_3_3
Parameters: 0.99954 -0.0180476 0.0243442 0.0210106 0.991616 -0.127503 -0.0218392 0.127955 0.99154 0.192938 -0.261878 0.843153
FixedParameters: 0 0 0

#Transform 121
Transform: AffineTransform_float_3_3
Parameters: 0.999518 -0.0175734 0.0255736 0.0206274 0.992005 -0.124497 -0.0231811 0.124965 0.991891 0.0511845 -0.450134 1.1554
FixedParameters: 0 0 0

#Transform 122
Transform: AffineTransform_float_3_3
Parameters: 0.999473 -0.0184606 0.0266941 0.0217703 0.991334 -0.129548 -0.0240709 0.130062 0.991214 0.0587814 -0.389611 1.15707
FixedParameters: 0 0 0

#Transform 123
Transform: AffineTransform_float_3_3
Parameters: 0.999505 -0.0166876 0.0266916 0.0197216 0.992848 -0.117748 -0.0245358 0.118217 0.992685 -0.0385501 -0.577802 1.65817
FixedParameters: 0 0 0

#Transform 124
Transform: AffineTransform_float_3_3
Parameters: 0.999551 -0.0155331 0.0256434 0.0184665 0.992793 -0.118412 -0.02362 0.118833 0.992633 -0.00417979 -0.509581 1.18256
FixedParameters: 0 0 0

#Transform 125
Transform: AffineTransform_float_3_3
Parameters: 0.999522 -0.0157733 0.0265651 0.0188617 0.992556 -0.120322 -0.0244687 0.120767 0.992379 -0.0652206 -0.52351 0.922528
FixedParameters: 0 0 0

#Transform 126
Transform: AffineTransform_float_3_3
Parameters: 0.999513 -0.0153927 0.0271205 0.0185149 0.992731 -0.118922 -0.0250937 0.119367 0.992534 -0.151494 -0.643701 1.1468
FixedParameters: 0 0 0

#Transform 127
Transform: AffineTransform_float_3_3
Parameters: 0.999509 -0.0153004 0.0273234 0.0184305 0.992815 -0.118236 -0.0253185 0.118681 0.992609 -0.188126 -0.673689 1.25982
FixedParameters: 0 0 0

#Transform 128
Transform: AffineTransform_float_3_3
Parameters: 0.999534 -0.0149895 0.0265683 0.0179643 0.993144 -0.115505 -0.024655 0.115928 0.992952 -0.21051 -0.669741 1.61743
FixedParameters: 0 0 0

#Transform 129
Transform: AffineTransform_float_3_3
Parameters: 0.999484 -0.0156762 0.0280569 0.0187642 0.993369 -0.113432 -0.0260922 0.113899 0.99315 -0.274131 -0.719952 1.37483
FixedParameters: 0 0 0

#Transform 130
Transform: AffineTransform_float_3_3
Parameters: 0.999539 -0.0144874 0.0266573 0.0173622 0.99367 -0.11099 -0.0248807 0.111402 0.993464 -0.264479 -0.865719 1.44035
FixedParameters: 0 0 0

#Transform 131
Transform: AffineTransform_float_3_3
Parameters: 0.999532 -0.0140559 0.0271967 0.0169889 0.993698 -0.11079 -0.0254684 0.111199 0.993471 -0.249236 -0.795991 1.48916
FixedParameters: 0 0 0

#Transform 132
Transform: AffineTransform_float_3_3
Parameters: 0.999519 -0.0144549 0.0274164 0.017415 0.993665 -0.111027 -0.0256376 0.111451 0.993439 -0.255696 -0.747057 1.36998
FixedParameters: 0 0 0

#Transform 133
Transform: AffineTransform_float_3_3
Parameters: 0.999543 -0.0139714 0.0268106 0.0168432 0.993781 -0.110067 -0.0251059 0.110468 0.993563 -0.270086 -0.874328 1.42776
FixedParameters: 0 0 0

#Transform 134
Transform: AffineTransform_float_3_3
Parameters: 0.99957 -0.0138177 0.0258396 0.0165463 0.993951 -0.108566 -0.024183 0.108946 0.993754 -0.282926 -0.944884 1.55457
FixedParameters: 0 0 0

#Transform 135
Transform: AffineTransform_float_3_3
Parameters: 0.99974 -0.0161601 0.0160566 0.0176577 0.99503 -0.0979984 -0.0143924 0.0982566 0.995057 -0.358838 -0.112851 1.84847
FixedParameters: 0 0 0

#Transform 136
Transform: AffineTransform_float_3_3
Parameters: 0.999871 -0.0119208 0.0107873 0.0126863 0.99718 -0.0739718 -0.00987432 0.0740993 0.997202 -0.317442 -0.299438 1.93367
FixedParameters: 0 0 0

#Transform 137
Transform: AffineTransform_float_3_3
Parameters: 0.999743 -0.0141187 0.0177408 0.015704 0.995572 -0.0926854 -0.0163533 0.0929397 0.995538 -0.375022 -0.312417 1.7942
FixedParameters: 0 0 0

#Transform 138
Transform: AffineTransform_float_3_3
Parameters: 0.999742 -0.0128766 0.0187466 0.0145939 0.995413 -0.0945506 -0.0174431 0.0947993 0.995343 -0.414139 -0.495115 1.75979
FixedParameters: 0 0 0

#Transform 139
Transform: AffineTransform_float_3_3
Parameters: 0.999733 -0.0125881 0.0193709 0.0143911 0.99528 -0.0959648 -0.0180712 0.0962172 0.995197 -0.44143 -0.52594 1.672
FixedParameters: 0 0 0

#Transform 140
Transform: AffineTransform_float_3_3
Parameters: 0.999742 -0.0122934 0.0190697 0.0140538 0.995364 -0.0951503 -0.0178113 0.0953937 0.99528 -0.422994 -0.589664 1.67823
FixedParameters: 0 0 0

#Transform 141
Transform: AffineTransform_float_3_3
Parameters: 0.99976 -0.01215 0.0182676 0.013877 0.995128 -0.0976027 -0.0169931 0.0978332 0.995057 -0.399713 -0.573764 1.47069
FixedParameters: 0 0 0

#Transform 142
Transform: AffineTransform_float_3_3
Parameters: 0.99966 -0.0118336 0.023206 0.0143649 0.993589 -0.112138 -0.02173 0.112434 0.993422 -0.456099 -0.376108 0.845865
FixedParameters: 0 0 0

#Transform 143
Transform: AffineTransform_float_3_3
Parameters: 0.999669 -0.0119747 0.0227643 0.0143891 0.993931 -0.109063 -0.0213206 0.109355 0.993774 -0.482656 -0.49227 0.915444
FixedParameters: 0 0 0

#Transform 144
Transform: AffineTransform_float_3_3
Parameters: 0.999678 -0.0119394 0.0223601 0.0142638 0.99417 -0.106875 -0.0209538 0.107161 0.994021 -0.500975 -0.560437 1.10293
FixedParameters: 0 0 0

#Transform 145
Transform: AffineTransform_float_3_3
Parameters: 0.999694 -0.0117159 0.0217624 0.0139487 0.994325 -0.105469 -0.0204034 0.10574 0.994184 -0.482313 -0.559944 0.940299
FixedParameters: 0 0 0

#Transform 146
Transform: AffineTransform_float_3_3
Parameters: 0.999686 -0.0126044 0.021658 0.0148174 0.994338 -0.105221 -0.020209 0.105509 0.994213 -0.508968 -0.654514 1.12764
FixedParameters: 0 0 0

#Transform 147
Transform: AffineTransform_float_3_3
Parameters: 0.999704 -0.012411 0.0209255 0.0145374 0.994395 -0.10472 -0.0195077 0.104994 0.994282 -0.518781 -0.643612 1.35055
FixedParameters: 0 0 0

#Transform 148
Transform: AffineTransform_float_3_3
Parameters: 0.999709 -0.0119894 0.0209589 0.0141042 0.99449 -0.103882 -0.0195983 0.104147 0.994369 -0.556264 -0.648541 1.32955
FixedParameters: 0 0 0

#Transform 149
Transform: AffineTransform_float_3_3
Parameters: 0.999715 -0.0119172 0.0206553 0.0139867 0.99457 -0.103125 -0.0193147 0.103384 0.994454 -0.52896 -0.664718 1.34707
FixedParameters: 0 0 0

#Transform 150
Transform: AffineTransform_float_3_3
Parameters: 0.999708 -0.0122378 0.0208441 0.0143205 0.994589 -0.102901 -0.0194717 0.10317 0.994474 -0.54765 -0.697767 1.39696
FixedParameters: 0 0 0

#Transform 151
Transform: AffineTransform_float_3_3
Parameters: 0.99971 -0.0119871 0.0208588 0.0140407 0.99476 -0.101265 -0.0195359 0.101529 0.994641 -0.537712 -0.717791 1.39075
FixedParameters: 0 0 0
