#Insight Transform File V1.0
#Transform 0
Transform: AffineTransform_float_3_3
Parameters: 1 -0.000540576 0.00104954 0.000544397 0.999994 -0.00329338 -0.00104783 0.00329461 0.999994 -0.106842 0.0670394 0.012321
FixedParameters: 0 0 0

#Transform 1
Transform: AffineTransform_float_3_3
Parameters: 0.999998 -0.000740563 0.00142082 0.000745166 0.999994 -0.0034279 -0.0014185 0.0034291 0.999993 -0.11806 0.116874 0.0503322
FixedParameters: 0 0 0

#Transform 2
Transform: AffineTransform_float_3_3
Parameters: 0.999999 -0.00038275 0.00140342 0.000387764 0.999994 -0.00359946 -0.00140242 0.00359954 0.999992 -0.0990461 0.155318 0.0670311
FixedParameters: 0 0 0

#Transform 3
Transform: AffineTransform_float_3_3
Parameters: 1 -0.000332597 0.00103814 0.000335942 0.999997 -0.00259565 -0.00103732 0.00259635 0.999996 -0.0959 0.103971 0.051111
FixedParameters: 0 0 0

#Transform 4
Transform: AffineTransform_float_3_3
Parameters: 1 -0.000528788 0.000873324 0.000530108 0.999996 -0.00252449 -0.000872512 0.00252451 0.999997 -0.09523 0.137085 0.0475074
FixedParameters: 0 0 0

#Transform 5
Transform: AffineTransform_float_3_3
Parameters: 0.999999 0.000456673 0.00129721 -0.000455952 1 -0.00103059 -0.00129706 0.00103041 0.999998 -0.0997191 0.105024 -0.0240096
FixedParameters: 0 0 0

#Transform 6
Transform: AffineTransform_float_3_3
Parameters: 0.999999 0.000670886 0.00116511 -0.000672168 0.999999 0.00055026 -0.00116437 -0.000550738 0.999999 -0.127275 0.0353251 -0.137059
FixedParameters: 0 0 0

#Transform 7
Transform: AffineTransform_float_3_3
Parameters: 0.999999 0.000571939 0.000764052 -0.000571539 1 0.000392561 -0.000763648 -0.000392439 0.999999 -0.121472 0.075295 -0.10685
FixedParameters: 0 0 0

#Transform 8
Transform: AffineTransform_float_3_3
Parameters: 1 0.000421419 0.000941132 -0.000421853 0.999999 0.000736649 -0.000941555 -0.000737352 1 -0.117924 0.0486256 -0.0933668
FixedParameters: 0 0 0

#Transform 9
Transform: AffineTransform_float_3_3
Parameters: 0.999999 0.000448288 0.00151318 -0.000447924 1 -0.000120635 -0.00151328 0.000120365 0.999999 -0.076958 0.0829846 0.0432415
FixedParameters: 0 0 0

#Transform 10
Transform: AffineTransform_float_3_3
Parameters: 1 0.000699949 4.77487e-05 -0.000699873 1 -0.000787079 -4.88504e-05 0.000786921 0.999999 -0.076298 0.103213 0.0185741
FixedParameters: 0 0 0

#Transform 11
Transform: AffineTransform_float_3_3
Parameters: 1 0.000645773 -0.00025809 -0.000646189 1 -0.000807879 0.000257047 0.000808121 0.999999 -0.0318276 0.06535 -0.0436273
FixedParameters: 0 0 0

#Transform 12
Transform: AffineTransform_float_3_3
Parameters: 0.999999 0.000947231 -0.000148277 -0.000947234 0.999999 -0.00016286 0.000148967 0.000163141 1 -0.0544582 0.0606701 -0.0638001
FixedParameters: 0 0 0

#Transform 13
Transform: AffineTransform_float_3_3
Parameters: 0.999999 0.000574273 0.00051936 -0.00057404 1 -0.0002243 -0.000519618 0.0002247 1 -0.0439299 0.05428 -0.148474
FixedParameters: 0 0 0

#Transform 14
Transform: AffineTransform_float_3_3
Parameters: 1 -3.93469e-05 0.00021103 3.95904e-05 1 -0.000576991 -0.000210985 0.000577008 1 -0.0486408 -0.0166281 -0.0915189
FixedParameters: 0 0 0

#Transform 15
Transform: AffineTransform_float_3_3
Parameters: 0.999999 -0.000662106 0.00031684 0.000662509 0.999999 -0.00070779 -0.000316901 0.000708209 0.999999 -0.0804061 0.00751864 -0.0383355
FixedParameters: 0 0 0

#Transform 16
Transform: AffineTransform_float_3_3
Parameters: 1 -0.000389327 -0.000130451 0.000389312 1 -5.80508e-05 0.000130496 5.79492e-05 1 0.0272556 0.0658843 0.0654228
FixedParameters: 0 0 0

#Transform 17
Transform: AffineTransform_float_3_3
Parameters: 1 -3.13579e-05 -0.000229823 3.15565e-05 1 0.000431993 0.000229796 -0.000432007 1 0.0063296 0.0277574 0.0320431
FixedParameters: 0 0 0

#Transform 18
Transform: AffineTransform_float_3_3
Parameters: 1 0.000415687 -0.000128628 -0.000415512 0.999999 0.000858053 0.000128342 -0.000857946 0.999999 0.00523315 -0.0150135 0.0480461
FixedParameters: 0 0 0

#Transform 19
Transform: AffineTransform_float_3_3
Parameters: 1 -0.000135698 0.00012216 0.000135488 0.999999 0.000858016 -0.000122393 -0.000857983 0.999999 -0.0360383 -0.071784 0.0669348
FixedParameters: 0 0 0

#Transform 20
Transform: AffineTransform_float_3_3
Parameters: 1 0.000482592 0.000183864 -0.00048303 0.999999 0.00119491 -0.00018271 -0.00119509 1 0.00241852 -0.0428091 0.00410832
FixedParameters: 0 0 0

#Transform 21
Transform: AffineTransform_float_3_3
Parameters: 1 0.000182132 6.25303e-05 -0.000181941 0.999999 -0.00151901 -6.30834e-05 0.00151899 0.999999 -0.0265078 0.0554475 0.0191767
FixedParameters: 0 0 0

#Transform 22
Transform: AffineTransform_float_3_3
Parameters: 1 -6.98946e-05 2.61677e-05 6.98725e-05 1 0.000421002 -2.62265e-05 -0.000420998 1 -0.0339971 0.0645135 0.0504964
FixedParameters: 0 0 0

#Transform 23
Transform: AffineTransform_float_3_3
Parameters: 0.999999 0.000807622 6.45179e-05 -0.00080784 0.999999 0.00135295 -6.33312e-05 -0.00135305 0.999999 0.0353834 0.0154176 0.095728
FixedParameters: 0 0 0

#Transform 24
Transform: AffineTransform_float_3_3
Parameters: 1 0.000512817 0.000255546 -0.000512374 1 0.00108887 -0.000254475 -0.00108913 1 -0.0027532 -0.025428 0.0757496
FixedParameters: 0 0 0

#Transform 25
Transform: AffineTransform_float_3_3
Parameters: 1 0.000378472 -0.000179788 -0.00037899 0.999999 0.00146407 0.000179944 -0.00146393 0.999999 0.00164267 -0.0580773 0.043416
FixedParameters: 0 0 0

#Transform 26
Transform: AffineTransform_float_3_3
Parameters: 0.999999 0.0007898 -0.000338291 -0.000790099 0.999999 0.00110027 0.000339076 -0.00109973 1 0.0165092 -0.0188565 0.0442796
FixedParameters: 0 0 0

#Transform 27
Transform: AffineTransform_float_3_3
Parameters: 1 0.000329609 -0.000516006 -0.000329257 0.999999 0.00135317 0.000515944 -0.00135283 0.999999 0.0112176 -0.0464647 0.0623065
FixedParameters: 0 0 0

#Transform 28
Transform: AffineTransform_float_3_3
Parameters: 1 0.000491689 -0.000107954 -0.000491533 1 0.000931008 0.00010787 -0.000930992 0.999999 0.00197766 -0.0100206 0.0335853
FixedParameters: 0 0 0

#Transform 29
Transform: AffineTransform_float_3_3
Parameters: 1 0.000287745 -0.000634089 -0.000286263 0.999998 0.00195418 0.000635256 -0.00195482 0.999998 -0.0106237 -0.0484602 -0.0014723
FixedParameters: 0 0 0

#Transform 30
Transform: AffineTransform_float_3_3
Parameters: 1 7.18546e-05 -0.000188313 -7.11962e-05 0.999999 0.00174702 0.000188563 -0.00174699 0.999999 -0.0433066 0.0127555 -0.00252493
FixedParameters: 0 0 0

#Transform 31
Transform: AffineTransform_float_3_3
Parameters: 0.999999 0.000549468 -0.000569725 -0.000547951 0.999999 0.00137031 0.00057023 -0.00137068 0.999999 -0.00973646 0.0301381 0.0138317
FixedParameters: 0 0 0

#Transform 32
Transform: AffineTransform_float_3_3
Parameters: 1 -0.000165762 0.00114857 0.000165362 1 0.000609236 -0.00114882 -0.000608765 0.999999 -0.108764 -0.00370759 0.0420508
FixedParameters: 0 0 0

#Transform 33
Transform: AffineTransform_float_3_3
Parameters: 0.999999 -0.000812895 0.000290417 0.000812407 0.999999 0.000917193 -0.00029091 -0.000917807 0.999999 -0.0691099 -0.06134 0.0802644
FixedParameters: 0 0 0

#Transform 34
Transform: AffineTransform_float_3_3
Parameters: 1 -0.000495861 0.000275111 0.00049514 0.999994 0.00328313 -0.000276412 -0.00328286 0.999994 -0.0665378 -0.0937883 0.0373134
FixedParameters: 0 0 0

#Transform 35
Transform: AffineTransform_float_3_3
Parameters: 0.999999 -0.000427705 0.0011671 0.000427245 1 0.0010525 -0.00116809 -0.0010525 0.999999 -0.0780894 -0.00312751 -0.136974
FixedParameters: 0 0 0

#Transform 36
Transform: AffineTransform_float_3_3
Parameters: 1 -0.000303408 0.000251364 0.000303398 0.999997 0.00209508 -0.000251682 -0.00209592 0.999998 -0.0747833 -0.0850109 -0.0335725
FixedParameters: 0 0 0

#Transform 37
Transform: AffineTransform_float_3_3
Parameters: 0.999998 -0.00177753 -0.000841098 0.00177841 0.999999 0.000497456 0.000840326 -0.000498545 1 0.0387072 -0.0349811 0.0250757
FixedParameters: 0 0 0

#Transform 38
Transform: AffineTransform_float_3_3
Parameters: 0.999988 -0.00399368 -0.00282764 0.003995 0.999991 0.000227547 0.00282578 -0.000239446 0.999995 0.106198 -0.0328327 -0.0264598
FixedParameters: 0 0 0

#Transform 39
Transform: AffineTransform_float_3_3
Parameters: 0.999998 -0.00192079 -0.00127562 0.00192181 0.999998 0.000771499 0.00127369 -0.0007735 0.999999 0.00882133 -0.111127 0.0276396
FixedParameters: 0 0 0

#Transform 40
Transform: AffineTransform_float_3_3
Parameters: 0.999996 -0.00212153 -0.00145977 0.00212032 0.999997 -0.000729104 0.00146081 0.000725897 0.999999 0.0266847 -0.0175738 0.0599809
FixedParameters: 0 0 0

#Transform 41
Transform: AffineTransform_float_3_3
Parameters: 0.999997 -0.00216373 -0.00117254 0.00216415 0.999997 -0.00024459 0.00117355 0.00024241 0.999999 0.0120735 0.0675585 0.101692
FixedParameters: 0 0 0

#Transform 42
Transform: AffineTransform_float_3_3
Parameters: 0.999997 -0.00215767 -0.00107782 0.00215945 0.999997 0.00122658 0.00107556 -0.00122942 0.999998 -0.00326489 -0.131104 0.126442
FixedParameters: 0 0 0

#Transform 43
Transform: AffineTransform_float_3_3
Parameters: 0.999997 -0.00218174 -0.00164342 0.00218469 0.999996 0.00175436 0.00163989 -0.00175764 0.999997 0.0276851 -0.131572 0.00989373
FixedParameters: 0 0 0

#Transform 44
Transform: AffineTransform_float_3_3
Parameters: 0.999997 -0.00216783 -0.00131723 0.00216998 0.999996 0.00152309 0.0013137 -0.0015259 0.999998 0.00424062 -0.124486 0.00627225
FixedParameters: 0 0 0

#Transform 45
Transform: AffineTransform_float_3_3
Parameters: 0.999997 -0.00216889 -0.00131549 0.00216983 0.999997 0.000721096 0.0013134 -0.000723902 0.999999 0.0152154 -0.045301 0.0590962
FixedParameters: 0 0 0

#Transform 46
Transform: AffineTransform_float_3_3
Parameters: 0.999997 -0.00216759 -0.00131762 0.00217022 0.999997 0.00170305 0.00131331 -0.00170595 0.999997 0.0206331 -0.136449 -0.00319699
FixedParameters: 0 0 0

#Transform 47
Transform: AffineTransform_float_3_3
Parameters: 0.999996 -0.00260859 -0.00129753 0.00261032 0.999995 0.00138452 0.00129339 -0.00138848 0.999998 0.00931128 -0.0458832 0.0130305
FixedParameters: 0 0 0

#Transform 48
Transform: AffineTransform_float_3_3
Parameters: 0.999998 -0.0017433 -0.000973195 0.00174537 0.999996 0.00251526 0.000968549 -0.00251674 0.999997 0.019627 -0.139556 0.0210695
FixedParameters: 0 0 0

#Transform 49
Transform: AffineTransform_float_3_3
Parameters: 0.999997 -0.0019271 -0.00134686 0.00192989 0.999996 0.00208436 0.00134294 -0.00208764 0.999997 0.0199364 -0.122265 0.0247084
FixedParameters: 0 0 0

#Transform 50
Transform: AffineTransform_float_3_3
Parameters: 0.999996 -0.00217208 -0.00146416 0.00217693 0.999993 0.00293577 0.00145756 -0.00293823 0.999994 0.025053 -0.104456 0.00355103
FixedParameters: 0 0 0

#Transform 51
Transform: AffineTransform_float_3_3
Parameters: 0.999998 -0.00165205 -0.00131011 0.00165601 0.999995 0.00295479 0.00130551 -0.00295721 0.999994 0.0325703 -0.118746 0.00870682
FixedParameters: 0 0 0

#Transform 52
Transform: AffineTransform_float_3_3
Parameters: 0.999998 -0.00163398 -0.000935827 0.00163606 0.999994 0.00313242 0.000930758 -0.00313357 0.999994 -0.000224775 -0.153911 -0.00123277
FixedParameters: 0 0 0

#Transform 53
Transform: AffineTransform_float_3_3
Parameters: 0.999998 -0.00179463 -0.000929419 0.00179712 0.999993 0.00335029 0.000923558 -0.00335171 0.999994 -0.00400948 -0.151478 0.000468881
FixedParameters: 0 0 0

#Transform 54
Transform: AffineTransform_float_3_3
Parameters: 0.999997 -0.00182212 -0.00128414 0.00182686 0.999991 0.00367066 0.00127796 -0.00367334 0.999993 0.0135791 -0.189351 0.0107924
FixedParameters: 0 0 0

#Transform 55
Transform: AffineTransform_float_3_3
Parameters: 0.999998 -0.00169187 -0.000933477 0.00169509 0.999993 0.00319042 0.000928799 -0.00319158 0.999995 0.010526 -0.0937407 0.0577805
FixedParameters: 0 0 0

#Transform 56
Transform: AffineTransform_float_3_3
Parameters: 0.999998 -0.00171001 -0.00103291 0.00171395 0.999994 0.00325719 0.00102689 -0.00325881 0.999994 -0.00433589 -0.111477 0.0580151
FixedParameters: 0 0 0

#Transform 57
Transform: AffineTransform_float_3_3
Parameters: 0.999998 -0.00182914 -0.00092887 0.00183359 0.999991 0.00385426 0.000921879 -0.00385574 0.999992 -0.00380937 -0.167993 0.071216
FixedParameters: 0 0 0

#Transform 58
Transform: AffineTransform_float_3_3
Parameters: 0.999996 -0.0027471 -0.000888429 0.00274978 0.999992 0.00300443 0.000880036 -0.00300657 0.999995 0.0327982 -0.155778 0.0384597
FixedParameters: 0 0 0

#Transform 59
Transform: AffineTransform_float_3_3
Parameters: 0.999996 -0.00245556 -0.00121638 0.00245953 0.999992 0.00313192 0.00120915 -0.00313508 0.999995 0.050409 -0.200763 0.0667839
FixedParameters: 0 0 0

#Transform 60
Transform: AffineTransform_float_3_3
Parameters: 0.999997 -0.00233765 -0.00131007 0.00234068 0.999993 0.00296585 0.0013024 -0.00296915 0.999994 0.0290669 -0.117058 0.069136
FixedParameters: 0 0 0

#Transform 61
Transform: AffineTransform_float_3_3
Parameters: 0.999998 -0.00213857 -0.000888141 0.00214111 0.999994 0.00297301 0.000881543 -0.00297499 0.999995 0.0230673 -0.170883 0.0910027
FixedParameters: 0 0 0

#Transform 62
Transform: AffineTransform_float_3_3
Parameters: 0.999997 -0.00247517 -0.000996649 0.00247795 0.999991 0.00325245 0.000987706 -0.00325555 0.999994 0.0157096 -0.178535 0.12554
FixedParameters: 0 0 0

#Transform 63
Transform: AffineTransform_float_3_3
Parameters: 0.999997 -0.00244432 -0.000646948 0.00244703 0.999992 0.00338129 0.000638488 -0.00338271 0.999994 0.0267818 -0.133868 0.118777
FixedParameters: 0 0 0

#Transform 64
Transform: AffineTransform_float_3_3
Parameters: 0.999996 -0.00258909 -0.00106504 0.00259251 0.999992 0.00330211 0.00105709 -0.00330489 0.999994 0.047329 -0.221026 0.0569339
FixedParameters: 0 0 0

#Transform 65
Transform: AffineTransform_float_3_3
Parameters: 0.999996 -0.00267423 -0.0010914 0.00267702 0.999994 0.00251095 0.00108509 -0.00251406 0.999996 0.0297928 -0.143151 0.0990182
FixedParameters: 0 0 0

#Transform 66
Transform: AffineTransform_float_3_3
Parameters: 0.999994 -0.00280664 -0.00163417 0.00281109 0.999993 0.00248932 0.00162735 -0.00249368 0.999996 0.0764951 -0.149849 0.106289
FixedParameters: 0 0 0

#Transform 67
Transform: AffineTransform_float_3_3
Parameters: 0.999994 -0.00264826 -0.00187354 0.00265192 0.999994 0.00223894 0.00186788 -0.00224406 0.999995 0.0842303 -0.122046 0.0769614
FixedParameters: 0 0 0

#Transform 68
Transform: AffineTransform_float_3_3
Parameters: 0.999995 -0.00281165 -0.00183777 0.00281561 0.999994 0.00235274 0.00183174 -0.00235827 0.999996 0.0626805 -0.140461 0.0564497
FixedParameters: 0 0 0

#Transform 69
Transform: AffineTransform_float_3_3
Parameters: 0.999995 -0.00283226 -0.00174117 0.00283724 0.999993 0.00248897 0.00173422 -0.00249403 0.999996 0.0449078 -0.189956 0.112041
FixedParameters: 0 0 0

#Transform 70
Transform: AffineTransform_float_3_3
Parameters: 0.999995 -0.00247719 -0.00187299 0.00248252 0.999993 0.00268535 0.00186588 -0.00269064 0.999995 0.0394257 -0.198075 0.0564209
FixedParameters: 0 0 0

#Transform 71
Transform: AffineTransform_float_3_3
Parameters: 0.999995 -0.00272056 -0.00169711 0.00272194 0.999996 0.000670283 0.00169549 -0.000674717 0.999998 0.0342271 -0.1051 0.0573035
FixedParameters: 0 0 0

#Transform 72
Transform: AffineTransform_float_3_3
Parameters: 0.999995 -0.00322687 -0.000896994 0.00322716 0.999995 0.000139917 0.000897083 -0.000142085 1 -0.00927458 -0.128413 0.149085
FixedParameters: 0 0 0

#Transform 73
Transform: AffineTransform_float_3_3
Parameters: 0.999998 -0.00192451 -0.000443722 0.00192379 0.999998 -0.000753947 0.000445622 0.000753051 0.999999 -0.00935445 -0.0489041 0.131664
FixedParameters: 0 0 0

#Transform 74
Transform: AffineTransform_float_3_3
Parameters: 0.999996 -0.00252513 -0.00116332 0.00252287 0.999994 -0.00216004 0.00116909 0.00215696 0.999997 0.0271878 -0.00335447 0.0605304
FixedParameters: 0 0 0

#Transform 75
Transform: AffineTransform_float_3_3
Parameters: 0.999997 -0.00243884 -0.000316114 0.00243814 0.999995 -0.00230392 0.000322308 0.00230308 0.999998 -0.0114208 0.0562941 0.128546
FixedParameters: 0 0 0

#Transform 76
Transform: AffineTransform_float_3_3
Parameters: 0.999996 -0.00248506 -0.000580758 0.00248393 0.999995 -0.00167454 0.000585035 0.00167346 0.999999 -0.013701 -0.0557093 0.0756982
FixedParameters: 0 0 0

#Transform 77
Transform: AffineTransform_float_3_3
Parameters: 0.999998 -0.00214112 -0.000598107 0.00214068 0.999997 -0.00112838 0.000600892 0.00112662 0.999999 -0.00012251 -0.0348118 0.0855135
FixedParameters: 0 0 0

#Transform 78
Transform: AffineTransform_float_3_3
Parameters: 0.999997 -0.00237692 -0.000283913 0.00237688 0.999996 -0.00150582 0.000287029 0.00150518 0.999999 -0.0209046 -0.023339 0.0888216
FixedParameters: 0 0 0

#Transform 79
Transform: AffineTransform_float_3_3
Parameters: 0.999998 -0.00199118 -0.000635092 0.00198979 0.999993 -0.00318336 0.000640635 0.00318264 0.999994 0.0297822 0.145445 0.0215593
FixedParameters: 0 0 0

#Transform 80
Transform: AffineTransform_float_3_3
Parameters: 0.999997 -0.00258455 -0.000901177 0.00258363 0.999996 -0.000988472 0.000903236 0.000985529 0.999999 0.00488415 -0.0926004 0.149197
FixedParameters: 0 0 0

#Transform 81
Transform: AffineTransform_float_3_3
Parameters: 0.999997 -0.00259952 -0.000701641 0.0025986 0.999996 -0.00123297 0.000704004 0.00123103 0.999999 -4.4926e-06 -0.0189835 0.111915
FixedParameters: 0 0 0

#Transform 82
Transform: AffineTransform_float_3_3
Parameters: 0.999996 -0.00255423 -0.000558732 0.00255376 0.999996 -0.000386566 0.000559702 0.000384433 0.999999 -0.00561244 -0.0458665 0.100118
FixedParameters: 0 0 0

#Transform 83
Transform: AffineTransform_float_3_3
Parameters: 0.999997 -0.00256118 -0.000712919 0.00256083 0.999996 -0.000250966 0.0007142 0.000249031 0.999999 0.025473 -0.0298439 0.130665
FixedParameters: 0 0 0

#Transform 84
Transform: AffineTransform_float_3_3
Parameters: 0.999997 -0.0026328 -0.000448676 0.0026315 0.999995 -0.00128632 0.000452446 0.00128468 0.999999 0.0212972 -0.0255881 0.0642203
FixedParameters: 0 0 0

#Transform 85
Transform: AffineTransform_float_3_3
Parameters: 0.999996 -0.00265648 -0.000805971 0.00265528 0.999995 -0.00128229 0.000809736 0.00128071 0.999999 0.0583242 -0.0933168 9.5989e-05
FixedParameters: 0 0 0

#Transform 86
Transform: AffineTransform_float_3_3
Parameters: 0.999996 -0.00268979 -0.000756779 0.00269109 0.999993 0.00264283 0.000749681 -0.00264517 0.999996 0.0602059 -0.211504 0.0601926
FixedParameters: 0 0 0

#Transform 87
Transform: AffineTransform_float_3_3
Parameters: 0.999996 -0.00297243 -0.000718074 0.00297364 0.999994 0.00141968 0.000713666 -0.00142231 0.999998 0.0330068 -0.131605 0.0183883
FixedParameters: 0 0 0

#Transform 88
Transform: AffineTransform_float_3_3
Parameters: 0.999996 -0.00298684 -0.000705637 0.00298812 0.999995 0.00148971 0.000700772 -0.00149129 0.999999 0.0212148 -0.187925 0.0310516
FixedParameters: 0 0 0

#Transform 89
Transform: AffineTransform_float_3_3
Parameters: 0.999996 -0.00298385 -0.000580728 0.00298471 0.999993 0.00219409 0.000574714 -0.00219491 0.999998 0.00608376 -0.189751 0.0385802
FixedParameters: 0 0 0

#Transform 90
Transform: AffineTransform_float_3_3
Parameters: 0.999995 -0.00296625 -0.00012497 0.00296697 0.999994 0.00182545 0.000120133 -0.00182555 0.999999 0.014264 -0.150072 0.0429515
FixedParameters: 0 0 0

#Transform 91
Transform: AffineTransform_float_3_3
Parameters: 0.999995 -0.00295235 -0.000170286 0.00295299 0.999994 0.00137232 0.000166176 -0.00137268 0.999999 0.0161759 -0.1405 0.0391502
FixedParameters: 0 0 0

#Transform 92
Transform: AffineTransform_float_3_3
Parameters: 0.999996 -0.00254546 -0.000388939 0.00254588 0.999995 0.00158688 0.000384898 -0.00158812 0.999998 0.0426157 -0.0817639 -0.0232997
FixedParameters: 0 0 0

#Transform 93
Transform: AffineTransform_float_3_3
Parameters: 0.999996 -0.00254574 -0.00038714 0.00254651 0.999997 0.00087988 0.000384654 -0.000881121 1 0.0568307 -0.0957778 -0.0110569
FixedParameters: 0 0 0

#Transform 94
Transform: AffineTransform_float_3_3
Parameters: 0.999997 -0.00255994 -0.000711586 0.00256076 0.999996 0.00117904 0.000708586 -0.00118096 0.999999 0.0663593 -0.155078 -0.0385388
FixedParameters: 0 0 0

#Transform 95
Transform: AffineTransform_float_3_3
Parameters: 0.999998 -0.00227719 -0.000477336 0.00227766 0.999997 0.00139478 0.000474022 -0.00139622 0.999999 0.0649973 0.00932714 -0.0390619
FixedParameters: 0 0 0

#Transform 96
Transform: AffineTransform_float_3_3
Parameters: 0.999997 -0.00205565 -0.000855316 0.00205607 0.999997 0.00133215 0.000852922 -0.00133385 0.999998 0.0762632 -0.000486198 -0.0562195
FixedParameters: 0 0 0

#Transform 97
Transform: AffineTransform_float_3_3
Parameters: 0.999997 -0.00245444 -6.01172e-05 0.00245422 0.999997 -0.00106333 6.33396e-05 0.00106366 0.999999 0.0733492 0.0561798 0.029863
FixedParameters: 0 0 0

#Transform 98
Transform: AffineTransform_float_3_3
Parameters: 0.999998 -0.00226359 0.00028094 0.00226358 0.999998 1.45e-05 -0.000281004 -1.34999e-05 1 0.0720972 0.0346877 0.0547689
FixedParameters: 0 0 0

#Transform 99
Transform: AffineTransform_float_3_3
Parameters: 0.999998 -0.00209344 0.000214702 0.00209334 0.999998 0.000230359 -0.000215665 -0.00022964 1 0.0747896 -0.0294842 0.0369516
FixedParameters: 0 0 0

#Transform 100
Transform: AffineTransform_float_3_3
Parameters: 0.999998 -0.00207166 -3.49129e-05 0.00207174 0.999998 0.000412836 3.42027e-05 -0.000412164 1 0.0683625 0.000680213 0.0303824
FixedParameters: 0 0 0

#Transform 101
Transform: AffineTransform_float_3_3
Parameters: 0.999998 -0.00206819 4.26957e-05 0.00206818 0.999998 8.09978e-05 -4.30308e-05 -8.10018e-05 1 0.0775127 -0.00583044 0.0188237
FixedParameters: 0 0 0

#Transform 102
Transform: AffineTransform_float_3_3
Parameters: 0.999998 -0.00206836 3.7918e-05 0.00206838 0.999998 0.000941944 -3.98169e-05 -0.000942056 0.999999 0.0607123 -0.0299702 0.0799059
FixedParameters: 0 0 0

#Transform 103
Transform: AffineTransform_float_3_3
Parameters: 0.999998 -0.00231424 0.00024482 0.00231432 0.999998 -0.000252568 -0.000244651 0.000252433 1 0.0689659 -0.0107091 0.0713496
FixedParameters: 0 0 0

#Transform 104
Transform: AffineTransform_float_3_3
Parameters: 0.999995 -0.00277517 -0.00147636 0.0027736 0.999996 -0.000840198 0.00147897 0.000835801 0.999999 0.111847 -0.0608684 0.0530117
FixedParameters: 0 0 0

#Transform 105
Transform: AffineTransform_float_3_3
Parameters: 0.999995 -0.00272901 -0.00102575 0.00272609 0.999992 -0.00317996 0.00103492 0.00317805 0.999995 0.0857934 0.0831947 0.0420103
FixedParameters: 0 0 0

#Transform 106
Transform: AffineTransform_float_3_3
Parameters: 0.999995 -0.00282942 -0.000948834 0.00282765 0.999995 -0.00136383 0.000952501 0.00136117 0.999999 0.0572896 -0.0337733 0.0511799
FixedParameters: 0 0 0

#Transform 107
Transform: AffineTransform_float_3_3
Parameters: 0.999997 -0.0025298 -0.00104362 0.00253011 0.999997 0.000123263 0.00104399 -0.000125738 1 0.0462567 -0.084456 0.121921
FixedParameters: 0 0 0

#Transform 108
Transform: AffineTransform_float_3_3
Parameters: 0.999996 -0.00251603 -0.00074691 0.00251684 0.999996 0.000513981 0.000745318 -0.000516017 0.999999 0.0462933 -0.0628179 0.102736
FixedParameters: 0 0 0

#Transform 109
Transform: AffineTransform_float_3_3
Parameters: 0.999996 -0.0023839 -0.00102711 0.00238236 0.999996 -0.00163155 0.0010308 0.00162945 0.999998 0.0957317 -0.0346509 -0.0339581
FixedParameters: 0 0 0

#Transform 110
Transform: AffineTransform_float_3_3
Parameters: 0.999997 -0.00244347 -0.00122348 0.00243897 0.999992 -0.00333314 0.00123257 0.00333086 0.999993 0.103374 0.0600328 0.0034763
FixedParameters: 0 0 0

#Transform 111
Transform: AffineTransform_float_3_3
Parameters: 0.999997 -0.00230699 -0.000873665 0.00230526 0.999996 -0.00202512 0.000878914 0.00202289 0.999998 0.0949143 0.00833038 0.00570653
FixedParameters: 0 0 0

#Transform 112
Transform: AffineTransform_float_3_3
Parameters: 0.999998 -0.00220659 -0.000753832 0.00220547 0.999996 -0.00131276 0.000756579 0.00131124 0.999999 0.0785629 0.0173059 -0.00213197
FixedParameters: 0 0 0

#Transform 113
Transform: AffineTransform_float_3_3
Parameters: 0.999998 -0.00220599 -0.0007431 0.00220507 0.999997 -0.00119674 0.000745334 0.00119526 0.999999 0.0912054 0.0482716 0.00815926
FixedParameters: 0 0 0

#Transform 114
Transform: AffineTransform_float_3_3
Parameters: 0.999999 -0.0017577 -9.99887e-05 0.00175717 0.999996 -0.00193023 0.000103777 0.00193077 0.999998 0.0784177 0.0365769 0.0271283
FixedParameters: 0 0 0

#Transform 115
Transform: AffineTransform_float_3_3
Parameters: 0.999999 -0.0015445 0.000216969 0.00154511 0.999998 -0.00172776 -0.000214629 0.00172724 0.999998 0.0906427 0.0764538 0.0284077
FixedParameters: 0 0 0

#Transform 116
Transform: AffineTransform_float_3_3
Parameters: 0.999998 -0.00165069 0.000368033 0.00165043 0.999998 -0.00106444 -0.000365472 0.00106456 1 0.065745 -0.000678821 0.0106858
FixedParameters: 0 0 0

#Transform 117
Transform: AffineTransform_float_3_3
Parameters: 0.999998 -0.00195594 0.000111355 0.00195613 0.999998 -0.00128288 -0.000108334 0.00128312 0.999999 0.0667595 0.0102035 0.0109558
FixedParameters: 0 0 0

#Transform 118
Transform: AffineTransform_float_3_3
Parameters: 0.999997 -0.00217927 -7.8615e-05 0.00217858 0.999995 -0.00258032 8.38667e-05 0.00258069 0.999996 0.0961004 0.0510948 0.0181984
FixedParameters: 0 0 0

#Transform 119
Transform: AffineTransform_float_3_3
Parameters: 0.999995 -0.00291119 0.000582482 0.00291466 0.999981 -0.00538851 -0.000566976 0.0053905 0.999986 0.101711 -0.0405657 0.0549986
FixedParameters: 0 0 0

#Transform 120
Transform: AffineTransform_float_3_3
Parameters: 0.999992 -0.00365492 0.00157182 0.00367515 0.999913 -0.0127016 -0.00152487 0.0127074 0.999918 0.123026 0.160691 0.20257
FixedParameters: 0 0 0

#Transform 121
Transform: AffineTransform_float_3_3
Parameters: 0.999993 -0.00336953 0.00201448 0.00339356 0.999919 -0.0122644 -0.00197242 0.0122716 0.999923 0.0909623 0.230642 0.142201
FixedParameters: 0 0 0

#Transform 122
Transform: AffineTransform_float_3_3
Parameters: 0.999993 -0.00308366 0.00215969 0.00310842 0.999925 -0.0117765 -0.00212361 0.0117835 0.999928 0.0752918 0.259859 0.159248
FixedParameters: 0 0 0

#Transform 123
Transform: AffineTransform_float_3_3
Parameters: 0.999997 -0.00239617 0.00122113 0.00241135 0.999917 -0.0126892 -0.00119144 0.0126918 0.999919 0.122024 0.319536 0.174538
FixedParameters: 0 0 0

#Transform 124
Transform: AffineTransform_float_3_3
Parameters: 0.999995 -0.00291386 0.00129769 0.00292672 0.999948 -0.00980343 -0.00126889 0.00980758 0.999951 0.113523 0.319051 0.138837
FixedParameters: 0 0 0

#Transform 125
Transform: AffineTransform_float_3_3
Parameters: 0.999995 -0.0029974 0.00150357 0.00301054 0.99996 -0.0084867 -0.00147804 0.00849131 0.999963 0.106579 0.369318 0.143941
FixedParameters: 0 0 0

#Transform 126
Transform: AffineTransform_float_3_3
Parameters: 0.999996 -0.00238804 0.00149959 0.0023986 0.999974 -0.00679951 -0.00148261 0.00680348 0.999976 0.121133 0.339068 0.0958102
FixedParameters: 0 0 0

#Transform 127
Transform: AffineTransform_float_3_3
Parameters: 0.999995 -0.00235674 0.00205841 0.00237324 0.999966 -0.00789219 -0.00203937 0.00789681 0.999967 0.082757 0.329742 0.0494306
FixedParameters: 0 0 0

#Transform 128
Transform: AffineTransform_float_3_3
Parameters: 0.999997 -0.00198264 0.00180713 0.00200672 0.999911 -0.0131765 -0.00178053 0.0131795 0.999911 0.120838 0.485446 0.0427354
FixedParameters: 0 0 0

#Transform 129
Transform: AffineTransform_float_3_3
Parameters: 0.999997 -0.00176736 0.00121965 0.00178481 0.999896 -0.0143379 -0.00119396 0.0143401 0.999896 0.152408 0.521384 0.0385626
FixedParameters: 0 0 0

#Transform 130
Transform: AffineTransform_float_3_3
Parameters: 0.999995 -0.002138 0.00240516 0.00217367 0.999886 -0.0148918 -0.00237335 0.0148972 0.999887 0.135144 0.491223 0.0668724
FixedParameters: 0 0 0

#Transform 131
Transform: AffineTransform_float_3_3
Parameters: 0.999993 -0.00227931 0.00271997 0.00232541 0.999856 -0.0168288 -0.00268146 0.0168352 0.999855 0.135983 0.504824 0.109432
FixedParameters: 0 0 0

#Transform 132
Transform: AffineTransform_float_3_3
Parameters: 0.999993 -0.00228967 0.002725 0.00233461 0.999859 -0.0165757 -0.00268634 0.0165813 0.999859 0.132529 0.496585 0.0970451
FixedParameters: 0 0 0

#Transform 133
Transform: AffineTransform_float_3_3
Parameters: 0.999992 -0.00259517 0.00297688 0.00264514 0.999856 -0.0167492 -0.00293291 0.0167568 0.999855 0.0831691 0.477726 0.117097
FixedParameters: 0 0 0

#Transform 134
Transform: AffineTransform_float_3_3
Parameters: 0.999992 -0.00260589 0.00297685 0.00265443 0.99986 -0.0164992 -0.00293286 0.0165078 0.999859 0.0954362 0.508288 0.159436
FixedParameters: 0 0 0

#Transform 135
Transform: AffineTransform_float_3_3
Parameters: 0.999992 -0.0028677 0.0029948 0.00291781 0.99985 -0.0170624 -0.00294478 0.0170706 0.99985 0.0978617 0.470313 0.118761
FixedParameters: 0 0 0

#Transform 136
Transform: AffineTransform_float_3_3
Parameters: 0.999993 -0.00249935 0.00297092 0.00254924 0.999857 -0.0167495 -0.00292816 0.0167575 0.999855 0.104697 0.471506 0.152332
FixedParameters: 0 0 0

#Transform 137
Transform: AffineTransform_float_3_3
Parameters: 0.999993 -0.00248486 0.00297138 0.00253571 0.999848 -0.0172586 -0.00292744 0.0172664 0.999847 0.131097 0.543686 0.184312
FixedParameters: 0 0 0

#Transform 138
Transform: AffineTransform_float_3_3
Parameters: 0.999997 -0.00180455 0.00169587 0.0018317 0.999862 -0.0165169 -0.00166555 0.0165201 0.999862 0.135086 0.492353 0.15286
FixedParameters: 0 0 0

#Transform 139
Transform: AffineTransform_float_3_3
Parameters: 0.999995 -0.00220245 0.00201869 0.00223781 0.999835 -0.0180576 -0.00197786 0.0180624 0.999835 0.12681 0.55848 0.210757
FixedParameters: 0 0 0

#Transform 140
Transform: AffineTransform_float_3_3
Parameters: 0.999996 -0.00204226 0.00217476 0.00207931 0.999843 -0.0175555 -0.00213867 0.0175594 0.999843 0.107792 0.500817 0.156951
FixedParameters: 0 0 0

#Transform 141
Transform: AffineTransform_float_3_3
Parameters: 0.999996 -0.00190532 0.00202032 0.00194194 0.999831 -0.0182861 -0.00198533 0.0182899 0.999831 0.110948 0.564898 0.161664
FixedParameters: 0 0 0

#Transform 142
Transform: AffineTransform_float_3_3
Parameters: 0.999994 -0.0026571 0.00191848 0.00269373 0.999805 -0.01956 -0.00186615 0.019565 0.999807 0.127666 0.541989 0.164255
FixedParameters: 0 0 0

#Transform 143
Transform: AffineTransform_float_3_3
Parameters: 0.999996 -0.00202707 0.00159121 0.00206077 0.999765 -0.0215838 -0.00154746 0.0215872 0.999766 0.143285 0.607292 0.202218
FixedParameters: 0 0 0

#Transform 144
Transform: AffineTransform_float_3_3
Parameters: 0.999996 -0.00171062 0.00198244 0.00175486 0.999747 -0.0224176 -0.0019428 0.0224204 0.999747 0.116328 0.627397 0.226717
FixedParameters: 0 0 0

#Transform 145
Transform: AffineTransform_float_3_3
Parameters: 0.999998 -0.00150887 0.00167905 0.00155067 0.99969 -0.0248655 -0.00164115 0.0248675 0.999689 0.11794 0.676095 0.313999
FixedParameters: 0 0 0

#Transform 146
Transform: AffineTransform_float_3_3
Parameters: 0.999998 -0.00124694 0.00154842 0.00129084 0.999589 -0.028613 -0.00151185 0.028615 0.99959 0.111161 0.905242 0.462638
FixedParameters: 0 0 0

#Transform 147
Transform: AffineTransform_float_3_3
Parameters: 0.999999 -0.00109843 0.00102205 0.00112336 0.999702 -0.0243749 -0.000994809 0.0243761 0.999703 0.140735 0.680894 0.490573
FixedParameters: 0 0 0

#Transform 148
Transform: AffineTransform_float_3_3
Parameters: 0.999999 -0.00159464 -0.000929699 0.00157078 0.999678 -0.0253045 0.00096967 0.0253035 0.99968 0.147602 0.828679 0.301132
FixedParameters: 0 0 0

#Transform 149
Transform: AffineTransform_float_3_3
Parameters: 0.999999 -0.00133463 -0.000491716 0.00132131 0.999654 -0.0262697 0.000526853 0.0262693 0.999654 0.133577 0.812227 0.351601
FixedParameters: 0 0 0

#Transform 150
Transform: AffineTransform_float_3_3
Parameters: 0.999999 -0.00114697 -0.000505499 0.00113359 0.999661 -0.0259876 0.000535123 0.0259864 0.999662 0.144568 0.82437 0.310961
FixedParameters: 0 0 0

#Transform 151
Transform: AffineTransform_float_3_3
Parameters: 1 -0.00100815 -0.000207388 0.00100289 0.999681 -0.0252322 0.000232847 0.0252318 0.999682 0.153698 0.779694 0.30979
FixedParameters: 0 0 0
