#Insight Transform File V1.0
#Transform 0
Transform: AffineTransform_float_3_3
Parameters: 1 -0.000564074 -0.000143275 0.000564651 0.999997 0.00247692 0.000141471 -0.00247708 0.999997 -0.00814332 -0.16906 -0.0379659
FixedParameters: 0 0 0

#Transform 1
Transform: AffineTransform_float_3_3
Parameters: 0.999999 -0.000827801 -0.000109405 0.000828032 0.999997 0.00224791 0.000107666 -0.00224809 0.999998 0.000474615 -0.155405 -0.0424091
FixedParameters: 0 0 0

#Transform 2
Transform: AffineTransform_float_3_3
Parameters: 1 -0.000779108 -0.000409493 0.00078057 0.999998 0.00210281 0.000408196 -0.00210319 0.999997 -0.00575763 -0.174662 -0.0558323
FixedParameters: 0 0 0

#Transform 3
Transform: AffineTransform_float_3_3
Parameters: 0.999999 -0.000846951 2.00972e-05 0.000846593 0.999997 0.00237302 -2.21327e-05 -0.00237298 0.999997 -0.00338851 -0.159939 -0.054546
FixedParameters: 0 0 0

#Transform 4
Transform: AffineTransform_float_3_3
Parameters: 0.999999 -0.00070912 -9.15253e-05 0.000709354 0.999997 0.00200194 8.96772e-05 -0.00200206 0.999998 -0.00240571 -0.146509 -0.0800403
FixedParameters: 0 0 0

#Transform 5
Transform: AffineTransform_float_3_3
Parameters: 1 -0.000500242 0.00019004 0.000500203 0.999997 0.0023631 -0.000191284 -0.00236291 0.999997 -0.0152892 -0.159041 -0.0652608
FixedParameters: 0 0 0

#Transform 6
Transform: AffineTransform_float_3_3
Parameters: 1 -0.000509552 0.000260427 0.000509181 0.999997 0.00236313 -0.000261714 -0.00236287 0.999997 -0.00901385 -0.0612645 -0.00362907
FixedParameters: 0 0 0

#Transform 7
Transform: AffineTransform_float_3_3
Parameters: 0.999999 0.000513538 0.000504955 -0.000512848 0.999999 -0.000682275 -0.000505656 0.000682723 0.999999 -0.063902 0.0994609 0.036618
FixedParameters: 0 0 0

#Transform 8
Transform: AffineTransform_float_3_3
Parameters: 1 0.000273579 0.000363185 -0.000273407 1 -0.000236099 -0.000363315 0.000235901 1 -0.0376382 0.0789014 0.00358154
FixedParameters: 0 0 0

#Transform 9
Transform: AffineTransform_float_3_3
Parameters: 1 0.000342776 3.94261e-05 -0.000342765 1 -0.000146014 -3.95262e-05 0.000145986 1 -0.0295399 0.0578943 -0.0374586
FixedParameters: 0 0 0

#Transform 10
Transform: AffineTransform_float_3_3
Parameters: 1 5.94858e-05 0.000194274 -5.94606e-05 1 -6.50116e-05 -0.000194282 6.49884e-05 1 -0.0297848 0.0398993 -0.0522573
FixedParameters: 0 0 0

#Transform 11
Transform: AffineTransform_float_3_3
Parameters: 1 -4.5034e-05 8.28972e-05 4.50677e-05 1 -0.000202996 -8.28789e-05 0.000203004 1 -0.0171413 -0.00327005 0.0435696
FixedParameters: 0 0 0

#Transform 12
Transform: AffineTransform_float_3_3
Parameters: 1 0.000408466 0.000239742 -0.000408616 1 0.000312902 -0.000239486 -0.000313098 1 -0.00692237 0.00346883 0.0158621
FixedParameters: 0 0 0

#Transform 13
Transform: AffineTransform_float_3_3
Parameters: 1 -2.59067e-05 0.000595622 2.5952e-05 1 -3.79845e-05 -0.00059562 3.80154e-05 1 -0.0250545 0.0332829 0.0186972
FixedParameters: 0 0 0

#Transform 14
Transform: AffineTransform_float_3_3
Parameters: 1 0.000433143 5.01884e-05 -0.000433139 1 -3.80217e-05 -5.02213e-05 3.79782e-05 1 -0.00157396 0.00155436 -0.0280121
FixedParameters: 0 0 0

#Transform 15
Transform: AffineTransform_float_3_3
Parameters: 1 0.000394868 0.000344756 -0.00039491 1 6.18639e-05 -0.000344707 -6.21361e-05 1 -0.0205233 -0.0244991 0.0270011
FixedParameters: 0 0 0

#Transform 16
Transform: AffineTransform_float_3_3
Parameters: 1 0.000394892 0.000344728 -0.000394886 1 -8.13613e-06 -0.000344734 7.86387e-06 1 -0.00994423 -0.00467035 0.01314
FixedParameters: 0 0 0

#Transform 17
Transform: AffineTransform_float_3_3
Parameters: 1 -0.000244541 0.000369633 0.000244732 1 -0.00025891 -0.000369507 0.00025909 1 -0.0239333 0.0368311 -0.00849154
FixedParameters: 0 0 0

#Transform 18
Transform: AffineTransform_float_3_3
Parameters: 1 0.000639435 0.000286648 -0.000639482 1 -0.000143183 -0.000285839 0.000142817 1 -0.00337012 0.0079876 -0.0586773
FixedParameters: 0 0 0

#Transform 19
Transform: AffineTransform_float_3_3
Parameters: 1 9.35565e-05 -0.00019959 -9.34216e-05 1 0.000338019 0.000199653 -0.000337981 1 -0.00234482 -0.011292 -0.0424059
FixedParameters: 0 0 0

#Transform 20
Transform: AffineTransform_float_3_3
Parameters: 1 0.00037124 -0.000163371 -0.000372066 1 0.000506061 0.000163618 -0.000505939 1 0.00584661 0.00640116 -0.0116262
FixedParameters: 0 0 0

#Transform 21
Transform: AffineTransform_float_3_3
Parameters: 1 3.90629e-05 0.00029652 -3.92106e-05 1 0.000248988 -0.0002965 -0.000249012 1 -0.0443999 0.012691 0.0483253
FixedParameters: 0 0 0

#Transform 22
Transform: AffineTransform_float_3_3
Parameters: 1 4.14793e-05 0.000278657 -4.14308e-05 1 -8.70115e-05 -0.000278664 8.69884e-05 1 -0.0353114 -0.0408747 0.0552808
FixedParameters: 0 0 0

#Transform 23
Transform: AffineTransform_float_3_3
Parameters: 1 4.49517e-05 0.000251882 -4.49134e-05 1 -7.60113e-05 -0.000251888 7.59887e-05 1 -0.021057 -0.0399209 0.0452173
FixedParameters: 0 0 0

#Transform 24
Transform: AffineTransform_float_3_3
Parameters: 1 -0.000382407 8.76617e-05 0.000382495 1 -0.000499966 -8.72792e-05 0.000500033 1 -0.0196102 -0.00997997 0.0467163
FixedParameters: 0 0 0

#Transform 25
Transform: AffineTransform_float_3_3
Parameters: 0.999999 -0.000280325 -0.000697981 0.000280566 1 0.000172788 0.000697884 -0.000172212 1 -0.00138153 -0.0480637 -0.0161725
FixedParameters: 0 0 0

#Transform 26
Transform: AffineTransform_float_3_3
Parameters: 1 -0.000372148 8.11634e-06 0.000372147 1 5.5003e-05 -8.15727e-06 -5.4997e-05 1 -0.0173817 -0.0415729 0.0368966
FixedParameters: 0 0 0

#Transform 27
Transform: AffineTransform_float_3_3
Parameters: 1 -0.000355735 -0.000118576 0.000355588 0.999999 -0.000622042 0.000119018 0.000621957 1 -0.00881829 -0.0224089 0.036098
FixedParameters: 0 0 0

#Transform 28
Transform: AffineTransform_float_3_3
Parameters: 1 0.00053089 -3.90495e-06 -0.000530894 0.999999 -0.000472998 3.40273e-06 0.000473002 1 0.00172057 0.00611847 0.0248154
FixedParameters: 0 0 0

#Transform 29
Transform: AffineTransform_float_3_3
Parameters: 1 0.000361507 -0.0004785 -0.00036175 1 -0.000253827 0.000478316 0.000254173 1 0.0183264 0.0193282 -0.00790636
FixedParameters: 0 0 0

#Transform 30
Transform: AffineTransform_float_3_3
Parameters: 1 -0.000297833 -0.000564057 0.000297832 1 -1.16799e-06 0.000564058 8.32005e-07 1 -0.00740325 -0.0034949 -0.00814108
FixedParameters: 0 0 0

#Transform 31
Transform: AffineTransform_float_3_3
Parameters: 1 0.000527148 -0.000457003 -0.000527328 1 -0.000196759 0.000456795 0.000197241 1 0.00864377 -0.0254371 -0.00761203
FixedParameters: 0 0 0

#Transform 32
Transform: AffineTransform_float_3_3
Parameters: 1 -0.000111071 0.000505909 0.000111097 1 -2.59438e-05 -0.000505903 2.60562e-05 1 -0.0384714 -0.0236816 -7.23289e-05
FixedParameters: 0 0 0

#Transform 33
Transform: AffineTransform_float_3_3
Parameters: 1 -0.000234483 0.00023786 0.000234671 1 -0.000394944 -0.000237675 0.000395056 1 -0.0400914 0.012587 -0.000793279
FixedParameters: 0 0 0

#Transform 34
Transform: AffineTransform_float_3_3
Parameters: 1 -0.000297359 -0.000319866 0.000297176 1 -0.000287095 0.000320037 0.000286905 1 -0.00748706 -0.00342871 -0.059964
FixedParameters: 0 0 0

#Transform 35
Transform: AffineTransform_float_3_3
Parameters: 1 0.000329763 0.000186832 -0.000329554 1 -0.000560061 -0.000187201 0.000559938 1 -0.00409541 -0.0147066 0.0402272
FixedParameters: 0 0 0

#Transform 36
Transform: AffineTransform_float_3_3
Parameters: 1 -0.000151768 -8.92825e-05 0.000152751 1 -5.10136e-05 8.94268e-05 5.09864e-05 1 -0.00738634 -0.010592 0.0222447
FixedParameters: 0 0 0

#Transform 37
Transform: AffineTransform_float_3_3
Parameters: 1 0.000114658 -0.000386463 -0.000114797 1 -0.000179956 0.000386421 0.000180044 1 0.0177935 0.0343304 -0.0415615
FixedParameters: 0 0 0

#Transform 38
Transform: AffineTransform_float_3_3
Parameters: 1 0.000324237 -2.74835e-05 -0.00032424 1 -4.69911e-05 2.74531e-05 4.70089e-05 1 0.0100725 0.0327965 -0.0619748
FixedParameters: 0 0 0

#Transform 39
Transform: AffineTransform_float_3_3
Parameters: 1 3.57021e-05 -6.49258e-05 -3.56219e-05 1 0.000618002 6.49698e-05 -0.000617997 1 -0.00706306 -0.0175058 -0.0172054
FixedParameters: 0 0 0

#Transform 40
Transform: AffineTransform_float_3_3
Parameters: 1 3.56054e-05 -6.49788e-05 -3.57186e-05 0.999999 -0.000870997 6.49167e-05 0.000871002 0.999999 -0.00706334 0.034748 0.0158224
FixedParameters: 0 0 0

#Transform 41
Transform: AffineTransform_float_3_3
Parameters: 1 0.000565216 3.53058e-06 -0.000565212 0.999999 -0.000528002 -4.12745e-06 0.000527998 1 -0.0112853 0.0276881 -0.0501326
FixedParameters: 0 0 0

#Transform 42
Transform: AffineTransform_float_3_3
Parameters: 1 -6.40012e-05 5.82739e-05 6.4067e-05 1 -0.000564996 -5.82015e-05 0.000565004 1 -0.0302151 0.0224094 -0.0429676
FixedParameters: 0 0 0

#Transform 43
Transform: AffineTransform_float_3_3
Parameters: 1 0.000349298 0.000253931 -0.000349067 1 -0.000453089 -0.000254248 0.000452911 1 -0.0193649 0.0126442 -0.0231487
FixedParameters: 0 0 0

#Transform 44
Transform: AffineTransform_float_3_3
Parameters: 1 0.000531544 0.000100109 -0.000531475 1 -0.000343053 -0.000100474 0.000342947 1 -0.0159261 0.0375369 -0.00953874
FixedParameters: 0 0 0

#Transform 45
Transform: AffineTransform_float_3_3
Parameters: 1 0.000172489 -4.7262e-05 -0.000172537 1 -0.000509992 4.7086e-05 0.000510008 1 -0.0246663 0.0335664 -0.056803
FixedParameters: 0 0 0

#Transform 46
Transform: AffineTransform_float_3_3
Parameters: 1 0.000204629 -0.000295149 -0.000204794 1 -0.00027794 0.000295035 0.00027806 1 -0.0146294 0.031823 -0.0139427
FixedParameters: 0 0 0

#Transform 47
Transform: AffineTransform_float_3_3
Parameters: 1 0.000113521 0.00040988 -0.000112754 0.999999 -0.000936045 -0.000410092 0.000935953 0.999999 -0.0367816 0.0416774 0.00238716
FixedParameters: 0 0 0

#Transform 48
Transform: AffineTransform_float_3_3
Parameters: 1 0.000224042 -4.06841e-05 -0.000224117 0.999999 -0.00092599 4.02691e-05 0.000926008 0.999999 -0.0285949 0.0711293 -0.00679327
FixedParameters: 0 0 0

#Transform 49
Transform: AffineTransform_float_3_3
Parameters: 1 0.000338102 -2.59225e-05 -0.000338141 0.999999 -0.000760991 2.54078e-05 0.000761008 0.999999 -0.0210816 0.0321152 -0.047902
FixedParameters: 0 0 0

#Transform 50
Transform: AffineTransform_float_3_3
Parameters: 1 0.000275883 0.000637815 -0.000274292 0.999996 -0.00290117 -0.000638677 0.00290082 0.999995 -0.0299806 0.0386822 0.022114
FixedParameters: 0 0 0

#Transform 51
Transform: AffineTransform_float_3_3
Parameters: 0.999999 0.000374158 0.000650245 -0.000372368 0.999996 -0.00299725 -0.000651749 0.00299676 0.999996 -0.0182642 0.0696653 0.0106993
FixedParameters: 0 0 0

#Transform 52
Transform: AffineTransform_float_3_3
Parameters: 1 0.000289721 0.000639601 -0.000288221 0.999996 -0.00282218 -0.000640498 0.00282181 0.999996 -0.0322688 0.0476129 -0.0348087
FixedParameters: 0 0 0

#Transform 53
Transform: AffineTransform_float_3_3
Parameters: 0.999999 0.000480307 0.000663708 -0.000478567 0.999996 -0.00299732 -0.000664856 0.00299668 0.999996 -0.0164384 0.0395587 0.032233
FixedParameters: 0 0 0

#Transform 54
Transform: AffineTransform_float_3_3
Parameters: 0.999999 0.000494836 0.000665857 -0.000492665 0.999997 -0.00246933 -0.000667432 0.00246867 0.999996 -0.0479489 0.0583389 0.0253481
FixedParameters: 0 0 0

#Transform 55
Transform: AffineTransform_float_3_3
Parameters: 0.999999 0.000508355 0.000792259 -0.000505844 0.999996 -0.0029974 -0.000793573 0.0029966 0.999995 -0.0544063 0.0894333 0.0209374
FixedParameters: 0 0 0

#Transform 56
Transform: AffineTransform_float_3_3
Parameters: 1 0.00066256 0.000776537 -0.000661131 0.999995 -0.00299753 -0.000778908 0.00299747 0.999996 -0.0507129 0.0582029 0.0287576
FixedParameters: 0 0 0

#Transform 57
Transform: AffineTransform_float_3_3
Parameters: 1 0.000319798 0.000545643 -0.000318962 0.999996 -0.00281919 -0.000545718 0.00281981 0.999996 -0.0374232 0.0449483 0.023642
FixedParameters: 0 0 0

#Transform 58
Transform: AffineTransform_float_3_3
Parameters: 0.999999 0.000763856 0.000584243 -0.000761005 0.999993 -0.00361146 -0.000586904 0.00361154 0.999994 -0.0106885 0.0633801 0.0464158
FixedParameters: 0 0 0

#Transform 59
Transform: AffineTransform_float_3_3
Parameters: 0.999999 0.000791445 0.000365884 -0.000790085 0.999992 -0.00372529 -0.000368929 0.00372471 0.999993 -0.00856142 0.0682478 -0.0107551
FixedParameters: 0 0 0

#Transform 60
Transform: AffineTransform_float_3_3
Parameters: 1 0.000751714 0.000678771 -0.000749671 0.999995 -0.0032454 -0.000680926 0.0032456 0.999994 -0.0172549 0.034336 0.0896411
FixedParameters: 0 0 0

#Transform 61
Transform: AffineTransform_float_3_3
Parameters: 0.999999 0.000770643 0.000530632 -0.000768128 0.999993 -0.00365843 -0.000533415 0.00365857 0.999993 -0.0300292 0.0701254 0.0709763
FixedParameters: 0 0 0

#Transform 62
Transform: AffineTransform_float_3_3
Parameters: 0.999999 0.000793787 0.00034782 -0.000792379 0.999991 -0.00398528 -0.000351294 0.00398472 0.999992 -0.028444 0.0663746 0.031692
FixedParameters: 0 0 0

#Transform 63
Transform: AffineTransform_float_3_3
Parameters: 0.999999 0.000792422 0.000358001 -0.00079117 0.999993 -0.0036583 -0.000360948 0.0036587 0.999994 -0.0194276 0.0630364 0.057933
FixedParameters: 0 0 0

#Transform 64
Transform: AffineTransform_float_3_3
Parameters: 1 0.000742318 0.000753156 -0.000739615 0.999995 -0.00327558 -0.000756284 0.00327543 0.999995 -0.0280196 0.0477778 0.091379
FixedParameters: 0 0 0

#Transform 65
Transform: AffineTransform_float_3_3
Parameters: 0.999999 0.000797259 0.000319418 -0.000795388 0.999994 -0.00351913 -0.000322048 0.00351887 0.999994 -0.00726111 0.0725512 0.0576197
FixedParameters: 0 0 0

#Transform 66
Transform: AffineTransform_float_3_3
Parameters: 0.999999 0.000763993 0.000582409 -0.000761384 0.999994 -0.00341546 -0.000584772 0.00341554 0.999994 -0.0219824 0.0462321 0.0660751
FixedParameters: 0 0 0

#Transform 67
Transform: AffineTransform_float_3_3
Parameters: 0.999999 0.000797119 0.000319767 -0.000795529 0.999995 -0.00308126 -0.000321699 0.00308075 0.999995 -0.02524 0.0440533 0.0788126
FixedParameters: 0 0 0

#Transform 68
Transform: AffineTransform_float_3_3
Parameters: 1 0.000734345 0.000818352 -0.000730717 0.999993 -0.00365862 -0.000820994 0.00365838 0.999993 -0.0311737 0.0711045 0.0740305
FixedParameters: 0 0 0

#Transform 69
Transform: AffineTransform_float_3_3
Parameters: 1 0.000626728 0.000297627 -0.000625777 0.999992 -0.00390019 -0.000299666 0.00389982 0.999993 -0.0102339 0.0692399 0.0647616
FixedParameters: 0 0 0

#Transform 70
Transform: AffineTransform_float_3_3
Parameters: 0.999999 0.000752984 0.000438747 -0.000751196 0.999993 -0.00359833 -0.000441313 0.00359767 0.999994 -0.0111871 0.0586098 0.0785357
FixedParameters: 0 0 0

#Transform 71
Transform: AffineTransform_float_3_3
Parameters: 0.999999 0.000760829 0.000376332 -0.000759579 0.999993 -0.00348129 -0.000378779 0.00348071 0.999994 -0.00943501 0.0509484 0.111436
FixedParameters: 0 0 0

#Transform 72
Transform: AffineTransform_float_3_3
Parameters: 0.999999 0.000778305 0.000238257 -0.000777908 0.999993 -0.00370219 -0.000241171 0.00370181 0.999993 -0.00556732 0.0587667 0.0989357
FixedParameters: 0 0 0

#Transform 73
Transform: AffineTransform_float_3_3
Parameters: 0.999999 0.000805961 0.000515601 -0.000804145 0.999992 -0.00404431 -0.000519395 0.0040447 0.999992 -0.00975737 0.0714025 0.0755923
FixedParameters: 0 0 0

#Transform 74
Transform: AffineTransform_float_3_3
Parameters: 0.999999 0.00111408 0.000741921 -0.00111081 0.999992 -0.00395872 -0.000746027 0.00395829 0.999992 -0.0113094 0.068174 0.0770894
FixedParameters: 0 0 0

#Transform 75
Transform: AffineTransform_float_3_3
Parameters: 1 0.000903586 0.000675384 -0.000900963 0.999992 -0.00368563 -0.000679317 0.00368537 0.999993 -0.00460386 0.0574247 0.103097
FixedParameters: 0 0 0

#Transform 76
Transform: AffineTransform_float_3_3
Parameters: 0.999999 0.000674318 0.000710111 -0.000671719 0.999993 -0.00349349 -0.000712096 0.0034935 0.999993 -0.00121149 0.0492075 0.127491
FixedParameters: 0 0 0

#Transform 77
Transform: AffineTransform_float_3_3
Parameters: 1 0.000923691 0.00063645 -0.000921301 0.999992 -0.00383061 -0.000639808 0.0038304 0.999993 0.00442262 0.0806173 0.0734668
FixedParameters: 0 0 0

#Transform 78
Transform: AffineTransform_float_3_3
Parameters: 0.999999 0.000713233 0.000394401 -0.000711744 0.999993 -0.00362428 -0.000396719 0.00362372 0.999994 -0.0110246 0.0564971 0.061886
FixedParameters: 0 0 0

#Transform 79
Transform: AffineTransform_float_3_3
Parameters: 0.999999 0.000673669 0.000324068 -0.000672719 0.999994 -0.00337922 -0.000326762 0.00337878 0.999994 -0.00639199 0.0472224 0.0847404
FixedParameters: 0 0 0

#Transform 80
Transform: AffineTransform_float_3_3
Parameters: 1 0.00100623 0.00036553 -0.00100484 0.999991 -0.00393739 -0.000369611 0.00393761 0.999992 -0.0159733 0.0926848 0.0773794
FixedParameters: 0 0 0

#Transform 81
Transform: AffineTransform_float_3_3
Parameters: 0.999999 0.00116754 0.00056525 -0.00116472 0.999991 -0.00392966 -0.000569584 0.00392834 0.999992 -0.0186239 0.0657769 0.0881596
FixedParameters: 0 0 0

#Transform 82
Transform: AffineTransform_float_3_3
Parameters: 0.999999 0.000795889 0.000339046 -0.000794578 0.999992 -0.00394627 -0.000342476 0.00394573 0.999992 -0.00788605 0.0569132 0.106876
FixedParameters: 0 0 0

#Transform 83
Transform: AffineTransform_float_3_3
Parameters: 0.999999 0.00101309 0.000366632 -0.00101173 0.999992 -0.00371237 -0.000371302 0.00371162 0.999993 -0.00404825 0.0671877 0.0913276
FixedParameters: 0 0 0

#Transform 84
Transform: AffineTransform_float_3_3
Parameters: 1 0.00106879 0.000373238 -0.00106723 0.999991 -0.00408729 -0.000378131 0.00408771 0.999991 -0.00294917 0.0753105 0.0521679
FixedParameters: 0 0 0

#Transform 85
Transform: AffineTransform_float_3_3
Parameters: 0.999999 0.000795811 0.000339229 -0.000794657 0.999993 -0.00371627 -0.000342293 0.00371573 0.999993 -0.0119882 0.0609695 0.0852585
FixedParameters: 0 0 0

#Transform 86
Transform: AffineTransform_float_3_3
Parameters: 0.999999 0.000721327 0.000330007 -0.00072026 0.999993 -0.00349324 -0.000333187 0.00349276 0.999994 -0.00921073 0.0540621 0.0906264
FixedParameters: 0 0 0

#Transform 87
Transform: AffineTransform_float_3_3
Parameters: 0.999999 0.0011241 0.000663266 -0.00112213 0.99999 -0.00420175 -0.00066813 0.00420025 0.999991 -0.0149826 0.0736657 0.0862993
FixedParameters: 0 0 0

#Transform 88
Transform: AffineTransform_float_3_3
Parameters: 0.999999 0.00126715 0.000454717 -0.00126611 0.999991 -0.00401245 -0.000460179 0.00401155 0.999992 -0.000885732 0.0662605 0.0561364
FixedParameters: 0 0 0

#Transform 89
Transform: AffineTransform_float_3_3
Parameters: 0.999999 0.000803248 0.000336158 -0.000802134 0.999993 -0.00368929 -0.000339235 0.00368971 0.999993 -0.00769509 0.0347712 0.101104
FixedParameters: 0 0 0

#Transform 90
Transform: AffineTransform_float_3_3
Parameters: 1 0.000899139 0.000736862 -0.000895519 0.999991 -0.00414166 -0.000740585 0.00414034 0.999991 -0.0331678 0.073964 0.0992768
FixedParameters: 0 0 0

#Transform 91
Transform: AffineTransform_float_3_3
Parameters: 1 0.000971234 0.000404799 -0.00096913 0.999989 -0.0045964 -0.000408887 0.00459561 0.99999 -0.0122761 0.0885421 0.0630574
FixedParameters: 0 0 0

#Transform 92
Transform: AffineTransform_float_3_3
Parameters: 1 0.000974788 0.000406293 -0.00097338 0.999993 -0.00357327 -0.000409416 0.00357273 0.999993 -0.0315799 0.0527642 0.0645863
FixedParameters: 0 0 0

#Transform 93
Transform: AffineTransform_float_3_3
Parameters: 0.999999 0.000857979 0.000390938 -0.000856153 0.99999 -0.00424433 -0.000394374 0.00424366 0.999991 -0.0395238 0.0792401 0.107996
FixedParameters: 0 0 0

#Transform 94
Transform: AffineTransform_float_3_3
Parameters: 0.999999 0.000845739 0.000319859 -0.000844516 0.99999 -0.00424427 -0.000323194 0.00424373 0.999991 -0.0264931 0.0809812 0.0740507
FixedParameters: 0 0 0

#Transform 95
Transform: AffineTransform_float_3_3
Parameters: 1 0.000881744 0.000474557 -0.000879214 0.99999 -0.00423742 -0.00047818 0.00423658 0.999991 -0.031753 0.0786847 0.0611207
FixedParameters: 0 0 0

#Transform 96
Transform: AffineTransform_float_3_3
Parameters: 0.999999 0.000816219 0.000385888 -0.000814613 0.999991 -0.00402031 -0.000388606 0.00401968 0.999992 -0.0270599 0.0632584 0.103842
FixedParameters: 0 0 0

#Transform 97
Transform: AffineTransform_float_3_3
Parameters: 0.999999 0.000792743 0.000516069 -0.000791063 0.999992 -0.00391043 -0.000519545 0.00391057 0.999993 -0.0284182 0.0757152 0.128735
FixedParameters: 0 0 0

#Transform 98
Transform: AffineTransform_float_3_3
Parameters: 0.999999 0.00111893 0.000504934 -0.0011169 0.999989 -0.00458857 -0.000510491 0.00458743 0.99999 -0.0270314 0.0908902 0.0753991
FixedParameters: 0 0 0

#Transform 99
Transform: AffineTransform_float_3_3
Parameters: 1 0.000901115 0.000368928 -0.000899305 0.999989 -0.00447033 -0.000373138 0.00446966 0.99999 -0.01655 0.072327 0.104803
FixedParameters: 0 0 0

#Transform 100
Transform: AffineTransform_float_3_3
Parameters: 0.999999 0.000907544 0.000485845 -0.000905895 0.999991 -0.00425132 -0.000489845 0.00425069 0.999991 -0.0286577 0.0657612 0.130472
FixedParameters: 0 0 0

#Transform 101
Transform: AffineTransform_float_3_3
Parameters: 0.999999 0.00112473 0.000667912 -0.0011212 0.999989 -0.00459277 -0.000673526 0.00459223 0.99999 -0.0270369 0.0829178 0.0717816
FixedParameters: 0 0 0

#Transform 102
Transform: AffineTransform_float_3_3
Parameters: 0.999999 0.00115312 0.000480436 -0.00115068 0.999991 -0.00421943 -0.000485326 0.00421857 0.999991 -0.0167103 0.0575091 0.107523
FixedParameters: 0 0 0

#Transform 103
Transform: AffineTransform_float_3_3
Parameters: 1 0.00085505 0.000421943 -0.000853083 0.999991 -0.00410125 -0.000425111 0.00410175 0.999991 -0.016317 0.0630535 0.120855
FixedParameters: 0 0 0

#Transform 104
Transform: AffineTransform_float_3_3
Parameters: 0.999999 0.00142524 0.000497737 -0.0014234 0.999988 -0.00472258 -0.000504504 0.00472141 0.999988 -0.0129001 0.0898232 0.0958154
FixedParameters: 0 0 0

#Transform 105
Transform: AffineTransform_float_3_3
Parameters: 0.999999 0.00115457 0.000454577 -0.00115283 0.999987 -0.00491642 -0.000460229 0.00491658 0.999988 -0.00832856 0.0819125 0.0976391
FixedParameters: 0 0 0

#Transform 106
Transform: AffineTransform_float_3_3
Parameters: 0.999999 0.0011779 0.000347996 -0.00117642 0.999988 -0.00462741 -0.000353069 0.00462659 0.999989 -0.01165 0.0742978 0.142539
FixedParameters: 0 0 0

#Transform 107
Transform: AffineTransform_float_3_3
Parameters: 1 0.00101582 0.000185567 -0.0010157 0.999988 -0.00466619 -0.000190217 0.00466581 0.999989 -0.0191122 0.0998105 0.14594
FixedParameters: 0 0 0

#Transform 108
Transform: AffineTransform_float_3_3
Parameters: 0.999999 0.00122861 0.000362038 -0.00122691 0.999987 -0.00491632 -0.000367297 0.00491568 0.999988 -0.0250233 0.119547 0.117433
FixedParameters: 0 0 0

#Transform 109
Transform: AffineTransform_float_3_3
Parameters: 0.999999 0.00135605 0.000302479 -0.00135467 0.999983 -0.00556228 -0.000309751 0.00556171 0.999984 -0.0171024 0.0886113 0.121888
FixedParameters: 0 0 0

#Transform 110
Transform: AffineTransform_float_3_3
Parameters: 1 0.00111434 0.000139217 -0.00111373 0.999988 -0.00486603 -0.000144109 0.00486597 0.999988 -0.0239634 0.0650762 0.171453
FixedParameters: 0 0 0

#Transform 111
Transform: AffineTransform_float_3_3
Parameters: 0.999999 0.00144797 -7.11556e-05 -0.00144756 0.999986 -0.00494277 6.40422e-05 0.00494322 0.999988 -0.00361461 0.0768348 0.186164
FixedParameters: 0 0 0

#Transform 112
Transform: AffineTransform_float_3_3
Parameters: 0.999999 0.00127018 0.000158266 -0.0012694 0.999985 -0.00519207 -0.00016451 0.00519192 0.999986 -0.0131418 0.0916675 0.130182
FixedParameters: 0 0 0

#Transform 113
Transform: AffineTransform_float_3_3
Parameters: 0.999999 0.00133541 0.000516152 -0.00133196 0.999986 -0.00513856 -0.000523044 0.00513743 0.999986 -0.0185553 0.0871373 0.1511
FixedParameters: 0 0 0

#Transform 114
Transform: AffineTransform_float_3_3
Parameters: 0.999999 0.00138129 0.000172327 -0.00138042 0.999987 -0.00503812 -0.000179299 0.00503789 0.999988 -0.0111429 0.0819365 0.168592
FixedParameters: 0 0 0

#Transform 115
Transform: AffineTransform_float_3_3
Parameters: 0.999999 0.00149594 0.000271188 -0.00149403 0.999986 -0.00509928 -0.000279492 0.00509871 0.999987 -0.0113749 0.0980471 0.183992
FixedParameters: 0 0 0

#Transform 116
Transform: AffineTransform_float_3_3
Parameters: 0.999999 0.00141185 0.000234669 -0.00141016 0.999983 -0.00568121 -0.000242768 0.00568079 0.999984 -0.0121968 0.113122 0.176183
FixedParameters: 0 0 0

#Transform 117
Transform: AffineTransform_float_3_3
Parameters: 0.999999 0.00143102 0.000177624 -0.00142999 0.999983 -0.00566213 -0.000185889 0.00566187 0.999984 -0.0102112 0.119897 0.155841
FixedParameters: 0 0 0

#Transform 118
Transform: AffineTransform_float_3_3
Parameters: 0.999998 0.00159597 2.63328e-05 -0.00159568 0.999984 -0.0053199 -3.52488e-05 0.00531909 0.999986 -0.0109016 0.0915818 0.172814
FixedParameters: 0 0 0

#Transform 119
Transform: AffineTransform_float_3_3
Parameters: 0.999999 0.00137337 0.00017124 -0.00137248 0.999986 -0.00510811 -0.000178324 0.00510789 0.999987 -0.0168581 0.0822102 0.181333
FixedParameters: 0 0 0

#Transform 120
Transform: AffineTransform_float_3_3
Parameters: 0.999999 0.00146262 0.000239724 -0.00146093 0.999982 -0.00584123 -0.000247876 0.00584077 0.999983 -0.0112102 0.119337 0.165226
FixedParameters: 0 0 0

#Transform 121
Transform: AffineTransform_float_3_3
Parameters: 0.999999 0.00139104 0.00023997 -0.00139023 0.999982 -0.00580721 -0.000248316 0.00580679 0.999983 -0.0058657 0.107937 0.135552
FixedParameters: 0 0 0

#Transform 122
Transform: AffineTransform_float_3_3
Parameters: 0.999998 0.00157392 0.000341086 -0.00157143 0.999985 -0.00527841 -0.000348762 0.00527758 0.999986 -0.00521515 0.0907417 0.194957
FixedParameters: 0 0 0

#Transform 123
Transform: AffineTransform_float_3_3
Parameters: 0.999999 0.00138499 0.000329644 -0.00138301 0.999981 -0.00599333 -0.000338428 0.00599267 0.999982 0.0132827 0.1279 0.175811
FixedParameters: 0 0 0

#Transform 124
Transform: AffineTransform_float_3_3
Parameters: 0.999999 0.00148268 0.000183546 -0.00148159 0.999981 -0.00598815 -0.000192371 0.00598785 0.999982 -0.0022449 0.105832 0.146478
FixedParameters: 0 0 0

#Transform 125
Transform: AffineTransform_float_3_3
Parameters: 0.999999 0.00148466 0.000354459 -0.00148269 0.999983 -0.00574028 -0.000362695 0.00573972 0.999983 -0.0117197 0.077893 0.18639
FixedParameters: 0 0 0

#Transform 126
Transform: AffineTransform_float_3_3
Parameters: 0.999999 0.00143706 0.000405603 -0.00143429 0.999981 -0.00600146 -0.000414038 0.00600054 0.999982 -0.0234461 0.112619 0.140752
FixedParameters: 0 0 0

#Transform 127
Transform: AffineTransform_float_3_3
Parameters: 0.999998 0.00169399 0.000210334 -0.00169286 0.999983 -0.00562224 -0.000219458 0.00562176 0.999984 -0.00430718 0.0670114 0.138986
FixedParameters: 0 0 0

#Transform 128
Transform: AffineTransform_float_3_3
Parameters: 0.999999 0.00131384 0.000163726 -0.00131301 0.999985 -0.00517709 -0.000170383 0.0051769 0.999986 0.0158384 0.0354935 0.221846
FixedParameters: 0 0 0

#Transform 129
Transform: AffineTransform_float_3_3
Parameters: 0.999998 0.00157792 0.000195609 -0.00157688 0.999982 -0.00581719 -0.000204044 0.00581681 0.999983 -0.0187591 0.0679238 0.222166
FixedParameters: 0 0 0

#Transform 130
Transform: AffineTransform_float_3_3
Parameters: 0.999998 0.00163257 0.000201809 -0.00163131 0.999979 -0.00616421 -0.000212011 0.00616379 0.999981 -0.0218703 0.0543302 0.174933
FixedParameters: 0 0 0

#Transform 131
Transform: AffineTransform_float_3_3
Parameters: 0.999999 0.00150828 0.0004482 -0.0015063 0.999983 -0.00566257 -0.000456603 0.00566243 0.999984 -0.0478646 0.0309609 0.242003
FixedParameters: 0 0 0

#Transform 132
Transform: AffineTransform_float_3_3
Parameters: 0.999999 0.00144863 0.000433088 -0.0014459 0.999984 -0.00542752 -0.000440994 0.00542748 0.999985 -0.0522634 0.0317359 0.236468
FixedParameters: 0 0 0

#Transform 133
Transform: AffineTransform_float_3_3
Parameters: 0.999999 0.0017894 0.000473917 -0.00178692 0.999978 -0.00626675 -0.000484686 0.00626625 0.999981 -0.0411127 0.0566963 0.220961
FixedParameters: 0 0 0

#Transform 134
Transform: AffineTransform_float_3_3
Parameters: 0.999998 0.00165956 0.000219922 -0.00165798 0.999979 -0.00636412 -0.000231118 0.00636388 0.999979 -0.0375089 0.0439401 0.233916
FixedParameters: 0 0 0

#Transform 135
Transform: AffineTransform_float_3_3
Parameters: 0.999998 0.0019276 6.45833e-05 -0.00192726 0.999978 -0.00636388 -7.7087e-05 0.00636412 0.99998 -0.0384563 0.0340964 0.255433
FixedParameters: 0 0 0

#Transform 136
Transform: AffineTransform_float_3_3
Parameters: 0.999998 0.00161736 0.000268003 -0.00161625 0.999978 -0.00643232 -0.000278023 0.00643169 0.99998 -0.0526282 0.0552924 0.268854
FixedParameters: 0 0 0

#Transform 137
Transform: AffineTransform_float_3_3
Parameters: 0.999999 0.00173223 0.00025981 -0.00173017 0.999977 -0.0065432 -0.000271556 0.00654279 0.999978 -0.0478264 0.053349 0.217502
FixedParameters: 0 0 0

#Transform 138
Transform: AffineTransform_float_3_3
Parameters: 0.999998 0.00159011 -9.9076e-06 -0.00158961 0.999976 -0.00673985 -3.56373e-07 0.00673915 0.999977 -0.0331054 0.0481574 0.262034
FixedParameters: 0 0 0

#Transform 139
Transform: AffineTransform_float_3_3
Parameters: 0.999998 0.0018958 2.77969e-05 -0.00189603 0.999976 -0.00668979 -4.01422e-05 0.0066892 0.999977 -0.0298597 0.0386901 0.250121
FixedParameters: 0 0 0

#Transform 140
Transform: AffineTransform_float_3_3
Parameters: 0.999999 0.0015772 -1.17521e-05 -0.00157673 0.999975 -0.00690286 1.14625e-06 0.00690314 0.999976 -0.0333082 0.0554034 0.268602
FixedParameters: 0 0 0

#Transform 141
Transform: AffineTransform_float_3_3
Parameters: 0.999998 0.00205761 4.65031e-05 -0.00205777 0.999972 -0.00727573 -6.14432e-05 0.00727627 0.999973 -0.0246919 0.0680487 0.247847
FixedParameters: 0 0 0

#Transform 142
Transform: AffineTransform_float_3_3
Parameters: 0.999998 0.00165363 -2.27436e-06 -0.00165315 0.999975 -0.00684975 -8.21971e-06 0.00685025 0.999976 -0.0284832 0.0378895 0.27973
FixedParameters: 0 0 0

#Transform 143
Transform: AffineTransform_float_3_3
Parameters: 0.999998 0.00163874 -5.12879e-06 -0.00163828 0.99997 -0.00747487 -7.20967e-06 0.00747512 0.999972 -0.0254815 0.0622645 0.276314
FixedParameters: 0 0 0

#Transform 144
Transform: AffineTransform_float_3_3
Parameters: 0.999998 0.00167002 -0.000178675 -0.00167118 0.999971 -0.00751144 0.000165864 0.00751156 0.999971 -0.0271908 0.0727836 0.23672
FixedParameters: 0 0 0

#Transform 145
Transform: AffineTransform_float_3_3
Parameters: 0.999998 0.00205763 4.5398e-05 -0.00205787 0.999968 -0.00781286 -6.15574e-05 0.00781315 0.99997 -0.0247078 0.0568591 0.282034
FixedParameters: 0 0 0

#Transform 146
Transform: AffineTransform_float_3_3
Parameters: 0.999997 0.00210683 -0.000355593 -0.00210989 0.999971 -0.007323 0.000340102 0.00732401 0.999973 -0.00466782 0.0368842 0.306731
FixedParameters: 0 0 0

#Transform 147
Transform: AffineTransform_float_3_3
Parameters: 0.999998 0.00190459 -0.00027752 -0.00190679 0.999967 -0.00782234 0.000263095 0.00782266 0.99997 -0.0125105 0.0853687 0.262204
FixedParameters: 0 0 0

#Transform 148
Transform: AffineTransform_float_3_3
Parameters: 0.999998 0.00196187 -0.000373554 -0.00196416 0.99997 -0.00743413 0.000358893 0.00743486 0.999972 -0.00480809 0.0434572 0.304549
FixedParameters: 0 0 0

#Transform 149
Transform: AffineTransform_float_3_3
Parameters: 0.999998 0.00202271 -0.000263187 -0.00202482 0.999967 -0.00785721 0.000247765 0.00785779 0.999969 -0.00156432 0.0634144 0.314615
FixedParameters: 0 0 0

#Transform 150
Transform: AffineTransform_float_3_3
Parameters: 0.999997 0.00210644 -0.00035789 -0.00210954 0.999962 -0.00841312 0.00033992 0.00841388 0.999965 -0.00281857 0.0859529 0.289828
FixedParameters: 0 0 0

#Transform 151
Transform: AffineTransform_float_3_3
Parameters: 0.999998 0.00204026 -0.000208418 -0.00204232 0.999968 -0.00773632 0.000192094 0.00773668 0.99997 -0.0145405 0.0452824 0.353284
FixedParameters: 0 0 0
