# transform file /out/sourcedata/freesurfer/sub-v2s3x28820_ses-1/mri/transforms/cc_up.lta
# created by oesteban on Fri Mar 13 03:26:10 2026

type      = 0 # LINEAR_VOX_TO_VOX
nxforms   = 1
mean      = 128.0000 91.0000 126.0000
sigma     = 10000.0000
1 4 4
9.979317784309387e-01 -1.804855768568814e-03 6.425838917493820e-02 -7.507283687591553e+00 
1.801125705242157e-03 9.999985098838806e-01 1.159773091785610e-04 5.475531768798828e+01 
-6.425849348306656e-02 -7.275958481545164e-12 9.979334473609924e-01 1.347928810119629e+01 
0.000000000000000e+00 0.000000000000000e+00 0.000000000000000e+00 1.000000000000000e+00 
src volume info
valid = 1  # volume info valid
filename = /out/sourcedata/freesurfer/sub-v2s3x28820_ses-1/mri/norm.mgz
volume = 256 256 256
voxelsize = 1.000000000000000e+00 1.000000000000000e+00 1.000000000000000e+00
xras   = -1.000000000000000e+00 0.000000000000000e+00 0.000000000000000e+00
yras   = 0.000000000000000e+00 0.000000000000000e+00 -1.000000000000000e+00
zras   = 0.000000000000000e+00 1.000000000000000e+00 0.000000000000000e+00
cras   = 1.687969207763672e+01 2.127241516113281e+01 1.175071716308594e+00
dst volume info
valid = 1  # volume info valid
filename = /out/sourcedata/freesurfer/sub-v2s3x28820_ses-1/mri/norm.mgz
volume = 256 256 256
voxelsize = 1.000000000000000e+00 1.000000000000000e+00 1.000000000000000e+00
xras   = -1.000000000000000e+00 0.000000000000000e+00 0.000000000000000e+00
yras   = 0.000000000000000e+00 0.000000000000000e+00 -1.000000000000000e+00
zras   = 0.000000000000000e+00 1.000000000000000e+00 0.000000000000000e+00
cras   = 1.687969207763672e+01 2.127241516113281e+01 1.175071716308594e+00
