#Insight Transform File V1.0
#Transform 0
Transform: AffineTransform_float_3_3
Parameters: 1 0.000126725 -0.000500309 -0.000127424 1 0.000297064 0.000500468 -0.000296937 1 0.0366195 -0.0649673 0.124133
FixedParameters: 0 0 0

#Transform 1
Transform: AffineTransform_float_3_3
Parameters: 0.999999 0.000219159 -0.00077071 -0.000218428 0.999999 0.00117518 0.000770311 -0.00117582 0.999999 0.0394601 -0.0258104 -0.012282
FixedParameters: 0 0 0

#Transform 2
Transform: AffineTransform_float_3_3
Parameters: 0.999999 4.81096e-05 -0.00079163 -4.67198e-05 0.999999 0.00150704 0.000791857 -0.00150696 0.999998 0.01277 -0.0494149 -0.0296989
FixedParameters: 0 0 0

#Transform 3
Transform: AffineTransform_float_3_3
Parameters: 1 -0.00028439 -0.00044417 0.00028595 0.999998 0.00166187 0.000444219 -0.00166213 0.999998 -0.00293569 -0.0631032 -0.00968791
FixedParameters: 0 0 0

#Transform 4
Transform: AffineTransform_float_3_3
Parameters: 1 0.00054884 -0.000158567 -0.000549401 0.999998 0.00163309 0.000159448 -0.00163291 0.999998 0.0195069 -0.0607276 -0.0245179
FixedParameters: 0 0 0

#Transform 5
Transform: AffineTransform_float_3_3
Parameters: 1 0.000612502 -0.000238139 -0.000611782 0.999998 0.00150615 0.000239983 -0.00150585 0.999999 0.0261325 -0.0465083 -0.0401938
FixedParameters: 0 0 0

#Transform 6
Transform: AffineTransform_float_3_3
Parameters: 1 0.000349122 -0.000304742 -0.000348323 0.999999 0.00144911 0.000304756 -0.00144889 0.999999 0.0218748 -0.0429695 -0.0291128
FixedParameters: 0 0 0

#Transform 7
Transform: AffineTransform_float_3_3
Parameters: 1 0.000264374 0.000505592 -0.000264105 1 -0.000266134 -0.000505733 0.000265866 1 0.000543831 -0.0428574 -0.0234797
FixedParameters: 0 0 0

#Transform 8
Transform: AffineTransform_float_3_3
Parameters: 1 0.00022614 5.2369e-05 -0.000225195 1 0.000489988 -5.22315e-05 -0.000490012 1 0.0057213 -0.045839 0.0257298
FixedParameters: 0 0 0

#Transform 9
Transform: AffineTransform_float_3_3
Parameters: 1 0.000463231 -0.000112846 -0.000463165 0.999999 0.000663052 0.000112463 -0.000662948 1 0.0233909 -0.0412424 -0.00591672
FixedParameters: 0 0 0

#Transform 10
Transform: AffineTransform_float_3_3
Parameters: 1 -0.000283649 -0.000103674 0.000283683 1 0.000166971 0.000103579 -0.000167029 1 0.00421416 -0.0301143 0.0225658
FixedParameters: 0 0 0

#Transform 11
Transform: AffineTransform_float_3_3
Parameters: 0.999999 0.000854455 -5.99436e-06 -0.000854531 1 0.000616922 6.05231e-06 -0.000617079 1 0.0330487 -0.00735624 -0.00611428
FixedParameters: 0 0 0

#Transform 12
Transform: AffineTransform_float_3_3
Parameters: 1 -3.82719e-05 -0.000206536 3.85581e-05 1 0.000692992 0.000206483 -0.000693008 0.999999 0.028128 -0.00811111 0.0444421
FixedParameters: 0 0 0

#Transform 13
Transform: AffineTransform_float_3_3
Parameters: 1 1.87657e-05 0.000272384 -1.89504e-05 1 0.000338995 -0.000272371 -0.000339005 1 0.0110453 -0.0444079 0.0174904
FixedParameters: 0 0 0

#Transform 14
Transform: AffineTransform_float_3_3
Parameters: 1 0.000253912 0.000410353 -0.000254515 0.999999 0.000734895 -0.000409979 -0.000735104 0.999999 0.00454798 -0.0261794 -0.0287697
FixedParameters: 0 0 0

#Transform 15
Transform: AffineTransform_float_3_3
Parameters: 1 -0.000300561 -0.000222785 0.000300805 1 0.000547933 0.000222455 -0.000548067 1 -0.00864782 -0.0281843 0.0719355
FixedParameters: 0 0 0

#Transform 16
Transform: AffineTransform_float_3_3
Parameters: 1 0.000665902 0.000140371 -0.000666244 1 0.000920823 -0.000140141 -0.000921177 0.999999 0.0221344 -0.0108929 -0.0514446
FixedParameters: 0 0 0

#Transform 17
Transform: AffineTransform_float_3_3
Parameters: 0.999999 -0.000726986 0.000175605 0.000726668 0.999999 0.00114113 -0.000176267 -0.00114087 1 -0.0205778 -0.0234873 0.0304188
FixedParameters: 0 0 0

#Transform 18
Transform: AffineTransform_float_3_3
Parameters: 1 0.000261977 0.000521127 -0.000263033 1 0.00101286 -0.000520595 -0.00101314 1 -0.0123208 -0.0303104 -0.0275954
FixedParameters: 0 0 0

#Transform 19
Transform: AffineTransform_float_3_3
Parameters: 1 0.000615669 0.000147493 -0.000615337 1 -0.000842174 -0.000147533 0.000841826 0.999999 0.0165798 0.0554667 0.0214981
FixedParameters: 0 0 0

#Transform 20
Transform: AffineTransform_float_3_3
Parameters: 1 0.000238186 0.000231932 -0.000238291 1 0.000227945 -0.000231824 -0.000228055 1 0.00513337 -0.0317939 -0.0225478
FixedParameters: 0 0 0

#Transform 21
Transform: AffineTransform_float_3_3
Parameters: 1 -0.000436074 0.00019708 0.000435986 1 0.000224086 -0.000197275 -0.000223914 1 -0.0258499 0.00862535 0.0321453
FixedParameters: 0 0 0

#Transform 22
Transform: AffineTransform_float_3_3
Parameters: 1 -0.000528361 -0.000102345 0.000528439 1 0.000382946 0.00010194 -0.000383054 1 -0.0215837 -0.0204628 0.0195969
FixedParameters: 0 0 0

#Transform 23
Transform: AffineTransform_float_3_3
Parameters: 1 0.000188382 0.000308359 -0.000188537 1 0.000251942 -0.000308264 -0.000252058 1 -0.0186788 -0.0120313 0.0392518
FixedParameters: 0 0 0

#Transform 24
Transform: AffineTransform_float_3_3
Parameters: 1 0.000127485 6.06021e-05 -0.000127542 1 0.000468992 -6.04825e-05 -0.000469008 1 -0.0107092 -0.0229427 0.00683299
FixedParameters: 0 0 0

#Transform 25
Transform: AffineTransform_float_3_3
Parameters: 1 0.000187707 0.00106798 -0.000186358 1 -0.000631123 -0.00106821 0.000631876 0.999999 -0.0226795 0.0289701 0.0111967
FixedParameters: 0 0 0

#Transform 26
Transform: AffineTransform_float_3_3
Parameters: 1 -0.000327072 -0.000119146 0.000327145 1 0.000304961 0.000118946 -0.000305039 1 -0.0215529 0.0352284 0.049459
FixedParameters: 0 0 0

#Transform 27
Transform: AffineTransform_float_3_3
Parameters: 1 0.000656444 -5.80577e-05 -0.000656431 1 0.000115038 5.82086e-05 -0.000114962 1 0.010679 0.0360042 0.0505355
FixedParameters: 0 0 0

#Transform 28
Transform: AffineTransform_float_3_3
Parameters: 1 9.64227e-05 -0.000154595 -9.63788e-05 1 0.000142015 0.000154623 -0.000141985 1 -0.0200488 0.0401228 0.101622
FixedParameters: 0 0 0

#Transform 29
Transform: AffineTransform_float_3_3
Parameters: 1 0.000252225 0.000159456 -0.000252229 1 1.19598e-05 -0.00015945 -1.20402e-05 1 -0.00499424 0.0775385 0.0734028
FixedParameters: 0 0 0

#Transform 30
Transform: AffineTransform_float_3_3
Parameters: 1 -0.000302156 0.000359377 0.000301792 1 0.000506108 -0.000359682 -0.000505891 1 -0.0149235 0.0516921 0.0355374
FixedParameters: 0 0 0

#Transform 31
Transform: AffineTransform_float_3_3
Parameters: 1 -0.000466421 -6.92565e-05 0.000466434 1 9.29677e-05 6.91697e-05 -9.30323e-05 1 -0.0115435 0.0457511 0.0449999
FixedParameters: 0 0 0

#Transform 32
Transform: AffineTransform_float_3_3
Parameters: 1 0.000103405 -0.000264494 -0.000103042 1 0.000686027 0.000264636 -0.000685972 0.999999 -0.0227009 0.0390207 0.0272433
FixedParameters: 0 0 0

#Transform 33
Transform: AffineTransform_float_3_3
Parameters: 1 -0.000283825 -0.000382713 0.000284193 1 0.000480891 0.00038244 -0.000481108 1 0.00320148 0.0698477 0.11797
FixedParameters: 0 0 0

#Transform 34
Transform: AffineTransform_float_3_3
Parameters: 1 -0.000337228 -0.000227577 0.000337224 1 -8.08375e-06 0.000227583 8.91625e-06 1 0.00131338 0.0835815 0.0979552
FixedParameters: 0 0 0

#Transform 35
Transform: AffineTransform_float_3_3
Parameters: 0.999999 -0.000730403 -3.40712e-05 0.00073041 0.999999 9.69751e-05 3.39295e-05 -9.70248e-05 1 -0.0338605 0.0299442 0.103918
FixedParameters: 0 0 0

#Transform 36
Transform: AffineTransform_float_3_3
Parameters: 1 -0.000435371 -0.000130144 0.000435443 1 0.000278943 0.000129901 -0.000279057 1 -0.0234556 0.035351 0.10947
FixedParameters: 0 0 0

#Transform 37
Transform: AffineTransform_float_3_3
Parameters: 1 -0.0001577 -0.000242744 0.000157019 1 0.000649962 0.000242623 -0.000650038 1 -0.0312273 0.0543351 0.114077
FixedParameters: 0 0 0

#Transform 38
Transform: AffineTransform_float_3_3
Parameters: 1 2.80074e-05 0.000262579 -2.81324e-05 1 0.000237993 -0.000262565 -0.000238007 1 -0.0266579 0.0533958 0.104336
FixedParameters: 0 0 0

#Transform 39
Transform: AffineTransform_float_3_3
Parameters: 1 -0.000505579 -0.00046437 0.000505673 1 0.000100765 0.000464267 -0.000101235 1 -0.0214288 0.0863705 0.109582
FixedParameters: 0 0 0

#Transform 40
Transform: AffineTransform_float_3_3
Parameters: 1 -0.000443876 0.000271947 0.000444697 1 0.000322121 -0.000272316 -0.000321879 1 -0.0332725 0.0797695 0.0952904
FixedParameters: 0 0 0

#Transform 41
Transform: AffineTransform_float_3_3
Parameters: 0.999999 -0.000791137 -0.000135023 0.00079105 0.999999 -0.000322107 0.000135532 0.000321893 1 -0.0292725 0.073987 0.165127
FixedParameters: 0 0 0

#Transform 42
Transform: AffineTransform_float_3_3
Parameters: 0.999999 -0.000685653 0.00037882 0.000685777 0.999999 -0.000164733 -0.000378595 0.000164267 1 -0.0323052 0.120453 0.120753
FixedParameters: 0 0 0

#Transform 43
Transform: AffineTransform_float_3_3
Parameters: 0.999999 -0.000704572 0.000153747 0.00070468 0.999999 -0.000349892 -0.000153253 0.000350108 1 -0.0253415 0.0880595 0.166094
FixedParameters: 0 0 0

#Transform 44
Transform: AffineTransform_float_3_3
Parameters: 1 -0.000507708 -0.000487074 0.00050839 1 -0.000322248 0.000487318 0.000321753 1 0.00101608 0.123698 0.0571163
FixedParameters: 0 0 0

#Transform 45
Transform: AffineTransform_float_3_3
Parameters: 1 -0.000504452 -0.000448189 0.000505119 1 -0.000367233 0.000448477 0.000367767 1 0.00271649 0.0843462 0.139201
FixedParameters: 0 0 0

#Transform 46
Transform: AffineTransform_float_3_3
Parameters: 1 -0.000955094 -0.000475124 0.000954229 0.999998 -0.00178045 0.000476446 0.00177955 0.999999 -0.0283055 0.109169 0.121945
FixedParameters: 0 0 0

#Transform 47
Transform: AffineTransform_float_3_3
Parameters: 0.999999 -0.000814659 -0.000169294 0.00081358 0.999996 -0.00267315 0.000171654 0.00267386 0.999997 -0.0114877 0.127202 0.121511
FixedParameters: 0 0 0

#Transform 48
Transform: AffineTransform_float_3_3
Parameters: 0.999999 -0.000732913 -0.00017659 0.000732981 0.999997 -0.00237713 0.000178995 0.00237687 0.999997 -0.0332811 0.121696 0.123067
FixedParameters: 0 0 0

#Transform 49
Transform: AffineTransform_float_3_3
Parameters: 0.999999 -0.000757828 -0.000174407 0.00075789 0.999997 -0.00242013 0.000176995 0.00241987 0.999997 -0.0172213 0.107987 0.135774
FixedParameters: 0 0 0

#Transform 50
Transform: AffineTransform_float_3_3
Parameters: 0.999999 -0.000825603 -0.00016842 0.000825557 0.999997 -0.00258122 0.000170605 0.00258078 0.999996 -0.0153664 0.1235 0.121684
FixedParameters: 0 0 0

#Transform 51
Transform: AffineTransform_float_3_3
Parameters: 1 -0.000235415 0.000640783 0.000237129 0.999996 -0.00289585 -0.000639247 0.00289615 0.999995 -0.0373563 0.151859 0.15497
FixedParameters: 0 0 0

#Transform 52
Transform: AffineTransform_float_3_3
Parameters: 1 -0.000639372 0.000279021 0.000639589 0.999997 -0.00233282 -0.00027695 0.00233318 0.999997 -0.0359139 0.118952 0.123114
FixedParameters: 0 0 0

#Transform 53
Transform: AffineTransform_float_3_3
Parameters: 1 -0.000107456 0.000475029 0.000107858 0.999997 -0.00252295 -0.000474319 0.00252305 0.999996 -0.0300359 0.124181 0.121201
FixedParameters: 0 0 0

#Transform 54
Transform: AffineTransform_float_3_3
Parameters: 1 0.000175542 0.000605176 -0.000173935 0.999998 -0.0020831 -0.000604823 0.00208289 0.999997 -0.0187392 0.150208 0.129152
FixedParameters: 0 0 0

#Transform 55
Transform: AffineTransform_float_3_3
Parameters: 0.999999 0.000303761 0.000855016 -0.000301481 0.999997 -0.00244926 -0.000855335 0.00244874 0.999996 -0.00581611 0.144253 0.126631
FixedParameters: 0 0 0

#Transform 56
Transform: AffineTransform_float_3_3
Parameters: 0.999999 0.000460947 0.000882483 -0.000458075 0.999996 -0.00270741 -0.000883807 0.00270659 0.999996 -0.00439327 0.154871 0.158099
FixedParameters: 0 0 0

#Transform 57
Transform: AffineTransform_float_3_3
Parameters: 0.999999 0.000229512 0.000902599 -0.000227221 0.999997 -0.00237221 -0.000903515 0.00237179 0.999997 -0.0143338 0.128179 0.142555
FixedParameters: 0 0 0

#Transform 58
Transform: AffineTransform_float_3_3
Parameters: 0.999999 0.00013526 0.000910714 -0.000133136 0.999996 -0.00280712 -0.000911217 0.00280688 0.999995 -0.0196307 0.17211 0.124308
FixedParameters: 0 0 0

#Transform 59
Transform: AffineTransform_float_3_3
Parameters: 1 0.000166899 0.000562755 -0.000165498 0.999997 -0.00212909 -0.000563379 0.0021289 0.999997 -0.00846556 0.153855 0.0999682
FixedParameters: 0 0 0

#Transform 60
Transform: AffineTransform_float_3_3
Parameters: 0.999999 4.44619e-05 0.000782075 -4.27321e-05 0.999997 -0.00238003 -0.000782115 0.00237997 0.999997 -0.0332964 0.135747 0.125971
FixedParameters: 0 0 0

#Transform 61
Transform: AffineTransform_float_3_3
Parameters: 1 -8.34733e-05 0.000334443 8.51825e-05 0.999996 -0.00255697 -0.000334012 0.00255703 0.999996 -0.0346441 0.15449 0.168107
FixedParameters: 0 0 0

#Transform 62
Transform: AffineTransform_float_3_3
Parameters: 1 -0.000139629 0.000254929 0.000139744 0.999997 -0.00218396 -0.000254235 0.00218403 0.999997 -0.0343743 0.153605 0.144346
FixedParameters: 0 0 0

#Transform 63
Transform: AffineTransform_float_3_3
Parameters: 1 -0.000526764 0.000372887 0.000527609 0.999996 -0.0026968 -0.000371953 0.0026962 0.999997 -0.0366433 0.172015 0.150045
FixedParameters: 0 0 0

#Transform 64
Transform: AffineTransform_float_3_3
Parameters: 1 -0.00056642 -8.42985e-05 0.000565765 0.999995 -0.00287205 8.55572e-05 0.00287195 0.999996 -0.0322414 0.166952 0.173851
FixedParameters: 0 0 0

#Transform 65
Transform: AffineTransform_float_3_3
Parameters: 0.999999 0.000233252 0.000728704 -0.000231399 0.999998 -0.00195417 -0.000729528 0.00195383 0.999998 -0.0344397 0.141943 0.134422
FixedParameters: 0 0 0

#Transform 66
Transform: AffineTransform_float_3_3
Parameters: 1 -1.92899e-05 0.000675128 2.08775e-05 0.999998 -0.00191399 -0.000674967 0.00191401 0.999998 -0.0402799 0.147255 0.150656
FixedParameters: 0 0 0

#Transform 67
Transform: AffineTransform_float_3_3
Parameters: 1 -0.0002964 0.000477958 0.000296768 0.999999 -0.00142886 -0.000477027 0.00142914 0.999999 -0.0436895 0.162344 0.164869
FixedParameters: 0 0 0

#Transform 68
Transform: AffineTransform_float_3_3
Parameters: 0.999999 -0.000736847 -0.000290424 0.000736085 0.999996 -0.00273022 0.000292368 0.00272979 0.999996 -0.0350715 0.173732 0.198854
FixedParameters: 0 0 0

#Transform 69
Transform: AffineTransform_float_3_3
Parameters: 0.999999 -0.000201902 0.000940829 0.000204077 0.999998 -0.00225981 -0.00094074 0.00226019 0.999997 -0.0383424 0.138396 0.165226
FixedParameters: 0 0 0

#Transform 70
Transform: AffineTransform_float_3_3
Parameters: 1 0.000350153 0.000372401 -0.000349646 0.999998 -0.00190613 -0.000372655 0.00190587 0.999998 -0.0231038 0.149284 0.189599
FixedParameters: 0 0 0

#Transform 71
Transform: AffineTransform_float_3_3
Parameters: 1 -0.000413458 0.000417321 0.000413727 0.999996 -0.00281583 -0.000415821 0.00281617 0.999996 -0.0584671 0.186504 0.224312
FixedParameters: 0 0 0

#Transform 72
Transform: AffineTransform_float_3_3
Parameters: 1 -0.000399152 0.000547561 0.00040013 0.999996 -0.00279278 -0.000546158 0.00279322 0.999996 -0.0480509 0.18897 0.190738
FixedParameters: 0 0 0

#Transform 73
Transform: AffineTransform_float_3_3
Parameters: 0.999997 0.000510729 0.00216294 -0.000565867 0.999674 0.025549 -0.00214909 -0.02555 0.999671 -0.00897173 -0.0752281 -0.0714797
FixedParameters: 0 0 0

#Transform 74
Transform: AffineTransform_float_3_3
Parameters: 1 0.00015126 0.00116758 -0.000154254 0.999997 0.0025259 -0.00116805 -0.00252609 0.999996 -0.0160058 -0.0137845 0.329194
FixedParameters: 0 0 0

#Transform 75
Transform: AffineTransform_float_3_3
Parameters: 1 -0.000388463 0.00110362 0.000389602 1 -0.00051648 -0.00110322 0.000516519 1 -0.0426095 0.177579 0.228578
FixedParameters: 0 0 0

#Transform 76
Transform: AffineTransform_float_3_3
Parameters: 1 -0.000297109 0.000583952 0.000297254 1 -0.000123826 -0.000583878 0.000124173 1 -0.0467093 0.185281 0.234355
FixedParameters: 0 0 0

#Transform 77
Transform: AffineTransform_float_3_3
Parameters: 1 0.0002541 0.00050451 -0.000254114 1 1.38718e-05 -0.000504503 -1.41282e-05 1 -0.0366543 0.159971 0.220359
FixedParameters: 0 0 0

#Transform 78
Transform: AffineTransform_float_3_3
Parameters: 0.999999 0.000269981 0.00069282 -0.000269863 1 -8.5187e-05 -0.000692866 8.48129e-05 1 -0.023008 0.163662 0.241191
FixedParameters: 0 0 0

#Transform 79
Transform: AffineTransform_float_3_3
Parameters: 0.999999 -0.000127973 0.000926939 0.000127793 1 9.71185e-05 -0.000926964 -9.68814e-05 0.999999 -0.0423018 0.172046 0.217908
FixedParameters: 0 0 0

#Transform 80
Transform: AffineTransform_float_3_3
Parameters: 1 -3.34094e-05 0.000331947 3.327e-05 1 0.000210011 -0.000331961 -0.000209989 1 -0.028375 0.136511 0.19126
FixedParameters: 0 0 0

#Transform 81
Transform: AffineTransform_float_3_3
Parameters: 0.999999 0.000105127 0.000927451 -0.000104826 1 -0.000162097 -0.000927485 0.000161902 0.999999 -0.030815 0.181359 0.242013
FixedParameters: 0 0 0

#Transform 82
Transform: AffineTransform_float_3_3
Parameters: 1 7.2074e-05 0.00102757 -7.24007e-05 1 0.000159009 -0.00102755 -0.000158991 1 -0.0332922 0.142938 0.254121
FixedParameters: 0 0 0

#Transform 83
Transform: AffineTransform_float_3_3
Parameters: 0.999999 6.09687e-05 0.000763575 -6.12467e-05 1 0.000181953 -0.000763553 -0.000182047 0.999999 -0.0227695 0.141855 0.246626
FixedParameters: 0 0 0

#Transform 84
Transform: AffineTransform_float_3_3
Parameters: 1 -9.62179e-05 0.00057605 9.60492e-05 1 0.000146062 -0.000576079 -0.000146938 1 -0.0284644 0.142022 0.246893
FixedParameters: 0 0 0

#Transform 85
Transform: AffineTransform_float_3_3
Parameters: 1 -0.000103487 0.00112259 0.000103366 1 5.41995e-05 -0.0011226 -5.38005e-05 1 -0.0371447 0.136738 0.162428
FixedParameters: 0 0 0

#Transform 86
Transform: AffineTransform_float_3_3
Parameters: 1 -0.000466782 0.00111667 0.000466559 0.999999 0.000546605 -0.00111726 -0.000545395 0.999999 -0.0419993 0.112241 0.113357
FixedParameters: 0 0 0

#Transform 87
Transform: AffineTransform_float_3_3
Parameters: 0.999999 -0.000725429 0.00102289 0.000725405 0.999999 0.000498833 -0.00102369 -0.000498167 1 -0.0390752 0.108355 0.15039
FixedParameters: 0 0 0

#Transform 88
Transform: AffineTransform_float_3_3
Parameters: 0.999999 -0.000498774 0.000733954 0.000498833 0.999999 0.000638373 -0.000734674 -0.000638626 0.999999 -0.0334887 0.127853 0.1601
FixedParameters: 0 0 0

#Transform 89
Transform: AffineTransform_float_3_3
Parameters: 1 -0.000492958 0.000802769 0.000493186 0.999999 0.000530403 -0.00080238 -0.000530597 0.999999 -0.0275191 0.128218 0.18311
FixedParameters: 0 0 0

#Transform 90
Transform: AffineTransform_float_3_3
Parameters: 0.999999 -0.000434012 0.000882223 0.000434354 1 0.00037039 -0.000882629 -0.00037061 0.999999 -0.0306642 0.157434 0.125273
FixedParameters: 0 0 0

#Transform 91
Transform: AffineTransform_float_3_3
Parameters: 0.999999 -0.000489439 0.000846535 0.000489255 0.999999 0.000697498 -0.000847301 -0.000696502 1 -0.0412993 0.146253 0.168201
FixedParameters: 0 0 0

#Transform 92
Transform: AffineTransform_float_3_3
Parameters: 1 -0.000740477 0.000846217 0.000740064 1 0.000882627 -0.00084661 -0.000881374 1 -0.0381134 0.139774 0.14596
FixedParameters: 0 0 0

#Transform 93
Transform: AffineTransform_float_3_3
Parameters: 0.999999 -0.000510502 0.000597127 0.000510117 0.999999 0.00122631 -0.000597466 -0.00122669 0.999999 -0.0252683 0.134522 0.155116
FixedParameters: 0 0 0

#Transform 94
Transform: AffineTransform_float_3_3
Parameters: 0.999999 -0.000764521 0.000557168 0.000764553 0.999999 0.00093935 -0.000557692 -0.00093965 0.999999 -0.0304634 0.136799 0.124561
FixedParameters: 0 0 0

#Transform 95
Transform: AffineTransform_float_3_3
Parameters: 0.999999 -0.000516899 0.000516685 0.000517275 0.999999 0.000681267 -0.000516476 -0.000680733 0.999999 -0.0223091 0.14541 0.153573
FixedParameters: 0 0 0

#Transform 96
Transform: AffineTransform_float_3_3
Parameters: 1 -0.000529492 0.000366119 0.000528873 1 0.00084511 -0.000367013 -0.000844889 0.999999 -0.0208492 0.142151 0.155379
FixedParameters: 0 0 0

#Transform 97
Transform: AffineTransform_float_3_3
Parameters: 1 -0.000779426 0.000666874 0.000779406 1 0.000824528 -0.000667247 -0.000824474 1 -0.0335601 0.156633 0.148748
FixedParameters: 0 0 0

#Transform 98
Transform: AffineTransform_float_3_3
Parameters: 0.999999 8.52207e-05 0.00090504 -8.58389e-05 1 -0.000209078 -0.000904992 0.000208923 0.999999 -0.0208792 0.186697 0.135905
FixedParameters: 0 0 0

#Transform 99
Transform: AffineTransform_float_3_3
Parameters: 0.999999 8.63784e-05 0.000912967 -8.60201e-05 0.999999 -0.000741995 -0.000913011 0.000742005 1 -0.0213604 0.180559 0.212811
FixedParameters: 0 0 0

#Transform 100
Transform: AffineTransform_float_3_3
Parameters: 0.999999 0.000215453 0.000723475 -0.000215143 1 -0.000214156 -0.000723567 0.000213844 0.999999 -0.0236545 0.14309 0.178506
FixedParameters: 0 0 0

#Transform 101
Transform: AffineTransform_float_3_3
Parameters: 1 -0.00025688 0.00061879 0.000256386 1 -0.000405841 -0.000618498 0.000406159 0.999999 -0.0229539 0.18482 0.215355
FixedParameters: 0 0 0

#Transform 102
Transform: AffineTransform_float_3_3
Parameters: 0.999999 -0.000683043 0.000480138 0.000683358 0.999999 -0.000414672 -0.000480568 0.000415328 1 -0.043599 0.228165 0.208553
FixedParameters: 0 0 0

#Transform 103
Transform: AffineTransform_float_3_3
Parameters: 0.999999 0.000209452 0.000760118 -0.000209231 1 -0.000145159 -0.000760179 0.000144841 0.999999 -0.0245967 0.162129 0.157266
FixedParameters: 0 0 0

#Transform 104
Transform: AffineTransform_float_3_3
Parameters: 0.999999 -0.000423831 0.000838698 0.000424742 0.999999 -0.000592644 -0.000839191 0.000593355 0.999999 -0.0440293 0.181738 0.225504
FixedParameters: 0 0 0

#Transform 105
Transform: AffineTransform_float_3_3
Parameters: 0.999999 -0.000830601 0.000396291 0.000830967 0.999999 -0.000462664 -0.000395523 0.000462335 1 -0.0275032 0.194597 0.242343
FixedParameters: 0 0 0

#Transform 106
Transform: AffineTransform_float_3_3
Parameters: 1 -0.000161463 0.000240347 0.000161445 1 3.60388e-05 -0.000240359 -3.59612e-05 1 -0.0232094 0.19011 0.220219
FixedParameters: 0 0 0

#Transform 107
Transform: AffineTransform_float_3_3
Parameters: 1 -5.92838e-05 0.000430449 5.9091e-05 1 0.000224025 -0.000430476 -0.000223974 1 -0.0173978 0.183668 0.189244
FixedParameters: 0 0 0

#Transform 108
Transform: AffineTransform_float_3_3
Parameters: 1 -9.43136e-05 0.000347099 9.42574e-05 1 8.10327e-05 -0.000347115 -8.09673e-05 1 -0.0237594 0.193502 0.195092
FixedParameters: 0 0 0

#Transform 109
Transform: AffineTransform_float_3_3
Parameters: 1 -0.000290607 -0.000341898 0.000290648 1 6.08936e-05 0.000341862 -6.01063e-05 1 -0.0139862 0.171354 0.189585
FixedParameters: 0 0 0

#Transform 110
Transform: AffineTransform_float_3_3
Parameters: 1 -6.24991e-05 -6.29831e-05 6.24813e-05 1 -0.000141004 6.30007e-05 0.000140996 1 -0.0137422 0.190366 0.204627
FixedParameters: 0 0 0

#Transform 111
Transform: AffineTransform_float_3_3
Parameters: 1 -0.000366766 5.39605e-05 0.000366789 1 -0.00021898 -5.37998e-05 0.00021902 1 -0.00167558 0.161342 0.202477
FixedParameters: 0 0 0

#Transform 112
Transform: AffineTransform_float_3_3
Parameters: 1 0.00023254 -0.000194178 -0.000232601 1 -0.000156955 0.000194105 0.000157045 1 -0.00249263 0.170136 0.184266
FixedParameters: 0 0 0

#Transform 113
Transform: AffineTransform_float_3_3
Parameters: 1 7.21899e-05 3.50802e-05 -7.21877e-05 1 -3.10025e-05 -3.50847e-05 3.09975e-05 1 -0.0164207 0.17582 0.156522
FixedParameters: 0 0 0

#Transform 114
Transform: AffineTransform_float_3_3
Parameters: 1 -0.000133012 -0.000162474 0.000133105 1 0.000285978 0.000162398 -0.000286022 1 0.0187322 0.190017 0.153231
FixedParameters: 0 0 0

#Transform 115
Transform: AffineTransform_float_3_3
Parameters: 1 0.000338102 -0.000108641 -0.000338082 1 9.10367e-05 0.000108703 -9.09632e-05 1 0.0138317 0.164214 0.150947
FixedParameters: 0 0 0

#Transform 116
Transform: AffineTransform_float_3_3
Parameters: 1 4.79017e-05 0.000210716 -4.86985e-05 1 -0.00047401 -0.000210679 0.00047399 1 -0.011383 0.192538 0.19115
FixedParameters: 0 0 0

#Transform 117
Transform: AffineTransform_float_3_3
Parameters: 1 2.78872e-06 -0.000133706 -2.85477e-06 1 -0.000247 0.000133704 0.000247 1 -0.0272841 0.202287 0.21602
FixedParameters: 0 0 0

#Transform 118
Transform: AffineTransform_float_3_3
Parameters: 1 0.000271391 7.64454e-05 -0.000271242 1 -0.000429021 -7.56817e-05 0.000428979 1 -0.000244614 0.188285 0.182028
FixedParameters: 0 0 0

#Transform 119
Transform: AffineTransform_float_3_3
Parameters: 1 -0.000432956 -0.000101226 0.000433088 1 0.000234956 0.000102018 -0.000235044 1 -0.0169297 0.183432 0.170326
FixedParameters: 0 0 0

#Transform 120
Transform: AffineTransform_float_3_3
Parameters: 1 2.7236e-06 -0.000135697 -2.58518e-06 1 0.00051 0.000135699 -0.000509999 1 -0.0189755 0.181339 0.186051
FixedParameters: 0 0 0

#Transform 121
Transform: AffineTransform_float_3_3
Parameters: 1 -0.000448085 0.000101063 0.000447183 0.999999 -0.000468948 -0.000100559 0.000468052 1 0.0114526 0.203908 0.30704
FixedParameters: 0 0 0

#Transform 122
Transform: AffineTransform_float_3_3
Parameters: 1 -0.000541071 -0.000165494 0.000541472 0.999998 -0.00154409 0.000166085 0.00154391 0.999999 -0.00313169 0.253148 0.231426
FixedParameters: 0 0 0

#Transform 123
Transform: AffineTransform_float_3_3
Parameters: 1 -0.000532707 -6.79521e-05 0.000533435 0.999999 -0.00135304 6.8315e-05 0.00135396 0.999999 -0.0135136 0.206319 0.313526
FixedParameters: 0 0 0

#Transform 124
Transform: AffineTransform_float_3_3
Parameters: 1 0.000349386 0.00034362 -0.000348633 1 -0.00109412 -0.000344384 0.00109388 1 -0.0110591 0.228088 0.219405
FixedParameters: 0 0 0

#Transform 125
Transform: AffineTransform_float_3_3
Parameters: 1 -6.29675e-05 -0.000126096 6.25912e-05 0.999999 -0.00149101 0.000126283 0.00149099 0.999999 -0.0121828 0.209682 0.21442
FixedParameters: 0 0 0

#Transform 126
Transform: AffineTransform_float_3_3
Parameters: 1 0.000387544 -2.17858e-05 -0.000387575 0.999999 -0.000722991 2.12254e-05 0.000723008 0.999999 -0.00184213 0.195837 0.218328
FixedParameters: 0 0 0

#Transform 127
Transform: AffineTransform_float_3_3
Parameters: 1 0.00016791 5.09913e-05 -0.000167824 0.999999 -0.000841008 -5.12737e-05 0.000840991 0.999999 -0.0261335 0.220568 0.213395
FixedParameters: 0 0 0

#Transform 128
Transform: AffineTransform_float_3_3
Parameters: 1 0.000117801 -0.000172601 -0.000118162 1 -0.00104598 0.000172354 0.00104602 1 -0.0225515 0.215487 0.187873
FixedParameters: 0 0 0

#Transform 129
Transform: AffineTransform_float_3_3
Parameters: 1 0.000128645 -4.50596e-05 -0.000128739 1 -0.001036 4.47929e-05 0.00103601 1 -0.0182318 0.203958 0.202313
FixedParameters: 0 0 0

#Transform 130
Transform: AffineTransform_float_3_3
Parameters: 1 0.000130425 -2.4132e-05 -0.000130474 1 -0.001013 2.38677e-05 0.001013 1 -0.0254639 0.193337 0.21835
FixedParameters: 0 0 0

#Transform 131
Transform: AffineTransform_float_3_3
Parameters: 1 -0.000168817 -0.000120087 0.0001685 0.999999 -0.00131502 0.000120531 0.00131498 0.999999 -0.0317065 0.199694 0.234445
FixedParameters: 0 0 0

#Transform 132
Transform: AffineTransform_float_3_3
Parameters: 1 -0.000303361 -0.000108522 0.000302926 0.999998 -0.00161703 0.000108506 0.00161697 0.999998 -0.0357503 0.206407 0.248783
FixedParameters: 0 0 0

#Transform 133
Transform: AffineTransform_float_3_3
Parameters: 1 0.000314147 9.34707e-05 -0.000313795 0.999998 -0.00186803 -9.46437e-05 0.00186797 0.999999 -0.0229459 0.241961 0.314258
FixedParameters: 0 0 0

#Transform 134
Transform: AffineTransform_float_3_3
Parameters: 1 -2.13218e-05 0.000138313 2.16863e-05 0.999999 -0.001318 -0.000138256 0.001318 0.999999 -0.0287005 0.257 0.275162
FixedParameters: 0 0 0

#Transform 135
Transform: AffineTransform_float_3_3
Parameters: 1 -4.82559e-05 0.000140597 4.85628e-05 1 -0.00109199 -0.000140491 0.00109201 1 -0.0340347 0.237529 0.268563
FixedParameters: 0 0 0

#Transform 136
Transform: AffineTransform_float_3_3
Parameters: 1 -0.0002167 0.000271415 0.000216453 0.999999 -0.00138394 -0.000270732 0.00138406 0.999999 -0.0416832 0.242541 0.267506
FixedParameters: 0 0 0

#Transform 137
Transform: AffineTransform_float_3_3
Parameters: 0.999999 -0.000634655 -0.000665641 0.000634295 1 -0.00101842 0.000666849 0.00101758 1 -0.0325797 0.234706 0.274736
FixedParameters: 0 0 0

#Transform 138
Transform: AffineTransform_float_3_3
Parameters: 1 -0.000114968 -0.000244187 0.00011463 1 -0.000521028 0.00024331 0.000520972 1 -0.0273695 0.224543 0.250429
FixedParameters: 0 0 0

#Transform 139
Transform: AffineTransform_float_3_3
Parameters: 1 0.000146094 -0.00018204 -0.000145497 1 -0.00109597 0.000181636 0.00109603 1 -0.0214034 0.216304 0.278233
FixedParameters: 0 0 0

#Transform 140
Transform: AffineTransform_float_3_3
Parameters: 1 -0.000176585 0.00020165 0.00017685 0.999999 -0.000862964 -0.000202341 0.000863035 0.999999 -0.0390413 0.248995 0.249706
FixedParameters: 0 0 0

#Transform 141
Transform: AffineTransform_float_3_3
Parameters: 1 -0.000479724 -0.000201163 0.000479374 0.999999 -0.000867096 0.000201995 0.000866902 0.999999 -0.0384866 0.241585 0.259272
FixedParameters: 0 0 0

#Transform 142
Transform: AffineTransform_float_3_3
Parameters: 1 -0.000200797 -8.32429e-05 0.000200584 0.999999 -0.00127802 8.37559e-05 0.00127798 0.999999 -0.0376522 0.244677 0.372574
FixedParameters: 0 0 0

#Transform 143
Transform: AffineTransform_float_3_3
Parameters: 1 -0.000200773 -8.33007e-05 0.000200525 0.999999 -0.000990016 8.27015e-05 0.000989982 0.999999 -0.0433412 0.251421 0.320311
FixedParameters: 0 0 0

#Transform 144
Transform: AffineTransform_float_3_3
Parameters: 1 -0.000615392 3.33174e-05 0.000615384 0.999999 -0.00114598 -3.29035e-05 0.00114602 1 -0.0446204 0.265625 0.255795
FixedParameters: 0 0 0

#Transform 145
Transform: AffineTransform_float_3_3
Parameters: 1 -0.000192564 1.33048e-05 0.000192584 0.999999 -0.000749997 -1.30159e-05 0.000750002 0.999999 -0.035201 0.223638 0.262543
FixedParameters: 0 0 0

#Transform 146
Transform: AffineTransform_float_3_3
Parameters: 1 -0.000209596 -0.000186908 0.00020919 1 -0.00108404 0.000187362 0.00108396 1 -0.0412559 0.244522 0.265451
FixedParameters: 0 0 0

#Transform 147
Transform: AffineTransform_float_3_3
Parameters: 1 -0.0002067 -0.000153048 0.000206396 0.999999 -0.000994031 0.000153459 0.000993967 0.999999 -0.0393324 0.230526 0.287674
FixedParameters: 0 0 0

#Transform 148
Transform: AffineTransform_float_3_3
Parameters: 0.999999 -0.000681869 -0.000241122 0.000681297 1 -0.00101117 0.000241504 0.00101084 1 -0.0273597 0.230774 0.262443
FixedParameters: 0 0 0

#Transform 149
Transform: AffineTransform_float_3_3
Parameters: 1 -0.00102919 -0.000170104 0.00102856 0.999998 -0.00135718 0.000170903 0.00135682 0.999999 -0.0579973 0.234134 0.280938
FixedParameters: 0 0 0

#Transform 150
Transform: AffineTransform_float_3_3
Parameters: 0.999999 -0.000809842 -0.00054124 0.000809485 0.999999 -0.00117245 0.000542058 0.00117255 0.999999 -0.0437946 0.229327 0.255143
FixedParameters: 0 0 0

#Transform 151
Transform: AffineTransform_float_3_3
Parameters: 1 -0.00069281 6.70397e-05 0.000692886 0.999999 -0.00119495 -6.63803e-05 0.00119505 1 -0.0452388 0.240149 0.267277
FixedParameters: 0 0 0
