#Insight Transform File V1.0
#Transform 0
Transform: AffineTransform_float_3_3
Parameters: 1 -0.0005566 -0.000320657 0.000556532 0.999999 0.00139582 0.000320139 -0.00139618 0.999999 -0.00182966 -0.0380797 0.0897978
FixedParameters: 0 0 0

#Transform 1
Transform: AffineTransform_float_3_3
Parameters: 1 -0.000309923 3.59683e-05 0.000309875 1 0.00118401 -3.57028e-05 -0.00118399 1 -0.00691858 -0.0556822 0.141198
FixedParameters: 0 0 0

#Transform 2
Transform: AffineTransform_float_3_3
Parameters: 1 -0.000569187 -0.000217693 0.000568439 0.999999 0.000577876 0.000217072 -0.000578123 1 -0.00491909 -0.0417322 0.123837
FixedParameters: 0 0 0

#Transform 3
Transform: AffineTransform_float_3_3
Parameters: 1 -0.000494962 -0.00037945 0.000495378 0.999999 0.000548811 0.000378907 -0.000548189 1 0.000989143 -0.0230268 0.110352
FixedParameters: 0 0 0

#Transform 4
Transform: AffineTransform_float_3_3
Parameters: 1 -0.000324942 -0.000385672 0.000324626 0.999999 0.000886874 0.000385132 -0.000887124 0.999999 0.0205369 -0.0309332 0.115099
FixedParameters: 0 0 0

#Transform 5
Transform: AffineTransform_float_3_3
Parameters: 1 7.46642e-05 -1.06893e-05 -7.46518e-05 1 0.000575001 1.07752e-05 -0.000574999 1 0.0178237 -0.0172558 0.105665
FixedParameters: 0 0 0

#Transform 6
Transform: AffineTransform_float_3_3
Parameters: 1 -0.000559894 4.04862e-05 0.000559898 1 -3.99773e-05 -4.04415e-05 4.00226e-05 1 0.00421453 -0.0102672 0.0400903
FixedParameters: 0 0 0

#Transform 7
Transform: AffineTransform_float_3_3
Parameters: 1 -0.000411806 1.28096e-05 0.000411791 1 0.000559005 -1.327e-05 -0.000558994 1 -0.0126047 -0.0240484 0.0800191
FixedParameters: 0 0 0

#Transform 8
Transform: AffineTransform_float_3_3
Parameters: 1 -0.000309425 4.92068e-05 0.000309387 1 0.000387015 -4.94463e-05 -0.000386985 1 0.00878876 -0.0186417 0.0835826
FixedParameters: 0 0 0

#Transform 9
Transform: AffineTransform_float_3_3
Parameters: 1 -0.000309437 4.91294e-05 0.000309374 0.999999 0.000637015 -4.95236e-05 -0.000636984 1 0.00877279 0.00144474 0.0479698
FixedParameters: 0 0 0

#Transform 10
Transform: AffineTransform_float_3_3
Parameters: 1 -0.000443543 0.000329987 0.000442965 1 0.000930147 -0.000329812 -0.000929855 1 -0.00151597 -0.0409387 0.0885016
FixedParameters: 0 0 0

#Transform 11
Transform: AffineTransform_float_3_3
Parameters: 1 -0.000307771 9.60358e-05 0.000307609 1 0.000842993 -9.65546e-05 -0.000843007 0.999999 -0.0099271 -0.017862 0.0970523
FixedParameters: 0 0 0

#Transform 12
Transform: AffineTransform_float_3_3
Parameters: 1 -0.000309048 5.92791e-05 0.000309033 1 0.000132018 -5.93607e-05 -0.000131982 1 -0.00831761 0.0182686 0.0308034
FixedParameters: 0 0 0

#Transform 13
Transform: AffineTransform_float_3_3
Parameters: 1 0.00010215 2.32559e-06 -0.000102152 1 0.000516 -2.22017e-06 -0.000516 1 0.0179541 -0.0214344 0.0664425
FixedParameters: 0 0 0

#Transform 14
Transform: AffineTransform_float_3_3
Parameters: 1 -9.29735e-05 -5.26585e-05 9.29933e-05 1 0.000187995 5.26236e-05 -0.000188005 1 0.0219574 0.00717767 -0.0269677
FixedParameters: 0 0 0

#Transform 15
Transform: AffineTransform_float_3_3
Parameters: 1 -0.000305422 0.000160123 0.000305286 1 0.000425049 -0.000160382 -0.000424951 1 0.00584569 -0.0277468 0.0362498
FixedParameters: 0 0 0

#Transform 16
Transform: AffineTransform_float_3_3
Parameters: 1 -0.000291241 0.000533276 0.000291201 0.999999 -0.000932808 -0.000533695 0.000933192 1 -0.00427803 0.0248553 0.0128596
FixedParameters: 0 0 0

#Transform 17
Transform: AffineTransform_float_3_3
Parameters: 1 -0.000305397 0.000160171 0.000305311 1 0.000266049 -0.000160334 -0.000265951 1 0.0058349 -0.00700585 0.0271395
FixedParameters: 0 0 0

#Transform 18
Transform: AffineTransform_float_3_3
Parameters: 1 0.000106496 0.000145122 -0.000106246 0.999999 -0.000862015 -0.000145306 0.000861984 0.999999 -0.00459312 0.025598 0.012465
FixedParameters: 0 0 0

#Transform 19
Transform: AffineTransform_float_3_3
Parameters: 1 0.00030623 0.000137932 -0.000306246 1 5.79578e-05 -0.000137896 -5.80422e-05 1 0.0182329 0.000434166 -0.0341454
FixedParameters: 0 0 0

#Transform 20
Transform: AffineTransform_float_3_3
Parameters: 1 -0.000305349 0.000160261 0.000305359 1 -2.89511e-05 -0.000160244 2.90489e-05 1 0.00582973 0.000288271 0.00877287
FixedParameters: 0 0 0

#Transform 21
Transform: AffineTransform_float_3_3
Parameters: 1 -0.000305358 0.000160245 0.00030535 1 2.40489e-05 -0.00016026 -2.39511e-05 1 0.00581955 0.018315 -0.0203837
FixedParameters: 0 0 0

#Transform 22
Transform: AffineTransform_float_3_3
Parameters: 1 -0.000134527 -0.000124271 0.000134716 0.999999 0.000760983 0.000124066 -0.000761016 0.999999 0.0169801 -0.0172636 0.0248014
FixedParameters: 0 0 0

#Transform 23
Transform: AffineTransform_float_3_3
Parameters: 1 0.000324955 -6.11083e-05 -0.000324996 0.999999 -0.00063098 6.16975e-05 0.00063102 1 0.00671657 0.0428465 0.0513956
FixedParameters: 0 0 0

#Transform 24
Transform: AffineTransform_float_3_3
Parameters: 1 0.000380956 -0.000418215 -0.000381023 1 -7.88407e-05 0.000418155 7.91593e-05 1 0.0132322 0.00834521 0.0390607
FixedParameters: 0 0 0

#Transform 25
Transform: AffineTransform_float_3_3
Parameters: 1 0.000355031 -0.000115945 -0.000354972 1 0.000254041 0.000116125 -0.000253959 1 0.00865119 -0.00660005 0.0590111
FixedParameters: 0 0 0

#Transform 26
Transform: AffineTransform_float_3_3
Parameters: 1 0.000316021 7.52893e-05 -0.000315912 0.999999 -0.000721023 -7.57449e-05 0.000720976 0.999999 0.0097792 0.0367729 0.0283484
FixedParameters: 0 0 0

#Transform 27
Transform: AffineTransform_float_3_3
Parameters: 1 -0.000325349 -0.000390478 0.000324584 1 0.000300873 0.000390319 -0.000301127 1 0.00917362 0.00416197 0.00532783
FixedParameters: 0 0 0

#Transform 28
Transform: AffineTransform_float_3_3
Parameters: 1 -9.06025e-05 -0.000398963 9.06432e-05 1 5.09638e-05 0.000398953 -5.10361e-05 1 0.00934431 0.0135688 0.0337508
FixedParameters: 0 0 0

#Transform 29
Transform: AffineTransform_float_3_3
Parameters: 1 0.000314445 -0.000633253 -0.00031577 1 -0.0010468 0.000632593 0.0010472 1 0.00850365 0.043839 -0.0226905
FixedParameters: 0 0 0

#Transform 30
Transform: AffineTransform_float_3_3
Parameters: 1 0.000504307 -0.000405008 -0.000504822 0.999999 -0.000636794 0.000404366 0.000636205 0.999999 0.00835323 -0.023624 0.00108163
FixedParameters: 0 0 0

#Transform 31
Transform: AffineTransform_float_3_3
Parameters: 1 0.000146652 -0.000391676 -0.000145955 1 -0.000384943 0.000391527 0.000385057 1 0.0140747 0.0386005 -0.0375005
FixedParameters: 0 0 0

#Transform 32
Transform: AffineTransform_float_3_3
Parameters: 1 2.56519e-05 -0.000387218 -2.61158e-05 1 -0.00059899 0.000387187 0.00059901 0.999999 -0.0118125 0.0451414 -0.0441612
FixedParameters: 0 0 0

#Transform 33
Transform: AffineTransform_float_3_3
Parameters: 1 0.000495536 -0.000946852 -0.000495013 1 -0.00025153 0.000946566 0.00025147 0.999999 0.0135492 0.0085354 -0.0353908
FixedParameters: 0 0 0

#Transform 34
Transform: AffineTransform_float_3_3
Parameters: 1 0.00051521 -0.000405529 -0.000514868 0.999999 -0.000854791 0.000405611 0.000855208 0.999999 -0.00481963 0.0243134 -0.0486077
FixedParameters: 0 0 0

#Transform 35
Transform: AffineTransform_float_3_3
Parameters: 0.999999 0.000500411 -0.000804185 -0.000500539 0.999999 -0.000723561 0.000804423 0.000724439 1 -0.00419041 0.0353806 -0.10743
FixedParameters: 0 0 0

#Transform 36
Transform: AffineTransform_float_3_3
Parameters: 0.999999 0.000499556 -0.000836939 -0.000499022 1 -0.000277581 0.000836625 0.000277419 0.999999 -0.0053934 -0.00431707 -0.0977065
FixedParameters: 0 0 0

#Transform 37
Transform: AffineTransform_float_3_3
Parameters: 0.999999 0.000502234 -0.000763993 -0.000501673 1 -0.000286615 0.000763669 0.000286385 0.999999 0.00486496 -0.00402288 -0.0970425
FixedParameters: 0 0 0

#Transform 38
Transform: AffineTransform_float_3_3
Parameters: 1 0.000512781 -0.00047528 -0.000512223 1 -0.000464756 0.000474767 0.000465243 1 -0.00294641 0.0171299 -0.113719
FixedParameters: 0 0 0

#Transform 39
Transform: AffineTransform_float_3_3
Parameters: 0.999999 0.000499767 -0.000834858 -0.000499956 1 -0.000113581 0.000834745 0.000113419 0.999999 -0.00712349 -0.0203567 -0.140178
FixedParameters: 0 0 0

#Transform 40
Transform: AffineTransform_float_3_3
Parameters: 0.999999 0.000501554 -0.000791752 -0.000501307 1 0.000156397 0.000791908 -0.000155603 0.999999 -0.00148904 -0.0159056 -0.0939918
FixedParameters: 0 0 0

#Transform 41
Transform: AffineTransform_float_3_3
Parameters: 0.999999 7.64523e-05 -0.000744346 -7.73142e-05 1 -0.000578942 0.000744257 0.000579057 0.999999 0.00299937 0.0169154 -0.11223
FixedParameters: 0 0 0

#Transform 42
Transform: AffineTransform_float_3_3
Parameters: 0.999999 0.000502552 -0.000759882 -0.000502646 1 -6.1618e-05 0.00075982 6.23818e-05 0.999999 0.011368 -0.00476786 -0.125242
FixedParameters: 0 0 0

#Transform 43
Transform: AffineTransform_float_3_3
Parameters: 0.999999 0.000502043 -0.000772896 -0.000502171 1 -0.000106611 0.000773789 0.00010639 0.999999 0.0132003 0.0074874 -0.0947158
FixedParameters: 0 0 0

#Transform 44
Transform: AffineTransform_float_3_3
Parameters: 0.999999 -3.96414e-07 -0.000771508 -7.42058e-08 1 -0.000305 0.000771508 0.000305 0.999999 0.0144659 0.0186781 -0.119552
FixedParameters: 0 0 0

#Transform 45
Transform: AffineTransform_float_3_3
Parameters: 0.999999 0.000500759 -0.000799086 -0.000500592 0.999999 -0.0005206 0.000798528 0.0005214 0.999999 0.020425 0.0100706 -0.151769
FixedParameters: 0 0 0

#Transform 46
Transform: AffineTransform_float_3_3
Parameters: 0.999999 6.04694e-05 -0.00125403 -6.10624e-05 1 0.000162113 0.00125408 -0.000161888 0.999999 0.0290788 -0.0317182 -0.102894
FixedParameters: 0 0 0

#Transform 47
Transform: AffineTransform_float_3_3
Parameters: 0.999999 0.00034917 -0.00123754 -0.000348951 1 8.84697e-05 0.0012376 -8.85301e-05 0.999999 0.0371494 -0.000113728 -0.102293
FixedParameters: 0 0 0

#Transform 48
Transform: AffineTransform_float_3_3
Parameters: 0.999999 3.11084e-05 -0.000781685 -3.08704e-05 1 -0.000486976 0.000781618 0.000487024 0.999999 0.0314798 0.0364411 -0.14819
FixedParameters: 0 0 0

#Transform 49
Transform: AffineTransform_float_3_3
Parameters: 0.999999 0.000293161 -0.00122164 -0.000293021 1 -0.000366605 0.00122239 0.000366396 0.999999 0.0363004 -0.000733985 -0.118699
FixedParameters: 0 0 0

#Transform 50
Transform: AffineTransform_float_3_3
Parameters: 0.999999 8.65261e-05 -0.00087781 -8.74759e-05 1 -0.000561886 0.000878712 0.000561114 1 0.0207702 0.0232481 -0.137546
FixedParameters: 0 0 0

#Transform 51
Transform: AffineTransform_float_3_3
Parameters: 0.999999 0.000503386 -0.000722296 -0.000503551 0.999999 -0.0008306 0.000722422 0.0008314 1 0.0231008 0.04696 -0.174871
FixedParameters: 0 0 0

#Transform 52
Transform: AffineTransform_float_3_3
Parameters: 0.999999 0.000304066 -0.000791727 -0.000303548 1 -0.00030376 0.000791506 0.000304241 0.999999 0.0370141 0.0331227 -0.125534
FixedParameters: 0 0 0

#Transform 53
Transform: AffineTransform_float_3_3
Parameters: 0.999999 0.000254191 -0.000937143 -0.000254715 0.999999 -0.000831725 0.000937682 0.000832275 0.999999 0.0401468 0.0652887 -0.0761244
FixedParameters: 0 0 0

#Transform 54
Transform: AffineTransform_float_3_3
Parameters: 1 0.000498333 -0.000855255 -0.000498932 1 -0.000934574 0.000854286 0.000935427 0.999999 0.0426015 0.0681893 -0.113725
FixedParameters: 0 0 0

#Transform 55
Transform: AffineTransform_float_3_3
Parameters: 1 4.4616e-05 -0.000365882 -4.47338e-05 1 -0.000160984 0.000365867 0.000161016 1 0.0202307 -0.0288357 -0.0587983
FixedParameters: 0 0 0

#Transform 56
Transform: AffineTransform_float_3_3
Parameters: 1 -7.45619e-05 0.000577343 7.64055e-05 0.999997 -0.00246296 -0.000576935 0.00246304 0.999997 -0.0083055 0.0495054 0.0115528
FixedParameters: 0 0 0

#Transform 57
Transform: AffineTransform_float_3_3
Parameters: 1 -0.000107649 -0.00041929 0.000107108 1 -0.000645045 0.000419429 0.000644955 0.999999 0.00460659 0.043415 -0.032359
FixedParameters: 0 0 0

#Transform 58
Transform: AffineTransform_float_3_3
Parameters: 1 0.000131144 -0.000428181 -0.00013178 0.999999 -0.000742943 0.000427986 0.000743056 0.999999 0.0235749 0.0329551 -0.0414564
FixedParameters: 0 0 0

#Transform 59
Transform: AffineTransform_float_3_3
Parameters: 1 0.000302889 -0.0001415 -0.000303174 1 -0.00113496 0.000141811 0.00113504 1 0.00632318 0.0494143 -0.0844734
FixedParameters: 0 0 0

#Transform 60
Transform: AffineTransform_float_3_3
Parameters: 1 -5.63205e-05 -0.000551301 5.60018e-05 1 -0.000289031 0.000551333 0.000288969 1 0.00798056 0.00779882 -0.0795361
FixedParameters: 0 0 0

#Transform 61
Transform: AffineTransform_float_3_3
Parameters: 0.999999 -0.000133126 -0.000798558 0.000132357 1 -0.00110711 0.000798816 0.00110689 0.999999 0.0100755 0.0283386 -0.107624
FixedParameters: 0 0 0

#Transform 62
Transform: AffineTransform_float_3_3
Parameters: 1 -0.000135494 -0.000515264 0.000134313 1 -0.00114607 0.000515574 0.00114593 0.999999 0.00976531 0.028167 -0.140696
FixedParameters: 0 0 0

#Transform 63
Transform: AffineTransform_float_3_3
Parameters: 0.999999 -5.51783e-05 -0.000780484 5.38748e-05 0.999999 -0.000835006 0.000780575 0.000834994 1 0.0298469 0.0513411 -0.107493
FixedParameters: 0 0 0

#Transform 64
Transform: AffineTransform_float_3_3
Parameters: 1 -0.000123318 -0.000508702 0.000122994 0.999999 -0.00130006 0.000508986 0.00130094 0.999999 0.0058556 0.048748 -0.113068
FixedParameters: 0 0 0

#Transform 65
Transform: AffineTransform_float_3_3
Parameters: 0.999999 -0.000114973 -0.00075817 0.000114539 0.999998 -0.00160405 0.000758465 0.00160395 0.999999 0.0115413 0.0781223 -0.123649
FixedParameters: 0 0 0

#Transform 66
Transform: AffineTransform_float_3_3
Parameters: 0.999999 2.03638e-07 -0.000762551 -1.13046e-06 0.999999 -0.001263 0.000762513 0.001263 0.999999 0.0227825 0.065256 -0.0881115
FixedParameters: 0 0 0

#Transform 67
Transform: AffineTransform_float_3_3
Parameters: 0.999999 9.8513e-05 -0.00076637 -9.96899e-05 0.999998 -0.00207289 0.000765887 0.00207211 0.999998 0.0323605 0.0951535 -0.0361568
FixedParameters: 0 0 0

#Transform 68
Transform: AffineTransform_float_3_3
Parameters: 1 -0.000148226 -0.00120521 0.000145969 0.999999 -0.00176518 0.00120566 0.00176482 0.999997 0.0361526 0.105461 -0.0694075
FixedParameters: 0 0 0

#Transform 69
Transform: AffineTransform_float_3_3
Parameters: 0.999999 -2.2504e-05 -0.00146118 2.11946e-05 0.999999 -0.000789995 0.00146117 0.000790004 0.999998 0.0250884 0.059394 -0.0511838
FixedParameters: 0 0 0

#Transform 70
Transform: AffineTransform_float_3_3
Parameters: 0.999999 2.02903e-05 -0.0013177 -2.15462e-05 0.999999 -0.00123494 0.00131758 0.00123507 0.999999 0.0294629 0.0724816 -0.0278063
FixedParameters: 0 0 0

#Transform 71
Transform: AffineTransform_float_3_3
Parameters: 0.999998 -0.000102919 -0.00165827 9.92835e-05 0.999998 -0.00200013 0.00165856 0.00199987 0.999996 0.0254277 0.102266 -0.0581461
FixedParameters: 0 0 0

#Transform 72
Transform: AffineTransform_float_3_3
Parameters: 0.999999 0.000111838 -0.00181359 -0.000114933 0.999998 -0.00167972 0.0018131 0.00168028 0.999997 0.020987 0.0839938 -0.0639696
FixedParameters: 0 0 0

#Transform 73
Transform: AffineTransform_float_3_3
Parameters: 0.999998 -0.000289359 -0.00165933 0.000288177 0.999999 -0.000958406 0.00165981 0.000957594 0.999998 0.0211152 0.0613337 -0.076884
FixedParameters: 0 0 0

#Transform 74
Transform: AffineTransform_float_3_3
Parameters: 0.999998 0.000120302 -0.00169185 -0.000123372 0.999999 -0.00179376 0.0016913 0.00179324 0.999997 0.0212043 0.0966914 -0.0823863
FixedParameters: 0 0 0

#Transform 75
Transform: AffineTransform_float_3_3
Parameters: 0.999998 -0.000832466 -0.00206739 0.000827618 0.999998 -0.00212168 0.00206877 0.00212032 0.999995 0.0228677 0.0505313 -0.0435954
FixedParameters: 0 0 0

#Transform 76
Transform: AffineTransform_float_3_3
Parameters: 0.999998 -1.59763e-05 -0.00222921 6.79825e-06 0.99999 -0.00430791 0.00222994 0.00430709 0.999989 0.0422516 0.152364 -0.0118909
FixedParameters: 0 0 0

#Transform 77
Transform: AffineTransform_float_3_3
Parameters: 0.999998 7.35343e-05 -0.00169004 -7.62007e-05 0.999998 -0.0016758 0.00168968 0.0016762 0.999997 0.0252478 0.173268 -0.0591078
FixedParameters: 0 0 0

#Transform 78
Transform: AffineTransform_float_3_3
Parameters: 0.999998 -3.3855e-05 -0.00168596 3.02668e-05 0.999997 -0.00254598 0.00168594 0.00254602 0.999996 0.0146506 0.105971 0.0015069
FixedParameters: 0 0 0

#Transform 79
Transform: AffineTransform_float_3_3
Parameters: 0.999999 0.000466984 -0.00170546 -0.000471188 0.999997 -0.00241516 0.00170405 0.00241684 0.999995 0.0166526 0.161967 -0.0154663
FixedParameters: 0 0 0

#Transform 80
Transform: AffineTransform_float_3_3
Parameters: 0.999999 0.000246779 -0.00176986 -0.000250357 0.999997 -0.00215049 0.00176965 0.00215051 0.999996 0.0224569 0.122489 -0.0159505
FixedParameters: 0 0 0

#Transform 81
Transform: AffineTransform_float_3_3
Parameters: 0.999998 0.000262743 -0.00210491 -0.000267972 0.999997 -0.00267537 0.00210427 0.00267563 0.999994 0.0240758 0.152952 0.0248569
FixedParameters: 0 0 0

#Transform 82
Transform: AffineTransform_float_3_3
Parameters: 0.999998 0.000245681 -0.00196406 -0.000250284 0.999997 -0.00245344 0.00196366 0.00245356 0.999995 0.0276734 0.170204 0.0238702
FixedParameters: 0 0 0

#Transform 83
Transform: AffineTransform_float_3_3
Parameters: 0.999997 0.000428694 -0.00213122 -0.000433337 0.999998 -0.00227001 0.00213008 0.00227099 0.999995 0.0358581 0.174753 -0.00915538
FixedParameters: 0 0 0

#Transform 84
Transform: AffineTransform_float_3_3
Parameters: 0.999998 0.000220398 -0.00203292 -0.000224489 0.999999 -0.00175247 0.00203303 0.00175253 0.999997 0.0291852 0.154467 -0.0292925
FixedParameters: 0 0 0

#Transform 85
Transform: AffineTransform_float_3_3
Parameters: 0.999997 3.38215e-05 -0.00218309 -4.18747e-05 0.999994 -0.00344684 0.00218258 0.00344715 0.999991 0.0296866 0.12606 0.00632285
FixedParameters: 0 0 0

#Transform 86
Transform: AffineTransform_float_3_3
Parameters: 0.999998 0.000420161 -0.00219139 -0.000431496 0.999987 -0.00512099 0.00218962 0.005122 0.999984 0.00608089 0.169957 0.0110677
FixedParameters: 0 0 0

#Transform 87
Transform: AffineTransform_float_3_3
Parameters: 0.999998 0.000425827 -0.00219029 -0.000430864 0.999996 -0.00253495 0.0021899 0.00253605 0.999995 0.0150502 0.1427 0.000546501
FixedParameters: 0 0 0

#Transform 88
Transform: AffineTransform_float_3_3
Parameters: 0.999998 0.000436568 -0.00190164 -0.000441254 0.999996 -0.00281909 0.00189994 0.00281991 0.999994 0.00843141 0.165214 0.00744749
FixedParameters: 0 0 0

#Transform 89
Transform: AffineTransform_float_3_3
Parameters: 0.999997 0.000895636 -0.001972 -0.000901701 0.999995 -0.00308715 0.00196923 0.00308885 0.999994 0.0095933 0.196532 0.0114764
FixedParameters: 0 0 0

#Transform 90
Transform: AffineTransform_float_3_3
Parameters: 0.999997 0.000893882 -0.0019728 -0.000902417 0.999991 -0.00397515 0.00196939 0.00397784 0.99999 0.0103926 0.214752 0.0735214
FixedParameters: 0 0 0

#Transform 91
Transform: AffineTransform_float_3_3
Parameters: 0.999997 0.000885163 -0.00220434 -0.000893238 0.999993 -0.00367196 0.00220051 0.00367403 0.999991 0.0193632 0.179972 0.0395319
FixedParameters: 0 0 0

#Transform 92
Transform: AffineTransform_float_3_3
Parameters: 0.999997 0.0010221 -0.00220492 -0.00103045 0.999993 -0.0037427 0.00220094 0.0037443 0.99999 0.0088634 0.225472 0.0365792
FixedParameters: 0 0 0

#Transform 93
Transform: AffineTransform_float_3_3
Parameters: 0.999996 0.00108062 -0.00251947 -0.00109003 0.999992 -0.00368915 0.00251612 0.00369284 0.99999 0.0186726 0.198968 0.0713892
FixedParameters: 0 0 0

#Transform 94
Transform: AffineTransform_float_3_3
Parameters: 0.999997 0.00090969 -0.00251221 -0.000918218 0.999994 -0.00331763 0.00250985 0.00332037 0.999991 0.015138 0.16894 0.0648274
FixedParameters: 0 0 0

#Transform 95
Transform: AffineTransform_float_3_3
Parameters: 0.999997 0.000857365 -0.0022515 -0.000861464 0.999998 -0.00181399 0.00225024 0.00181501 0.999996 0.00676939 0.193545 0.0540412
FixedParameters: 0 0 0

#Transform 96
Transform: AffineTransform_float_3_3
Parameters: 0.999995 0.000779838 -0.00298608 -0.00078829 0.999996 -0.00293951 0.00298414 0.00294149 0.999992 0.0257076 0.169348 0.0542215
FixedParameters: 0 0 0

#Transform 97
Transform: AffineTransform_float_3_3
Parameters: 0.999996 0.000697794 -0.00298342 -0.000708438 0.999993 -0.00364476 0.00298089 0.00364725 0.999989 0.0240551 0.207916 0.0764852
FixedParameters: 0 0 0

#Transform 98
Transform: AffineTransform_float_3_3
Parameters: 0.999995 0.000105931 -0.00312198 -0.000120328 0.999989 -0.00455246 0.00312144 0.00455253 0.999985 0.000592613 0.150761 0.0334527
FixedParameters: 0 0 0

#Transform 99
Transform: AffineTransform_float_3_3
Parameters: 0.999998 -0.00133928 -0.00178564 0.00134476 0.999995 0.00261264 0.00178277 -0.00261436 0.999995 -0.0754424 0.0102123 -0.0345388
FixedParameters: 0 0 0

#Transform 100
Transform: AffineTransform_float_3_3
Parameters: 0.999998 -0.000940489 -0.00208087 0.000954461 0.999978 0.00667506 0.00207473 -0.00667693 0.999975 -0.0400244 -0.0163071 -0.00414187
FixedParameters: 0 0 0

#Transform 101
Transform: AffineTransform_float_3_3
Parameters: 0.999998 -0.000754423 -0.00185163 0.000764607 0.999983 0.00568467 0.00184739 -0.00568633 0.999982 -0.0282444 0.0163258 0.0170676
FixedParameters: 0 0 0

#Transform 102
Transform: AffineTransform_float_3_3
Parameters: 0.999998 -0.000486585 -0.00185942 0.000494731 0.99999 0.00459113 0.00185724 -0.00459288 0.999987 -0.030206 0.0555097 -0.0232489
FixedParameters: 0 0 0

#Transform 103
Transform: AffineTransform_float_3_3
Parameters: 0.999998 -0.000581022 -0.00185599 0.000588169 0.999992 0.00379199 0.00185381 -0.00379301 0.999991 -0.031996 0.050011 -0.0727407
FixedParameters: 0 0 0

#Transform 104
Transform: AffineTransform_float_3_3
Parameters: 0.999999 -0.000412796 -0.00150018 0.000418251 0.999994 0.00345941 0.00149948 -0.00346059 0.999993 -0.0143081 0.0668832 -0.0363592
FixedParameters: 0 0 0

#Transform 105
Transform: AffineTransform_float_3_3
Parameters: 1 -0.000170816 -0.00118583 0.000172998 0.999997 0.00216883 0.0011862 -0.00216817 0.999997 -0.0224477 0.117879 -0.0709512
FixedParameters: 0 0 0

#Transform 106
Transform: AffineTransform_float_3_3
Parameters: 0.999998 -0.000581945 -0.00184964 0.000587809 0.999995 0.00318699 0.00184813 -0.00318801 0.999993 -0.0169354 0.0825987 -0.033839
FixedParameters: 0 0 0

#Transform 107
Transform: AffineTransform_float_3_3
Parameters: 0.999998 -0.000454868 -0.00160949 0.000458195 0.999996 0.00257534 0.00160832 -0.00257566 0.999996 -0.0177242 0.128945 -0.0516354
FixedParameters: 0 0 0

#Transform 108
Transform: AffineTransform_float_3_3
Parameters: 0.999999 -0.000200905 -0.00148701 0.000204888 0.999997 0.00234774 0.00148616 -0.00234827 0.999996 -0.0274715 0.100483 -0.0795215
FixedParameters: 0 0 0

#Transform 109
Transform: AffineTransform_float_3_3
Parameters: 0.999999 -0.00023965 -0.00149576 0.000242824 0.999997 0.00273268 0.00149462 -0.00273233 0.999995 -0.0329382 0.108516 -0.0338986
FixedParameters: 0 0 0

#Transform 110
Transform: AffineTransform_float_3_3
Parameters: 0.999998 -0.000228986 -0.00189427 0.000233575 0.999998 0.0022666 0.00189337 -0.0022674 0.999995 -0.0187489 0.130361 -0.0640422
FixedParameters: 0 0 0

#Transform 111
Transform: AffineTransform_float_3_3
Parameters: 0.999997 -0.000137658 -0.00217155 0.000143041 0.999997 0.0021598 0.00217109 -0.00216019 0.999996 -0.020415 0.144242 -0.0896607
FixedParameters: 0 0 0

#Transform 112
Transform: AffineTransform_float_3_3
Parameters: 0.999997 -0.000594176 -0.00216096 0.000599354 0.999997 0.00233678 0.00216035 -0.00233822 0.999995 -0.020637 0.101139 -0.0848055
FixedParameters: 0 0 0

#Transform 113
Transform: AffineTransform_float_3_3
Parameters: 0.999996 -0.00101732 -0.00256934 0.00101955 0.999999 0.000821489 0.00256774 -0.00082351 0.999997 -0.0130956 0.114419 -0.0915911
FixedParameters: 0 0 0

#Transform 114
Transform: AffineTransform_float_3_3
Parameters: 0.999996 -0.00121492 -0.00228371 0.00122229 0.999994 0.00311432 0.00228037 -0.00311668 0.999993 -0.0260382 0.0330265 -0.102716
FixedParameters: 0 0 0

#Transform 115
Transform: AffineTransform_float_3_3
Parameters: 0.999995 -0.000548048 -0.00310544 0.000550356 0.999999 0.000853476 0.00310461 -0.000855524 0.999995 0.00485261 0.103206 -0.0983192
FixedParameters: 0 0 0

#Transform 116
Transform: AffineTransform_float_3_3
Parameters: 0.999995 -0.00070062 -0.00331027 0.000703923 0.999999 0.00110186 0.00330887 -0.00110414 0.999994 0.00613194 0.100292 -0.10476
FixedParameters: 0 0 0

#Transform 117
Transform: AffineTransform_float_3_3
Parameters: 0.999997 -0.00106517 -0.00231172 0.00107093 0.999998 0.0020936 0.00230939 -0.0020964 0.999995 -0.0385458 0.0820072 -0.0498705
FixedParameters: 0 0 0

#Transform 118
Transform: AffineTransform_float_3_3
Parameters: 0.999998 -0.000336159 -0.00224836 0.000337415 1 0.000501351 0.00224806 -0.000501649 0.999998 -0.0390599 0.170008 -0.129118
FixedParameters: 0 0 0

#Transform 119
Transform: AffineTransform_float_3_3
Parameters: 0.999998 -0.0001147 -0.00158907 0.000119441 0.999995 0.00337885 0.0015885 -0.00337915 0.999993 -0.053137 0.0883632 -0.0905162
FixedParameters: 0 0 0

#Transform 120
Transform: AffineTransform_float_3_3
Parameters: 0.999998 -0.000313567 -0.00205689 0.000313011 1 -0.000135571 0.00205698 0.000134428 0.999998 -0.0289035 0.205381 -0.0466107
FixedParameters: 0 0 0

#Transform 121
Transform: AffineTransform_float_3_3
Parameters: 0.999997 -0.000153006 -0.00217788 0.000153189 1 0.000271739 0.00217784 -0.000271262 0.999997 -0.0296832 0.188066 -0.089656
FixedParameters: 0 0 0

#Transform 122
Transform: AffineTransform_float_3_3
Parameters: 0.999998 -3.95707e-05 -0.0020589 4.17874e-05 0.999999 0.000780988 0.00205887 -0.00078101 0.999997 -0.0292891 0.18158 -0.090275
FixedParameters: 0 0 0

#Transform 123
Transform: AffineTransform_float_3_3
Parameters: 0.999998 -0.000291896 -0.00202181 0.000292081 1 0.000539483 0.00202157 -0.000540518 0.999998 -0.0310498 0.179058 -0.108643
FixedParameters: 0 0 0

#Transform 124
Transform: AffineTransform_float_3_3
Parameters: 0.999998 -0.000509061 -0.00198087 0.000509216 1 0.000291063 0.00198061 -0.000291937 0.999998 -0.0323875 0.198565 -0.142035
FixedParameters: 0 0 0

#Transform 125
Transform: AffineTransform_float_3_3
Parameters: 0.999998 -0.000511378 -0.00204482 0.000511571 1 0.000291026 0.00204456 -0.000291974 0.999998 -0.0417733 0.18419 -0.114418
FixedParameters: 0 0 0

#Transform 126
Transform: AffineTransform_float_3_3
Parameters: 0.999998 -0.000516231 -0.00217874 0.000516501 1 0.000290947 0.00217847 -0.000292054 0.999997 -0.0362239 0.182608 -0.0596679
FixedParameters: 0 0 0

#Transform 127
Transform: AffineTransform_float_3_3
Parameters: 0.999997 -0.000205368 -0.00246509 0.000203868 1 -0.000507395 0.00246526 0.000506605 0.999997 -0.0276455 0.216993 -0.130688
FixedParameters: 0 0 0

#Transform 128
Transform: AffineTransform_float_3_3
Parameters: 0.999997 -0.000313339 -0.00252224 0.00031321 1 -2.5682e-05 0.00252225 2.53179e-05 0.999997 -0.0136263 0.194009 -0.118182
FixedParameters: 0 0 0

#Transform 129
Transform: AffineTransform_float_3_3
Parameters: 0.999996 -0.000253927 -0.00277455 0.000253964 1 -0.000173561 0.00277461 0.000173441 0.999996 -0.0121308 0.202897 -0.0742373
FixedParameters: 0 0 0

#Transform 130
Transform: AffineTransform_float_3_3
Parameters: 0.999996 -0.000530624 -0.00251404 0.000528634 0.999999 -0.000595222 0.00251464 0.000593775 0.999996 -0.018148 0.209944 -0.0643104
FixedParameters: 0 0 0

#Transform 131
Transform: AffineTransform_float_3_3
Parameters: 0.999997 -0.000149083 -0.00264021 0.000142869 0.999997 -0.00212324 0.00264065 0.00212276 0.999995 -0.0171812 0.253192 -0.0795533
FixedParameters: 0 0 0

#Transform 132
Transform: AffineTransform_float_3_3
Parameters: 0.999997 0.00017486 -0.0025411 -0.000183866 0.999993 -0.00375243 0.00254138 0.00375257 0.999989 -0.0321035 0.265845 -0.0581683
FixedParameters: 0 0 0

#Transform 133
Transform: AffineTransform_float_3_3
Parameters: 0.999998 0.000213496 -0.00162064 -0.000218528 0.999996 -0.00278661 0.00161929 0.00278739 0.999995 -0.0455689 0.309499 -0.0687913
FixedParameters: 0 0 0

#Transform 134
Transform: AffineTransform_float_3_3
Parameters: 0.999998 -4.22559e-05 -0.00224702 3.88364e-05 0.999999 -0.00142798 0.00224702 0.00142802 0.999997 -0.0232899 0.234872 -0.0943026
FixedParameters: 0 0 0

#Transform 135
Transform: AffineTransform_float_3_3
Parameters: 0.999998 0.000203694 -0.0019411 -0.000205897 0.999999 -0.00133953 0.00194044 0.00134047 0.999997 -0.0405027 0.260917 -0.125102
FixedParameters: 0 0 0

#Transform 136
Transform: AffineTransform_float_3_3
Parameters: 0.999998 9.09526e-05 -0.00210482 -9.14816e-05 1 -0.000608735 0.00210564 0.000609265 0.999997 -0.0294962 0.218714 -0.0947433
FixedParameters: 0 0 0

#Transform 137
Transform: AffineTransform_float_3_3
Parameters: 0.999997 -0.000312325 -0.0023849 0.000309219 0.999999 -0.00127963 0.00238559 0.00127937 0.999997 -0.0211433 0.275092 -0.151015
FixedParameters: 0 0 0

#Transform 138
Transform: AffineTransform_float_3_3
Parameters: 0.999997 2.96637e-05 -0.00245281 -3.12838e-05 0.999999 -0.000744816 0.00245369 0.000745184 0.999996 -0.0360036 0.22734 -0.123576
FixedParameters: 0 0 0

#Transform 139
Transform: AffineTransform_float_3_3
Parameters: 0.999997 -0.000142724 -0.00239131 0.000140047 0.999999 -0.00139523 0.00239156 0.00139577 0.999996 -0.0239562 0.256222 -0.0992326
FixedParameters: 0 0 0

#Transform 140
Transform: AffineTransform_float_3_3
Parameters: 0.999997 -0.000312466 -0.00238489 0.000309078 0.999999 -0.00133863 0.00238561 0.00133837 0.999996 -0.0331887 0.241641 -0.110048
FixedParameters: 0 0 0

#Transform 141
Transform: AffineTransform_float_3_3
Parameters: 0.999996 1.93552e-05 -0.00281566 -2.11239e-05 1 -0.000668797 0.00281556 0.000669203 0.999996 -0.0221124 0.228436 -0.0330078
FixedParameters: 0 0 0

#Transform 142
Transform: AffineTransform_float_3_3
Parameters: 0.999997 0.00100033 -0.00228792 -0.00100201 0.999999 -0.000809633 0.00228722 0.000811368 0.999997 -0.0864603 0.247478 -0.0721967
FixedParameters: 0 0 0

#Transform 143
Transform: AffineTransform_float_3_3
Parameters: 0.999998 -6.10249e-05 -0.00206716 5.99642e-05 0.999999 -0.000740052 0.00206718 0.000739948 0.999997 -0.0428262 0.235839 -0.0642129
FixedParameters: 0 0 0

#Transform 144
Transform: AffineTransform_float_3_3
Parameters: 0.999998 -0.000534052 -0.00226926 0.000530346 0.999999 -0.00168914 0.00226991 0.00168886 0.999996 -0.0286884 0.260037 -0.0542476
FixedParameters: 0 0 0

#Transform 145
Transform: AffineTransform_float_3_3
Parameters: 0.999997 -0.000340393 -0.00269945 0.000330167 0.999993 -0.0039228 0.00270068 0.0039222 0.999988 -0.0221983 0.293118 -0.0975675
FixedParameters: 0 0 0

#Transform 146
Transform: AffineTransform_float_3_3
Parameters: 0.999996 -0.000110585 -0.00258668 0.000108398 0.999999 -0.000809137 0.00258678 0.000808863 0.999997 -0.0114575 0.281361 -0.0373515
FixedParameters: 0 0 0

#Transform 147
Transform: AffineTransform_float_3_3
Parameters: 0.999996 -2.66541e-05 -0.00258981 2.44418e-05 0.999999 -0.00081292 0.00258978 0.00081308 0.999997 -0.0176436 0.277843 -0.0399923
FixedParameters: 0 0 0

#Transform 148
Transform: AffineTransform_float_3_3
Parameters: 0.999996 9.09422e-05 -0.00259429 -9.4803e-05 0.999999 -0.00132165 0.00259394 0.00132235 0.999996 -0.0119995 0.293644 -0.116063
FixedParameters: 0 0 0

#Transform 149
Transform: AffineTransform_float_3_3
Parameters: 0.999996 -4.16076e-05 -0.00301753 3.97342e-05 1 -0.00047594 0.00301753 0.000476059 0.999996 -0.0155732 0.247506 -0.0717662
FixedParameters: 0 0 0

#Transform 150
Transform: AffineTransform_float_3_3
Parameters: 0.999996 -4.30771e-05 -0.00301751 3.9264e-05 0.999999 -0.00096294 0.00301751 0.000963056 0.999995 -0.0260144 0.296117 -0.0461775
FixedParameters: 0 0 0

#Transform 151
Transform: AffineTransform_float_3_3
Parameters: 0.999996 8.76674e-05 -0.0027573 -9.11749e-05 0.999999 -0.00136061 0.00275691 0.00136139 0.999996 -0.0378326 0.304201 -0.0846936
FixedParameters: 0 0 0
