#Insight Transform File V1.0
#Transform 0
Transform: AffineTransform_float_3_3
Parameters: 0.999999 -0.000478971 0.00135798 0.000475904 0.999997 0.00252952 -0.00135881 -0.00252948 0.999996 -0.0482401 -0.138716 -0.0685731
FixedParameters: 0 0 0

#Transform 1
Transform: AffineTransform_float_3_3
Parameters: 0.999999 -0.000414317 0.00118282 0.000411686 0.999998 0.00230251 -0.00118329 -0.00230249 0.999996 -0.0457676 -0.115496 -0.0856718
FixedParameters: 0 0 0

#Transform 2
Transform: AffineTransform_float_3_3
Parameters: 0.999999 -0.000441972 0.00143644 0.000438519 0.999996 0.00287048 -0.00143723 -0.00286951 0.999995 -0.0576957 -0.146371 -0.0410957
FixedParameters: 0 0 0

#Transform 3
Transform: AffineTransform_float_3_3
Parameters: 0.999999 -0.00011762 0.00076501 0.000115775 0.999997 0.00249809 -0.000765294 -0.00249791 0.999996 -0.025137 -0.128767 -0.0545141
FixedParameters: 0 0 0

#Transform 4
Transform: AffineTransform_float_3_3
Parameters: 0.999999 -0.000140527 0.000914262 0.000138015 0.999997 0.00245513 -0.000914647 -0.00245487 0.999996 -0.0281117 -0.125868 0.0345465
FixedParameters: 0 0 0

#Transform 5
Transform: AffineTransform_float_3_3
Parameters: 0.999999 -0.00020936 0.00136504 0.00020651 0.999997 0.00213014 -0.00136548 -0.00212986 0.999997 -0.0498186 -0.0932608 -0.0610353
FixedParameters: 0 0 0

#Transform 6
Transform: AffineTransform_float_3_3
Parameters: 1 -1.50776e-05 0.00117936 1.29415e-05 0.999998 0.00222602 -0.00117996 -0.00222598 0.999997 -0.0375377 -0.115981 -0.0636139
FixedParameters: 0 0 0

#Transform 7
Transform: AffineTransform_float_3_3
Parameters: 1 -0.00101134 0.000257617 0.0010106 0.999999 0.00113326 -0.000258919 -0.00113274 1 -0.0311318 -0.0407746 -0.139185
FixedParameters: 0 0 0

#Transform 8
Transform: AffineTransform_float_3_3
Parameters: 1 0.000198984 -0.000950002 -0.000200489 0.999999 -0.00131281 0.000949627 0.00131319 0.999998 0.00643423 0.0778305 0.0122519
FixedParameters: 0 0 0

#Transform 9
Transform: AffineTransform_float_3_3
Parameters: 1 0.000177781 -0.00102799 -0.000179547 0.999999 -0.000858963 0.00102769 0.000859035 0.999999 0.0255145 0.0705238 0.00588702
FixedParameters: 0 0 0

#Transform 10
Transform: AffineTransform_float_3_3
Parameters: 1 -0.000277905 -0.000599974 0.000276872 0.999999 -0.000861314 0.000600452 0.000860686 1 -0.00530059 0.0526247 -0.0631769
FixedParameters: 0 0 0

#Transform 11
Transform: AffineTransform_float_3_3
Parameters: 0.999999 0.000475429 -0.000739439 -0.00047528 1 -0.000568626 0.000739048 0.000568374 0.999999 0.0275646 0.0328495 -0.0179759
FixedParameters: 0 0 0

#Transform 12
Transform: AffineTransform_float_3_3
Parameters: 1 0.000351033 8.63994e-05 -0.000351009 1 -0.00013603 -8.64948e-05 0.00013597 1 -0.0121497 0.00910321 -0.0550463
FixedParameters: 0 0 0

#Transform 13
Transform: AffineTransform_float_3_3
Parameters: 1 -0.00010974 1.67973e-05 0.000109744 1 -0.000131998 -1.67683e-05 0.000132002 1 -0.0182318 -0.0198309 -0.0642769
FixedParameters: 0 0 0

#Transform 14
Transform: AffineTransform_float_3_3
Parameters: 1 -0.000356939 -2.04902e-05 0.000357077 1 -0.000282007 1.97027e-05 0.000281993 1 -0.00330188 -0.00549493 -0.0552302
FixedParameters: 0 0 0

#Transform 15
Transform: AffineTransform_float_3_3
Parameters: 1 -0.000356946 -2.03549e-05 0.000357069 0.999999 -0.000661007 1.98381e-05 0.000660993 1 0.00507661 0.0172781 -0.0851463
FixedParameters: 0 0 0

#Transform 16
Transform: AffineTransform_float_3_3
Parameters: 1 -0.000109742 1.67861e-05 0.000109743 1 -2.99982e-05 -1.67795e-05 3.00018e-05 1 -0.0210193 -0.0215013 -0.0464957
FixedParameters: 0 0 0

#Transform 17
Transform: AffineTransform_float_3_3
Parameters: 1 -0.000375559 0.000103226 0.00037568 1 -0.000588961 -0.000102783 0.000589038 1 -0.0174114 0.00873167 -0.0515241
FixedParameters: 0 0 0

#Transform 18
Transform: AffineTransform_float_3_3
Parameters: 1 -0.000535831 3.24669e-05 0.000535856 1 -0.000391983 -3.20468e-05 0.000392017 1 -0.0136824 -0.00404015 -0.085751
FixedParameters: 0 0 0

#Transform 19
Transform: AffineTransform_float_3_3
Parameters: 1 -0.000260035 -5.89694e-06 0.000260033 1 -0.000167002 5.9838e-06 0.000166998 1 -0.0141523 -0.0156465 -0.0315581
FixedParameters: 0 0 0

#Transform 20
Transform: AffineTransform_float_3_3
Parameters: 1 -0.000386362 0.000429153 0.000385615 1 -0.000281834 -0.000429085 0.000282166 1 -0.0320766 0.0068753 -0.00990012
FixedParameters: 0 0 0

#Transform 21
Transform: AffineTransform_float_3_3
Parameters: 1 0.000397875 -0.000364714 -0.000398081 1 -0.000281855 0.000364489 0.000282145 1 0.0151693 0.0355074 -0.011887
FixedParameters: 0 0 0

#Transform 22
Transform: AffineTransform_float_3_3
Parameters: 1 0.000398056 -0.000364517 -0.0003979 1 0.000213145 0.000364686 -0.000212855 1 0.00652267 -0.0084358 -0.0305701
FixedParameters: 0 0 0

#Transform 23
Transform: AffineTransform_float_3_3
Parameters: 1 -0.000292702 -0.00021816 0.000292635 1 -0.000153086 0.000218249 0.000153914 1 -0.0052866 -0.00803099 -0.013591
FixedParameters: 0 0 0

#Transform 24
Transform: AffineTransform_float_3_3
Parameters: 1 -3.42753e-05 -0.000429918 3.39469e-05 1 -0.000382015 0.000429944 0.000381985 1 0.00605471 0.0493886 0.0199962
FixedParameters: 0 0 0

#Transform 25
Transform: AffineTransform_float_3_3
Parameters: 1 0.000154168 5.69414e-05 -0.000154347 0.999998 0.00157999 -5.64539e-05 -0.00158001 0.999999 -0.0353513 -0.0662915 0.0469289
FixedParameters: 0 0 0

#Transform 26
Transform: AffineTransform_float_3_3
Parameters: 0.999999 0.000537106 -0.000615597 -0.000537031 1 6.03529e-05 0.000615662 -6.0647e-05 0.999999 -0.000302236 -0.00431691 0.0354887
FixedParameters: 0 0 0

#Transform 27
Transform: AffineTransform_float_3_3
Parameters: 1 0.00048207 -0.000251736 -0.000482039 1 6.01437e-05 0.000251794 -6.08563e-05 1 -0.0150302 -0.0381047 0.0232352
FixedParameters: 0 0 0

#Transform 28
Transform: AffineTransform_float_3_3
Parameters: 0.999999 0.000925581 -0.000209236 -0.000925701 0.999999 -0.000286806 0.000208704 0.000287193 1 -0.00805457 -0.0085429 0.0521067
FixedParameters: 0 0 0

#Transform 29
Transform: AffineTransform_float_3_3
Parameters: 1 0.000873142 -0.000530383 -0.000873076 0.999999 6.14854e-05 0.00053049 -6.15145e-05 1 0.00546527 0.0182717 0.0352657
FixedParameters: 0 0 0

#Transform 30
Transform: AffineTransform_float_3_3
Parameters: 0.999999 0.000707024 -6.64949e-05 -0.000706767 1 0.000807195 6.6647e-05 -0.000806805 0.999999 -0.0188555 -0.0371335 0.0494842
FixedParameters: 0 0 0

#Transform 31
Transform: AffineTransform_float_3_3
Parameters: 0.999999 0.000798215 -0.000255416 -0.000798129 0.999999 0.000167204 0.000255683 -0.000166796 1 -0.00847179 0.0160132 0.0379446
FixedParameters: 0 0 0

#Transform 32
Transform: AffineTransform_float_3_3
Parameters: 1 0.000660867 -0.000845701 -0.000660844 1 1.35812e-05 0.000845718 -1.34187e-05 0.999999 0.0154492 0.00621944 0.0263909
FixedParameters: 0 0 0

#Transform 33
Transform: AffineTransform_float_3_3
Parameters: 1 0.000557745 -0.000163324 -0.000557663 1 0.000250113 0.000163603 -0.000250886 1 -0.0174621 -0.00870646 0.0497398
FixedParameters: 0 0 0

#Transform 34
Transform: AffineTransform_float_3_3
Parameters: 0.999999 0.000591614 -0.00038795 -0.000591664 1 -6.37705e-05 0.000387874 6.42295e-05 1 -0.00665236 0.0146409 0.0622931
FixedParameters: 0 0 0

#Transform 35
Transform: AffineTransform_float_3_3
Parameters: 0.999999 0.000970042 -0.000100888 -0.000969992 0.999999 0.000243098 0.00010136 -0.000242902 1 -0.00129553 -0.0520521 0.0289475
FixedParameters: 0 0 0

#Transform 36
Transform: AffineTransform_float_3_3
Parameters: 1 0.000637744 -0.000151561 -0.000637992 0.999999 -0.000324903 0.000152136 0.000325097 1 -0.0151188 -0.0231176 0.0409771
FixedParameters: 0 0 0

#Transform 37
Transform: AffineTransform_float_3_3
Parameters: 0.999999 0.000704043 -0.000591682 -0.000704594 0.999999 -0.000466561 0.000591025 0.000466438 0.999999 -0.00151058 -0.00244794 0.0073734
FixedParameters: 0 0 0

#Transform 38
Transform: AffineTransform_float_3_3
Parameters: 1 0.00102939 -9.15943e-05 -0.00102929 1 0.000544265 9.27153e-05 -0.000544735 1 -0.00527107 -0.0196818 0.0723695
FixedParameters: 0 0 0

#Transform 39
Transform: AffineTransform_float_3_3
Parameters: 0.999999 0.000823517 -0.000274539 -0.000824048 0.999999 0.000562226 0.000274327 -0.000561774 1 -0.00584974 0.0164039 0.0486143
FixedParameters: 0 0 0

#Transform 40
Transform: AffineTransform_float_3_3
Parameters: 1 0.00109451 -0.000231281 -0.00109361 0.999998 0.00161842 0.000233834 -0.00161857 0.999998 0.0281627 -0.0991816 0.0173576
FixedParameters: 0 0 0

#Transform 41
Transform: AffineTransform_float_3_3
Parameters: 0.999999 0.000630995 -0.000709048 -0.000630219 0.999999 0.00113945 0.000709346 -0.00113855 0.999999 0.0756323 -0.104089 0.0142114
FixedParameters: 0 0 0

#Transform 42
Transform: AffineTransform_float_3_3
Parameters: 1 0.000964468 -0.000361957 -0.000964559 0.999999 0.00103237 0.000362811 -0.00103263 1 0.000397727 -0.0728831 0.0199376
FixedParameters: 0 0 0

#Transform 43
Transform: AffineTransform_float_3_3
Parameters: 1 0.00107851 -0.000162081 -0.0010782 1 0.000489323 0.000162147 -0.000488678 1 -0.017755 -0.074703 0.0224892
FixedParameters: 0 0 0

#Transform 44
Transform: AffineTransform_float_3_3
Parameters: 1 0.00117287 -0.000290165 -0.00117332 0.999999 0.000679511 0.000290621 -0.000679489 0.999999 -0.0139714 -0.0530887 -0.0135119
FixedParameters: 0 0 0

#Transform 45
Transform: AffineTransform_float_3_3
Parameters: 0.999999 0.00132835 -0.00038782 -0.00132761 0.999999 0.000762685 0.000388857 -0.000762314 0.999999 -0.00637597 -0.0767268 -0.00050736
FixedParameters: 0 0 0

#Transform 46
Transform: AffineTransform_float_3_3
Parameters: 0.999999 0.000863501 -0.000206359 -0.000863565 0.999999 -0.000155799 0.00020609 0.0001552 1 -0.0212699 -0.0532506 -0.0382807
FixedParameters: 0 0 0

#Transform 47
Transform: AffineTransform_float_3_3
Parameters: 0.999999 0.00130133 -7.03665e-05 -0.00130123 0.999999 0.000692262 7.21688e-05 -0.000692736 0.999999 -0.034571 -0.0728729 -0.00537227
FixedParameters: 0 0 0

#Transform 48
Transform: AffineTransform_float_3_3
Parameters: 0.999999 0.00126116 -0.000144856 -0.00126171 0.999999 0.00100821 0.000146262 -0.00100879 1 -0.0263002 -0.0535402 0.0406833
FixedParameters: 0 0 0

#Transform 49
Transform: AffineTransform_float_3_3
Parameters: 0.999999 0.00138569 -0.000126272 -0.00138536 0.999999 0.000735345 0.000127322 -0.000735654 0.999999 -0.029239 -0.0573788 0.0174604
FixedParameters: 0 0 0

#Transform 50
Transform: AffineTransform_float_3_3
Parameters: 0.999999 0.00126644 -2.67614e-05 -0.00126624 0.999998 0.000972182 2.82344e-05 -0.000971816 0.999999 -0.0212595 -0.0550691 0.0689976
FixedParameters: 0 0 0

#Transform 51
Transform: AffineTransform_float_3_3
Parameters: 0.999999 0.00161631 -0.000824161 -0.00161337 0.999992 0.00371553 0.000830617 -0.00371447 0.999992 -0.0112929 -0.245789 0.516539
FixedParameters: 0 0 0

#Transform 52
Transform: AffineTransform_float_3_3
Parameters: 1 0.00114803 0.000311187 -0.0011482 0.999996 0.00259379 -0.000308047 -0.00259421 0.999996 0.00538127 -0.0716789 0.148697
FixedParameters: 0 0 0

#Transform 53
Transform: AffineTransform_float_3_3
Parameters: 0.999999 0.00128408 -0.000163822 -0.00128339 0.999994 0.00325936 0.000168085 -0.00325864 0.999994 -0.00751111 -0.100662 0.0722277
FixedParameters: 0 0 0

#Transform 54
Transform: AffineTransform_float_3_3
Parameters: 0.999999 0.00127968 0.000211737 -0.00128039 0.999995 0.00312488 -0.000207692 -0.00312512 0.999995 -0.0446478 -0.109928 -0.0259285
FixedParameters: 0 0 0

#Transform 55
Transform: AffineTransform_float_3_3
Parameters: 0.999999 0.00126355 0.000427172 -0.00126471 0.999994 0.00340861 -0.000423347 -0.00340939 0.999994 -0.0471862 -0.191949 -0.00525634
FixedParameters: 0 0 0

#Transform 56
Transform: AffineTransform_float_3_3
Parameters: 0.999999 0.00127219 9.88054e-06 -0.00127178 0.999997 0.00205214 -7.6266e-06 -0.00205186 0.999998 -0.0219392 -0.117246 0.0227425
FixedParameters: 0 0 0

#Transform 57
Transform: AffineTransform_float_3_3
Parameters: 1 0.00113974 -1.01946e-05 -0.00113924 0.999997 0.00225301 1.23629e-05 -0.00225299 0.999998 -0.033069 -0.149646 -0.0237968
FixedParameters: 0 0 0

#Transform 58
Transform: AffineTransform_float_3_3
Parameters: 0.999999 0.000730509 -7.32499e-05 -0.000730916 0.999998 0.00192105 7.39303e-05 -0.00192095 0.999998 -0.0377351 -0.134113 0.0219096
FixedParameters: 0 0 0

#Transform 59
Transform: AffineTransform_float_3_3
Parameters: 0.999999 0.00137813 -0.000695955 -0.00137803 0.999999 0.000670982 0.000696665 -0.000670019 1 -0.0120928 -0.0818868 0.0122355
FixedParameters: 0 0 0

#Transform 60
Transform: AffineTransform_float_3_3
Parameters: 0.999998 0.00164405 -9.32515e-05 -0.00164325 0.999997 0.0018743 9.64456e-05 -0.0018737 0.999999 -0.0531714 -0.119448 0.032099
FixedParameters: 0 0 0

#Transform 61
Transform: AffineTransform_float_3_3
Parameters: 0.999999 0.00137839 -0.00054133 -0.00137765 0.999998 0.00131992 0.000542839 -0.00131908 0.999999 -0.0330663 -0.0895686 -0.0118663
FixedParameters: 0 0 0

#Transform 62
Transform: AffineTransform_float_3_3
Parameters: 0.999999 0.00130985 -9.06088e-05 -0.00130903 0.999997 0.00202529 9.29471e-05 -0.00202571 0.999998 -0.0304412 -0.148135 -0.00505784
FixedParameters: 0 0 0

#Transform 63
Transform: AffineTransform_float_3_3
Parameters: 0.999999 0.00129395 1.23458e-05 -0.00129368 0.999999 0.00138116 -1.07486e-05 -0.00138185 0.999999 -0.0324779 -0.0915277 0.00496159
FixedParameters: 0 0 0

#Transform 64
Transform: AffineTransform_float_3_3
Parameters: 0.999999 0.00129395 1.22669e-05 -0.00129368 0.999999 0.00132016 -1.08275e-05 -0.00132085 0.999999 -0.0445892 -0.100085 -0.01544
FixedParameters: 0 0 0

#Transform 65
Transform: AffineTransform_float_3_3
Parameters: 0.999999 0.00129394 1.30213e-05 -0.00129354 0.999998 0.00190313 -1.10636e-05 -0.00190287 0.999998 -0.0275559 -0.137936 0.0138835
FixedParameters: 0 0 0

#Transform 66
Transform: AffineTransform_float_3_3
Parameters: 0.999999 0.00123062 -4.98569e-05 -0.00123116 0.999998 0.00143321 5.12577e-05 -0.00143279 0.999999 -0.0258867 -0.106129 -0.00334134
FixedParameters: 0 0 0

#Transform 67
Transform: AffineTransform_float_3_3
Parameters: 0.999999 0.00148642 -6.28266e-05 -0.00148697 0.999999 0.00114227 6.40967e-05 -0.00114274 1 -0.0202754 -0.0797426 0.00499448
FixedParameters: 0 0 0

#Transform 68
Transform: AffineTransform_float_3_3
Parameters: 0.999999 0.00146714 6.38259e-05 -0.00146798 0.999998 0.00121906 -6.2375e-05 -0.00121895 1 -0.040167 -0.101508 0.0605749
FixedParameters: 0 0 0

#Transform 69
Transform: AffineTransform_float_3_3
Parameters: 0.999999 0.00147933 -1.75582e-05 -0.00147932 0.999999 0.000334174 1.85464e-05 -0.000333825 1 -0.0295908 -0.0556587 0.07657
FixedParameters: 0 0 0

#Transform 70
Transform: AffineTransform_float_3_3
Parameters: 0.999998 0.00154042 -0.000416447 -0.00154 0.999998 0.00133381 0.000418428 -0.00133319 0.999999 -0.00712132 -0.0359517 0.115438
FixedParameters: 0 0 0

#Transform 71
Transform: AffineTransform_float_3_3
Parameters: 0.999999 0.0017909 -0.000292134 -0.00179028 0.999996 0.0019807 0.00029611 -0.0019803 0.999998 -0.0184568 -0.0921523 0.0332944
FixedParameters: 0 0 0

#Transform 72
Transform: AffineTransform_float_3_3
Parameters: 0.999999 0.00145991 -0.000237362 -0.00145989 0.999999 4.05167e-05 0.000237481 -4.04832e-05 1 -0.0157981 -0.0347356 0.0664791
FixedParameters: 0 0 0

#Transform 73
Transform: AffineTransform_float_3_3
Parameters: 0.999999 0.00147873 -0.000459215 -0.00147961 0.999998 -0.000800322 0.000457834 0.000801678 1 -0.0205322 0.0422901 0.028755
FixedParameters: 0 0 0

#Transform 74
Transform: AffineTransform_float_3_3
Parameters: 0.999999 0.001516 -0.000865988 -0.00151671 0.999998 -0.00137867 0.000864081 0.00138034 0.999999 -0.00928976 0.0922091 -0.00458777
FixedParameters: 0 0 0

#Transform 75
Transform: AffineTransform_float_3_3
Parameters: 0.999999 0.00151704 -0.000864168 -0.00151636 0.999999 -0.000178645 0.000863775 0.000179355 1 -0.00395395 0.0508492 0.120939
FixedParameters: 0 0 0

#Transform 76
Transform: AffineTransform_float_3_3
Parameters: 0.999997 0.00199097 -0.000791906 -0.00199066 0.999998 0.000192769 0.00079267 -0.00019123 1 0.0022075 0.0296748 0.125369
FixedParameters: 0 0 0

#Transform 77
Transform: AffineTransform_float_3_3
Parameters: 0.999998 0.0018674 -0.000248932 -0.00186706 0.999998 0.000386783 0.000249387 -0.000386217 1 -0.0246844 0.00644848 0.113552
FixedParameters: 0 0 0

#Transform 78
Transform: AffineTransform_float_3_3
Parameters: 0.999998 0.00195314 -0.00048788 -0.00195282 0.999998 0.000333271 0.000489179 -0.000331727 1 -0.0190934 -0.0192129 0.0519541
FixedParameters: 0 0 0

#Transform 79
Transform: AffineTransform_float_3_3
Parameters: 0.999999 0.00183875 -0.000253164 -0.00183837 0.999999 0.000448784 0.000253825 -0.000448216 1 -0.0399468 -0.0435469 0.0738366
FixedParameters: 0 0 0

#Transform 80
Transform: AffineTransform_float_3_3
Parameters: 0.999998 0.00186531 -0.000429682 -0.00186502 0.999999 0.00016512 0.000429307 -0.000163882 1 -0.0334079 -0.0269811 0.0108863
FixedParameters: 0 0 0

#Transform 81
Transform: AffineTransform_float_3_3
Parameters: 0.999998 0.00163818 -0.000282814 -0.00163834 0.999999 0.000929635 0.000283733 -0.000929367 1 -0.0446892 -0.0869636 0.0640288
FixedParameters: 0 0 0

#Transform 82
Transform: AffineTransform_float_3_3
Parameters: 0.999998 0.00166465 -0.00028003 -0.00166456 0.999998 0.000162636 0.000280571 -0.000162363 1 -0.0442356 -0.0291653 0.0379268
FixedParameters: 0 0 0

#Transform 83
Transform: AffineTransform_float_3_3
Parameters: 0.999998 0.00166064 -0.000194007 -0.00166066 0.999998 -5.15077e-05 0.000193836 5.14921e-05 1 -0.0290864 -0.0226716 0.0445622
FixedParameters: 0 0 0

#Transform 84
Transform: AffineTransform_float_3_3
Parameters: 0.999999 0.00179847 -0.000200059 -0.00179901 0.999998 0.000759679 0.000201653 -0.00075932 0.999999 -0.0429226 -0.0714555 0.100211
FixedParameters: 0 0 0

#Transform 85
Transform: AffineTransform_float_3_3
Parameters: 0.999998 0.00163445 -0.000448684 -0.00163444 0.999998 1.09035e-05 0.000448719 -1.00964e-05 1 -0.0342781 -0.0237887 -0.00661219
FixedParameters: 0 0 0

#Transform 86
Transform: AffineTransform_float_3_3
Parameters: 0.999998 0.00160443 -0.000433747 -0.00160355 0.999998 0.000837719 0.000435445 -0.00083728 1 -0.034905 -0.0942264 0.0445907
FixedParameters: 0 0 0

#Transform 87
Transform: AffineTransform_float_3_3
Parameters: 0.999999 0.00154938 2.7392e-05 -0.00154924 0.999998 0.000300106 -2.74511e-05 -0.000299895 1 -0.0510695 -0.0466364 0.0456239
FixedParameters: 0 0 0

#Transform 88
Transform: AffineTransform_float_3_3
Parameters: 0.999999 0.00137429 -3.82911e-05 -0.0013741 0.999999 0.000510201 3.8704e-05 -0.000509799 1 -0.0512808 -0.0709046 0.0198414
FixedParameters: 0 0 0

#Transform 89
Transform: AffineTransform_float_3_3
Parameters: 0.999999 0.00147918 0.00013035 -0.00147931 0.999999 0.000509955 -0.000128841 -0.000510043 1 -0.0548282 -0.0662566 0.0224132
FixedParameters: 0 0 0

#Transform 90
Transform: AffineTransform_float_3_3
Parameters: 0.999998 0.00174143 -0.000125894 -0.0017414 0.999998 0.000109367 0.000126274 -0.000108632 1 -0.0360536 -0.0346664 0.0117366
FixedParameters: 0 0 0

#Transform 91
Transform: AffineTransform_float_3_3
Parameters: 0.999998 0.00173068 -2.05284e-05 -0.0017305 0.999999 0.000571332 2.1516e-05 -0.000570668 1 -0.0523049 -0.0703983 0.0436961
FixedParameters: 0 0 0

#Transform 92
Transform: AffineTransform_float_3_3
Parameters: 0.999999 0.00175974 -0.000218113 -0.00176025 0.999998 0.000742681 0.000219586 -0.000741319 0.999999 -0.0426688 -0.0966025 0.0499324
FixedParameters: 0 0 0

#Transform 93
Transform: AffineTransform_float_3_3
Parameters: 0.999999 0.00177189 -0.000512153 -0.00177282 0.999998 -0.000765924 0.000510425 0.000767076 1 -0.0187202 -0.00465211 3.6507e-05
FixedParameters: 0 0 0

#Transform 94
Transform: AffineTransform_float_3_3
Parameters: 0.999999 0.00180861 0.000185367 -0.00180859 0.999999 -5.10397e-05 -0.000185552 5.09601e-05 1 -0.050442 -0.0463727 0.0558859
FixedParameters: 0 0 0

#Transform 95
Transform: AffineTransform_float_3_3
Parameters: 0.999999 0.00173606 -0.000123372 -0.00173698 0.999998 0.000284385 0.000124211 -0.000284614 1 -0.0480572 -0.0456147 0.054621
FixedParameters: 0 0 0

#Transform 96
Transform: AffineTransform_float_3_3
Parameters: 0.999999 0.00179184 -0.000164579 -0.00179176 0.999999 0.000229613 0.000165401 -0.000229386 1 -0.039747 -0.0250883 0.0589471
FixedParameters: 0 0 0

#Transform 97
Transform: AffineTransform_float_3_3
Parameters: 0.999999 0.00180352 -0.000133747 -0.0018032 0.999998 0.00064656 0.00013509 -0.000646439 0.999999 -0.045938 -0.0471478 0.0781611
FixedParameters: 0 0 0

#Transform 98
Transform: AffineTransform_float_3_3
Parameters: 0.999999 0.0017987 -0.000407078 -0.00179779 0.999998 0.000932926 0.000409445 -0.000933073 1 -0.0313945 -0.0606335 0.121357
FixedParameters: 0 0 0

#Transform 99
Transform: AffineTransform_float_3_3
Parameters: 0.999999 0.00144802 -0.000136954 -0.00144766 0.999998 0.000789346 0.00013825 -0.000788652 0.999999 -0.0667658 -0.0306477 0.134698
FixedParameters: 0 0 0

#Transform 100
Transform: AffineTransform_float_3_3
Parameters: 0.999999 0.00150957 -0.000176519 -0.00150923 0.999998 0.000540415 0.000177161 -0.000539585 1 -0.067467 -0.0191596 0.071119
FixedParameters: 0 0 0

#Transform 101
Transform: AffineTransform_float_3_3
Parameters: 0.999999 0.0014698 -0.000141057 -0.00146965 0.999999 0.000559356 0.0001427 -0.000558643 1 -0.0660881 -0.0368787 0.101791
FixedParameters: 0 0 0

#Transform 102
Transform: AffineTransform_float_3_3
Parameters: 0.999999 0.00184096 -0.000214354 -0.0018416 0.999998 0.000470714 0.000214949 -0.000470287 1 -0.0552693 -0.0280819 0.0943944
FixedParameters: 0 0 0

#Transform 103
Transform: AffineTransform_float_3_3
Parameters: 0.999999 0.00184067 -4.4202e-05 -0.00184125 0.999997 0.00117223 4.63902e-05 -0.00117177 1 -0.0536051 -0.0558088 0.131367
FixedParameters: 0 0 0

#Transform 104
Transform: AffineTransform_float_3_3
Parameters: 0.999998 0.00160901 -0.000150313 -0.0016085 0.999998 0.00117239 0.000153095 -0.00117161 1 -0.0628677 -0.0508105 0.141804
FixedParameters: 0 0 0

#Transform 105
Transform: AffineTransform_float_3_3
Parameters: 0.999998 0.00194534 -0.000171973 -0.00194431 0.999997 0.00165651 0.00017545 -0.00165649 0.999999 -0.0707181 -0.0744069 0.189446
FixedParameters: 0 0 0

#Transform 106
Transform: AffineTransform_float_3_3
Parameters: 0.999998 0.00204521 4.15943e-05 -0.00204475 0.999997 0.00166638 -3.87335e-05 -0.00166662 0.999998 -0.0561572 -0.0523438 0.148408
FixedParameters: 0 0 0

#Transform 107
Transform: AffineTransform_float_3_3
Parameters: 0.999998 0.00208614 -0.000308944 -0.00208533 0.999997 0.000824816 0.000310406 -0.000824184 1 -0.0438942 -0.0374167 0.128736
FixedParameters: 0 0 0

#Transform 108
Transform: AffineTransform_float_3_3
Parameters: 0.999998 0.00208059 0.000100596 -0.00208052 0.999997 0.00117209 -9.76967e-05 -0.00117191 1 -0.0647873 -0.0993562 0.144407
FixedParameters: 0 0 0

#Transform 109
Transform: AffineTransform_float_3_3
Parameters: 0.999998 0.00198587 -0.000240852 -0.00198606 0.999997 0.00102665 0.000242802 -0.00102635 1 -0.0512152 -0.045207 0.116494
FixedParameters: 0 0 0

#Transform 110
Transform: AffineTransform_float_3_3
Parameters: 0.999998 0.00197629 -4.50514e-05 -0.0019759 0.999997 0.00103226 4.71546e-05 -0.00103274 1 -0.0603315 -0.0807648 0.14652
FixedParameters: 0 0 0

#Transform 111
Transform: AffineTransform_float_3_3
Parameters: 0.999998 0.00210206 -0.000240879 -0.00210237 0.999997 0.000774678 0.000242009 -0.000774323 1 -0.0489607 -0.0607717 0.119862
FixedParameters: 0 0 0

#Transform 112
Transform: AffineTransform_float_3_3
Parameters: 0.999998 0.00201143 -0.000210012 -0.00201092 0.999997 0.000843741 0.000212416 -0.000843256 0.999999 -0.0465135 -0.0490254 0.0848612
FixedParameters: 0 0 0

#Transform 113
Transform: AffineTransform_float_3_3
Parameters: 0.999998 0.0020617 -0.000172839 -0.00206174 0.999997 0.00143668 0.000175647 -0.00143632 0.999999 -0.0528605 -0.0814179 0.0824134
FixedParameters: 0 0 0

#Transform 114
Transform: AffineTransform_float_3_3
Parameters: 0.999997 0.00215723 -6.34194e-05 -0.0021576 0.999997 0.00131846 6.59927e-05 -0.00131854 0.999999 -0.05588 -0.0626996 0.0684934
FixedParameters: 0 0 0

#Transform 115
Transform: AffineTransform_float_3_3
Parameters: 0.999998 0.0022799 -0.000204685 -0.00227993 0.999996 0.00125179 0.000207276 -0.00125121 0.999999 -0.0470859 -0.0922533 0.0394059
FixedParameters: 0 0 0

#Transform 116
Transform: AffineTransform_float_3_3
Parameters: 0.999997 0.00237274 -3.04479e-05 -0.00237305 0.999997 0.00135954 3.27953e-05 -0.00135946 0.999999 -0.0531006 -0.0883139 0.049472
FixedParameters: 0 0 0

#Transform 117
Transform: AffineTransform_float_3_3
Parameters: 0.999998 0.00193077 -9.95218e-05 -0.00193151 0.999998 0.000505511 0.000100336 -0.000505489 1 -0.0588529 -0.0538024 0.0442318
FixedParameters: 0 0 0

#Transform 118
Transform: AffineTransform_float_3_3
Parameters: 0.999998 0.00193082 -9.85973e-05 -0.00193131 0.999997 0.000984363 0.000100273 -0.000984638 1 -0.0770346 -0.0791988 0.0605488
FixedParameters: 0 0 0

#Transform 119
Transform: AffineTransform_float_3_3
Parameters: 0.999998 0.00193086 -9.78323e-05 -0.00193112 0.999997 0.00138051 0.000100048 -0.00138049 0.999999 -0.0737432 -0.0758365 0.0814393
FixedParameters: 0 0 0

#Transform 120
Transform: AffineTransform_float_3_3
Parameters: 0.999998 0.00197409 -0.00038363 -0.0019743 0.999998 0.000826929 0.000385755 -0.00082607 1 -0.0450981 -0.0270943 0.0416352
FixedParameters: 0 0 0

#Transform 121
Transform: AffineTransform_float_3_3
Parameters: 0.999997 0.00213453 -6.58482e-05 -0.00213368 0.999996 0.00180546 6.95995e-05 -0.00180554 0.999999 -0.0563795 -0.103152 0.0657415
FixedParameters: 0 0 0

#Transform 122
Transform: AffineTransform_float_3_3
Parameters: 0.999998 0.00195966 -0.000288712 -0.00195987 0.999998 0.000830885 0.00028984 -0.000830115 0.999999 -0.0497289 -0.0400691 0.0834271
FixedParameters: 0 0 0

#Transform 123
Transform: AffineTransform_float_3_3
Parameters: 0.999998 0.0020564 -7.877e-05 -0.00205574 0.999997 0.00133346 8.12852e-05 -0.00133254 0.999999 -0.0573604 -0.0793114 0.123603
FixedParameters: 0 0 0

#Transform 124
Transform: AffineTransform_float_3_3
Parameters: 0.999998 0.00204896 0.000142182 -0.00204882 0.999998 0.00111203 -0.000140589 -0.00111297 1 -0.0528281 -0.0432348 0.0661858
FixedParameters: 0 0 0

#Transform 125
Transform: AffineTransform_float_3_3
Parameters: 0.999998 0.0019367 0.000314588 -0.00193723 0.999997 0.00179769 -0.000311578 -0.00179831 0.999999 -0.0763528 -0.0814356 0.0294257
FixedParameters: 0 0 0

#Transform 126
Transform: AffineTransform_float_3_3
Parameters: 0.999998 0.00198314 -0.00013823 -0.00198386 0.999998 0.000440593 0.00013884 -0.000440407 1 -0.057867 -0.0157323 0.0361036
FixedParameters: 0 0 0

#Transform 127
Transform: AffineTransform_float_3_3
Parameters: 0.999998 0.00199655 -0.000223305 -0.00199661 0.999997 0.00140777 0.000226798 -0.00140723 0.999999 -0.052579 -0.0857634 0.0321524
FixedParameters: 0 0 0

#Transform 128
Transform: AffineTransform_float_3_3
Parameters: 0.999998 0.00192892 -0.000645229 -0.00193077 0.999996 -0.00239542 0.000641224 0.00239658 0.999997 -0.0707653 -0.0148719 -0.656855
FixedParameters: 0 0 0

#Transform 129
Transform: AffineTransform_float_3_3
Parameters: 0.999999 0.00178045 0.000304711 -0.00178049 0.999999 6.57532e-05 -0.000304476 -6.62466e-05 1 -0.086902 -0.160995 -0.316426
FixedParameters: 0 0 0

#Transform 130
Transform: AffineTransform_float_3_3
Parameters: 0.999998 0.00204113 0.000333092 -0.00204137 0.999997 0.000585617 -0.000331688 -0.000586382 1 -0.0747034 -0.110752 -0.207149
FixedParameters: 0 0 0

#Transform 131
Transform: AffineTransform_float_3_3
Parameters: 0.999998 0.00208992 2.57036e-05 -0.00208967 0.999998 0.000958267 -2.3675e-05 -0.000958734 1 -0.0597997 -0.102127 -0.153226
FixedParameters: 0 0 0

#Transform 132
Transform: AffineTransform_float_3_3
Parameters: 0.999997 0.00240638 -9.67354e-06 -0.00240656 0.999995 0.0023955 1.61097e-05 -0.0023955 0.999997 -0.0597872 -0.140734 -0.200403
FixedParameters: 0 0 0

#Transform 133
Transform: AffineTransform_float_3_3
Parameters: 0.999997 0.00236723 6.75566e-05 -0.00236765 0.999994 0.00251431 -6.17328e-05 -0.00251469 0.999997 -0.078407 -0.179436 -0.177573
FixedParameters: 0 0 0

#Transform 134
Transform: AffineTransform_float_3_3
Parameters: 0.999997 0.00245454 -0.00050114 -0.00245325 0.999995 0.00236173 0.000506496 -0.00236028 0.999997 -0.0671696 -0.146181 -0.134219
FixedParameters: 0 0 0

#Transform 135
Transform: AffineTransform_float_3_3
Parameters: 0.999997 0.00233861 -0.000629759 -0.0023386 0.999996 0.00122184 0.000632207 -0.00122116 0.999999 -0.0617672 -0.0581842 -0.135994
FixedParameters: 0 0 0

#Transform 136
Transform: AffineTransform_float_3_3
Parameters: 0.999997 0.0020425 -0.000650229 -0.00204066 0.999995 0.00246553 0.00065604 -0.00246447 0.999997 -0.0737984 -0.135577 -0.0662734
FixedParameters: 0 0 0

#Transform 137
Transform: AffineTransform_float_3_3
Parameters: 0.999998 0.00192918 -0.000587791 -0.0019285 0.999996 0.00187633 0.000591763 -0.00187567 0.999998 -0.0787987 -0.103326 0.0210261
FixedParameters: 0 0 0

#Transform 138
Transform: AffineTransform_float_3_3
Parameters: 0.999998 0.00196927 -0.000523442 -0.00196782 0.999997 0.00109522 0.000525775 -0.00109477 0.999999 -0.0809245 -0.0507096 -0.0436588
FixedParameters: 0 0 0

#Transform 139
Transform: AffineTransform_float_3_3
Parameters: 0.999998 0.00186339 -0.000382149 -0.00186323 0.999997 0.00200603 0.000385369 -0.00200497 0.999998 -0.089364 -0.10562 -0.0189681
FixedParameters: 0 0 0

#Transform 140
Transform: AffineTransform_float_3_3
Parameters: 0.999998 0.00196004 -0.000368449 -0.00195953 0.999997 0.00142204 0.000370905 -0.00142096 0.999999 -0.074608 -0.0561121 -0.0270756
FixedParameters: 0 0 0

#Transform 141
Transform: AffineTransform_float_3_3
Parameters: 0.999998 0.00187518 -0.000380671 -0.00187433 0.999996 0.00182491 0.000384398 -0.00182509 0.999998 -0.0859659 -0.122007 -0.0354622
FixedParameters: 0 0 0

#Transform 142
Transform: AffineTransform_float_3_3
Parameters: 0.999999 0.00170144 -0.000410283 -0.00170146 0.999998 -1.71094e-05 0.000410225 1.68905e-05 1 -0.0791776 -0.00187139 -0.105988
FixedParameters: 0 0 0

#Transform 143
Transform: AffineTransform_float_3_3
Parameters: 0.999998 0.00197303 0.000215601 -0.0019742 0.999998 0.0011199 -0.000213306 -0.00112111 1 -0.113487 -0.087043 -0.0649655
FixedParameters: 0 0 0

#Transform 144
Transform: AffineTransform_float_3_3
Parameters: 0.999997 0.00212275 -0.000171446 -0.00212241 0.999997 0.000550683 0.000172794 -0.000550316 1 -0.0775746 -0.0517767 -0.123418
FixedParameters: 0 0 0

#Transform 145
Transform: AffineTransform_float_3_3
Parameters: 0.999998 0.00195244 -6.84218e-05 -0.00195204 0.999998 0.00076443 6.94273e-05 -0.00076357 0.999999 -0.0910565 -0.0837245 -0.12846
FixedParameters: 0 0 0

#Transform 146
Transform: AffineTransform_float_3_3
Parameters: 0.999998 0.00206176 -3.54025e-05 -0.00206254 0.999997 0.000872392 3.78627e-05 -0.000872605 0.999999 -0.0886186 -0.0886535 -0.138221
FixedParameters: 0 0 0

#Transform 147
Transform: AffineTransform_float_3_3
Parameters: 0.999998 0.00166273 -0.000218657 -0.00166323 0.999999 0.00076466 0.00022006 -0.00076334 0.999999 -0.0847426 -0.120086 -0.100848
FixedParameters: 0 0 0

#Transform 148
Transform: AffineTransform_float_3_3
Parameters: 0.999999 0.00186005 -6.69812e-05 -0.00186 0.999998 0.000385443 6.84152e-05 -0.000385555 1 -0.0874968 -0.0719867 -0.11851
FixedParameters: 0 0 0

#Transform 149
Transform: AffineTransform_float_3_3
Parameters: 0.999998 0.00189563 -0.00052596 -0.0018954 0.999998 0.000872191 0.000527138 -0.00087181 1 -0.0661816 -0.0965609 -0.0952539
FixedParameters: 0 0 0

#Transform 150
Transform: AffineTransform_float_3_3
Parameters: 0.999998 0.0020479 -3.88551e-05 -0.00204788 0.999998 0.000214398 3.97336e-05 -0.000214601 1 -0.0850247 -0.0806146 -0.147701
FixedParameters: 0 0 0

#Transform 151
Transform: AffineTransform_float_3_3
Parameters: 0.999998 0.00200707 0.000104222 -0.00200703 0.999998 0.000502087 -0.000103195 -0.000501912 1 -0.0841051 -0.10053 -0.141065
FixedParameters: 0 0 0
