#Insight Transform File V1.0
#Transform 0
Transform: AffineTransform_float_3_3
Parameters: 1 0.00109336 0.000251874 -0.00109335 1 -0.000477057 -0.000251942 0.000476944 1 0.0218877 -0.0142161 -0.051523
FixedParameters: 0 0 0

#Transform 1
Transform: AffineTransform_float_3_3
Parameters: 1 0.00118102 0.000245588 -0.00118109 0.999999 -0.000313071 -0.000245353 0.00031293 1 0.0288911 -0.0331007 -0.0846393
FixedParameters: 0 0 0

#Transform 2
Transform: AffineTransform_float_3_3
Parameters: 1 0.001009 0.000221645 -0.001009 1 -1.10045e-05 -0.000221668 1.09955e-05 1 0.014079 -0.0383618 -0.11669
FixedParameters: 0 0 0

#Transform 3
Transform: AffineTransform_float_3_3
Parameters: 1 0.00117202 -4.74983e-05 -0.0011717 0.999999 0.000948107 4.8747e-05 -0.000948893 1 0.0253952 -0.0455882 -0.085759
FixedParameters: 0 0 0

#Transform 4
Transform: AffineTransform_float_3_3
Parameters: 0.999999 0.00152024 0.000204043 -0.00152028 0.999998 0.00120091 -0.00020234 -0.00120109 1 0.0250714 -0.0522745 -0.0967678
FixedParameters: 0 0 0

#Transform 5
Transform: AffineTransform_float_3_3
Parameters: 0.999999 0.00150898 0.00025244 -0.00150926 0.999999 0.000997058 -0.000250405 -0.00099694 0.999999 0.0233854 -0.0485503 -0.0825793
FixedParameters: 0 0 0

#Transform 6
Transform: AffineTransform_float_3_3
Parameters: 0.999999 0.00149648 0.000306392 -0.00149679 0.999998 0.00124676 -0.000304608 -0.00124724 0.999999 0.0215319 -0.0650183 -0.0899203
FixedParameters: 0 0 0

#Transform 7
Transform: AffineTransform_float_3_3
Parameters: 0.999998 0.00158311 0.000225239 -0.00158332 0.999997 0.00147086 -0.00022253 -0.00147113 0.999999 0.0257589 -0.0837988 -0.0798342
FixedParameters: 0 0 0

#Transform 8
Transform: AffineTransform_float_3_3
Parameters: 1 0.00116116 3.84805e-05 -0.00116118 1 0.000254175 -3.78906e-05 -0.000253825 1 0.0335253 -0.0276462 -0.0674761
FixedParameters: 0 0 0

#Transform 9
Transform: AffineTransform_float_3_3
Parameters: 0.999999 1.15477e-05 -0.000721875 -1.18228e-05 1 -0.000190042 0.00072187 0.000190958 1 0.0587251 -0.0628986 -0.0690061
FixedParameters: 0 0 0

#Transform 10
Transform: AffineTransform_float_3_3
Parameters: 0.999999 0.00125012 -3.263e-05 -0.00124942 0.999999 -0.00083369 3.17459e-05 0.00083331 0.999999 0.0242256 -0.0355971 -0.0986436
FixedParameters: 0 0 0

#Transform 11
Transform: AffineTransform_float_3_3
Parameters: 0.999999 0.00139401 -9.26677e-05 -0.00139374 0.999998 -0.00140265 9.09302e-05 0.00140335 0.999999 0.0223385 0.0282101 -0.0763812
FixedParameters: 0 0 0

#Transform 12
Transform: AffineTransform_float_3_3
Parameters: 0.999999 0.000711903 -5.63946e-05 -0.000711918 1 -0.000135909 5.62017e-05 0.000135091 1 0.0163019 -0.0358234 -0.0857619
FixedParameters: 0 0 0

#Transform 13
Transform: AffineTransform_float_3_3
Parameters: 0.999999 0.000915327 -0.000170682 -0.00091626 0.999998 -0.00141879 0.000170033 0.00141821 0.999999 0.0239401 -0.0177949 -0.0741705
FixedParameters: 0 0 0

#Transform 14
Transform: AffineTransform_float_3_3
Parameters: 1 0.00109106 -4.16761e-05 -0.00109039 0.999999 -0.000988956 4.0718e-05 0.000989045 1 0.0238456 -0.0464892 -0.101927
FixedParameters: 0 0 0

#Transform 15
Transform: AffineTransform_float_3_3
Parameters: 1 0.000872727 0.000502736 -0.000871641 0.999999 -0.00152622 -0.000503449 0.00152578 0.999998 0.0032334 -0.0226909 -0.112889
FixedParameters: 0 0 0

#Transform 16
Transform: AffineTransform_float_3_3
Parameters: 0.999999 0.00131955 -1.71405e-05 -0.00131956 0.999999 -0.000416759 1.604e-05 0.000417241 1 0.0277504 0.0180855 -0.082545
FixedParameters: 0 0 0

#Transform 17
Transform: AffineTransform_float_3_3
Parameters: 1 -8.97287e-05 -0.00034178 8.9045e-05 0.999999 -0.00100025 0.000341959 0.00099975 1 0.0622879 -0.0424084 -0.0885832
FixedParameters: 0 0 0

#Transform 18
Transform: AffineTransform_float_3_3
Parameters: 1 -0.000102412 -0.000300501 0.000102528 0.999999 -0.00142603 0.000301018 0.00142597 0.999999 0.0608608 0.00844924 -0.0904441
FixedParameters: 0 0 0

#Transform 19
Transform: AffineTransform_float_3_3
Parameters: 1 0.000498665 0.000254319 -0.000498539 0.999999 -0.000690126 -0.000254032 0.000689873 0.999999 0.0212609 0.0399328 -0.0917432
FixedParameters: 0 0 0

#Transform 20
Transform: AffineTransform_float_3_3
Parameters: 0.999999 -0.000738567 -0.000476707 0.000737769 0.999999 0.000420648 0.000476835 -0.000421352 1 0.0140801 -0.00205755 0.00580377
FixedParameters: 0 0 0

#Transform 21
Transform: AffineTransform_float_3_3
Parameters: 1 0.000369993 0.000224771 -0.000369752 1 -0.000535083 -0.000225167 0.000534917 1 -0.0301834 -0.0278419 -0.0638453
FixedParameters: 0 0 0

#Transform 22
Transform: AffineTransform_float_3_3
Parameters: 1 0.000184694 0.00102315 -0.000185606 0.999999 0.000921591 -0.00102258 -0.000922408 0.999999 -0.0219605 -0.0622491 -0.0192029
FixedParameters: 0 0 0

#Transform 23
Transform: AffineTransform_float_3_3
Parameters: 0.999999 0.000772081 0.00105271 -0.000773106 0.999999 0.00105619 -0.00105182 -0.00105781 0.999999 0.00604305 0.0148142 -0.0514273
FixedParameters: 0 0 0

#Transform 24
Transform: AffineTransform_float_3_3
Parameters: 0.999999 -0.00051038 0.000624251 0.000510824 1 -0.000174681 -0.000625047 0.000175319 1 0.0166694 -0.0570184 -0.0511711
FixedParameters: 0 0 0

#Transform 25
Transform: AffineTransform_float_3_3
Parameters: 0.999999 0.000817589 0.00162952 -0.000818108 1 -0.000140384 -0.00162997 0.000138617 0.999999 -0.00789081 0.0462155 -0.0457628
FixedParameters: 0 0 0

#Transform 26
Transform: AffineTransform_float_3_3
Parameters: 0.999998 0.00143561 0.00153814 -0.00143465 0.999999 -0.00070309 -0.00153941 0.00070091 0.999999 -0.0264917 0.0166187 -0.0734851
FixedParameters: 0 0 0

#Transform 27
Transform: AffineTransform_float_3_3
Parameters: 0.999998 0.00122713 0.00109376 -0.00122655 0.999998 -0.000914393 -0.00109428 0.000912608 0.999999 -0.0102963 0.015305 -0.0784316
FixedParameters: 0 0 0

#Transform 28
Transform: AffineTransform_float_3_3
Parameters: 0.999999 0.000534395 0.000672279 -0.000533261 0.999999 -0.00173436 -0.000673381 0.00173364 0.999999 0.0267764 0.0852642 -0.0730452
FixedParameters: 0 0 0

#Transform 29
Transform: AffineTransform_float_3_3
Parameters: 1 0.000593375 0.000917434 -0.000593263 1 -0.000714596 -0.000917533 0.000714406 1 0.00348726 0.0735861 -0.059563
FixedParameters: 0 0 0

#Transform 30
Transform: AffineTransform_float_3_3
Parameters: 0.999999 0.000178209 0.000730338 -0.000177382 0.999999 -0.00138713 -0.000730082 0.00138687 0.999999 0.0178898 0.040061 -0.0764144
FixedParameters: 0 0 0

#Transform 31
Transform: AffineTransform_float_3_3
Parameters: 0.999998 0.000780132 0.00146669 -0.000775018 0.999992 -0.00403824 -0.00147042 0.00403776 0.999991 0.00839894 0.139987 -0.0329753
FixedParameters: 0 0 0

#Transform 32
Transform: AffineTransform_float_3_3
Parameters: 0.999999 0.000928117 0.000809041 -0.000927047 0.999997 -0.00228075 -0.000810798 0.00227925 0.999997 0.0188068 0.0538804 -0.0625119
FixedParameters: 0 0 0

#Transform 33
Transform: AffineTransform_float_3_3
Parameters: 1 0.00048802 0.000464127 -0.00048696 0.999997 -0.00267423 -0.00046501 0.00267378 0.999997 0.0227753 0.0957336 -0.0417368
FixedParameters: 0 0 0

#Transform 34
Transform: AffineTransform_float_3_3
Parameters: 0.999999 -0.000458932 0.000882802 0.000464203 0.999984 -0.00562659 -0.000879707 0.00562741 0.999984 0.0334538 0.170057 -0.106188
FixedParameters: 0 0 0

#Transform 35
Transform: AffineTransform_float_3_3
Parameters: 0.999994 -0.00219209 0.00294447 0.00222612 0.999932 -0.0114631 -0.00291892 0.0114698 0.99993 0.00491391 0.376651 0.0641648
FixedParameters: 0 0 0

#Transform 36
Transform: AffineTransform_float_3_3
Parameters: 0.999997 -0.00202059 0.0012647 0.00203207 0.999954 -0.0093493 -0.001246 0.00935169 0.999955 -0.00356068 0.292161 0.113222
FixedParameters: 0 0 0

#Transform 37
Transform: AffineTransform_float_3_3
Parameters: 0.999997 -0.0016021 0.00145778 0.0016156 0.999953 -0.00951579 -0.0014417 0.00951821 0.999954 -0.0435352 0.228939 0.113755
FixedParameters: 0 0 0

#Transform 38
Transform: AffineTransform_float_3_3
Parameters: 0.999978 -0.0055123 0.00370402 0.00564171 0.999331 -0.036113 -0.00350261 0.036133 0.999341 0.0912524 0.214719 0.0188603
FixedParameters: 0 0 0

#Transform 39
Transform: AffineTransform_float_3_3
Parameters: 0.999851 -0.0171728 0.00199958 0.0172699 0.997468 -0.0689827 -0.000809489 0.0690073 0.997616 0.359 1.01845 -0.201233
FixedParameters: 0 0 0

#Transform 40
Transform: AffineTransform_float_3_3
Parameters: 0.99986 -0.0157712 -0.00562016 0.0153774 0.997812 -0.0642971 0.00662148 0.0642018 0.997915 0.350831 1.4613 -0.20447
FixedParameters: 0 0 0

#Transform 41
Transform: AffineTransform_float_3_3
Parameters: 0.999985 -0.00557983 0.000275933 0.00558643 0.999312 -0.0366566 -7.10875e-05 0.0366584 0.999328 0.145979 1.02587 -0.404623
FixedParameters: 0 0 0

#Transform 42
Transform: AffineTransform_float_3_3
Parameters: 0.999986 -0.00526355 1.29304e-05 0.00526168 0.999486 -0.0316132 0.000153193 0.0316128 0.9995 0.0890974 0.681421 -0.0421072
FixedParameters: 0 0 0

#Transform 43
Transform: AffineTransform_float_3_3
Parameters: 0.999983 -0.00573142 0.00126078 0.00576607 0.999547 -0.0295482 -0.0010901 0.0295548 0.999563 0.0549344 0.692667 -0.0577899
FixedParameters: 0 0 0

#Transform 44
Transform: AffineTransform_float_3_3
Parameters: 0.999981 -0.00592971 0.00195347 0.00598355 0.999561 -0.0290168 -0.00178034 0.0290282 0.999577 0.0416917 0.637314 -0.07252
FixedParameters: 0 0 0

#Transform 45
Transform: AffineTransform_float_3_3
Parameters: 0.999983 -0.00568571 0.00173761 0.00573072 0.999614 -0.0271808 -0.00158235 0.0271902 0.999629 0.0222288 0.574581 -0.138258
FixedParameters: 0 0 0

#Transform 46
Transform: AffineTransform_float_3_3
Parameters: 0.999989 -0.00395138 0.00243128 0.00400985 0.9997 -0.024178 -0.00233498 0.0241871 0.999705 -0.056956 0.436311 -0.283935
FixedParameters: 0 0 0

#Transform 47
Transform: AffineTransform_float_3_3
Parameters: 0.999985 -0.004836 0.00257207 0.00489789 0.99969 -0.0244143 -0.00245306 0.0244266 0.999698 -0.0304478 0.51284 -0.320528
FixedParameters: 0 0 0

#Transform 48
Transform: AffineTransform_float_3_3
Parameters: 0.99999 -0.00410884 0.00213549 0.00416137 0.999672 -0.0252804 -0.00203091 0.0252886 0.999678 0.0137599 0.528733 -0.318615
FixedParameters: 0 0 0

#Transform 49
Transform: AffineTransform_float_3_3
Parameters: 0.999992 -0.00373555 0.00177779 0.00377867 0.999682 -0.0249177 -0.00168359 0.0249244 0.999688 0.0353641 0.527952 -0.303644
FixedParameters: 0 0 0

#Transform 50
Transform: AffineTransform_float_3_3
Parameters: 0.999992 -0.00370551 0.0014503 0.00374173 0.999674 -0.0252607 -0.00135635 0.0252653 0.99968 0.0552796 0.516768 -0.262766
FixedParameters: 0 0 0

#Transform 51
Transform: AffineTransform_float_3_3
Parameters: 0.999994 -0.00339396 0.0013778 0.00342493 0.999726 -0.0231535 -0.00129888 0.0231585 0.999731 0.020737 0.460903 -0.259704
FixedParameters: 0 0 0

#Transform 52
Transform: AffineTransform_float_3_3
Parameters: 0.999992 -0.00345127 0.0016586 0.00348798 0.999728 -0.0230178 -0.00157941 0.0230232 0.999734 0.00432688 0.472327 -0.241873
FixedParameters: 0 0 0

#Transform 53
Transform: AffineTransform_float_3_3
Parameters: 0.999992 -0.00375567 0.00183659 0.00379754 0.999728 -0.0229954 -0.0017492 0.0230026 0.999734 0.0127102 0.450019 -0.260921
FixedParameters: 0 0 0

#Transform 54
Transform: AffineTransform_float_3_3
Parameters: 0.999989 -0.00422182 0.0021371 0.00426814 0.999747 -0.0220961 -0.00204321 0.0221049 0.999754 0.00762343 0.429264 -0.266516
FixedParameters: 0 0 0

#Transform 55
Transform: AffineTransform_float_3_3
Parameters: 0.99999 -0.00361315 0.00257115 0.00365913 0.999828 -0.0181745 -0.00250505 0.0181845 0.999832 0.0164371 0.307645 -0.223137
FixedParameters: 0 0 0

#Transform 56
Transform: AffineTransform_float_3_3
Parameters: 0.999989 -0.00409616 0.00196462 0.00413976 0.999732 -0.0228079 -0.00187101 0.0228161 0.999738 0.019856 0.437524 -0.22929
FixedParameters: 0 0 0

#Transform 57
Transform: AffineTransform_float_3_3
Parameters: 0.99999 -0.00411018 0.00165894 0.00414367 0.999781 -0.020504 -0.00157421 0.020511 0.999788 0.0179961 0.368205 -0.176891
FixedParameters: 0 0 0

#Transform 58
Transform: AffineTransform_float_3_3
Parameters: 0.999991 -0.00380746 0.00181872 0.00384403 0.999774 -0.0209093 -0.00173927 0.0209166 0.99978 0.0116699 0.440096 -0.151709
FixedParameters: 0 0 0

#Transform 59
Transform: AffineTransform_float_3_3
Parameters: 0.99999 -0.00398924 0.0016791 0.00402042 0.999809 -0.0190853 -0.00160325 0.0190917 0.999816 0.0374407 0.368047 -0.190055
FixedParameters: 0 0 0

#Transform 60
Transform: AffineTransform_float_3_3
Parameters: 0.999992 -0.00376821 0.00145133 0.00379656 0.99979 -0.0201266 -0.00137542 0.0201314 0.999796 0.0499468 0.46561 -0.186675
FixedParameters: 0 0 0

#Transform 61
Transform: AffineTransform_float_3_3
Parameters: 0.999993 -0.00307053 0.00233806 0.00311857 0.99978 -0.0207627 -0.0022739 0.0207703 0.999782 0.0341753 0.433161 -0.154448
FixedParameters: 0 0 0

#Transform 62
Transform: AffineTransform_float_3_3
Parameters: 0.999994 -0.00285319 0.00204668 0.0028847 0.999877 -0.0154031 -0.00200235 0.0154089 0.999879 0.0379259 0.336878 -0.150542
FixedParameters: 0 0 0

#Transform 63
Transform: AffineTransform_float_3_3
Parameters: 0.999991 -0.00294201 0.00285811 0.00298388 0.999883 -0.0149601 -0.00281425 0.0149689 0.999884 0.0052928 0.273095 -0.212578
FixedParameters: 0 0 0

#Transform 64
Transform: AffineTransform_float_3_3
Parameters: 0.999995 -0.00293207 -9.17095e-05 0.00293044 0.999948 -0.00979533 0.000120502 0.00979466 0.999952 0.140753 0.16718 -0.155749
FixedParameters: 0 0 0

#Transform 65
Transform: AffineTransform_float_3_3
Parameters: 0.999993 -0.00268762 0.00250879 0.00271975 0.999911 -0.0130476 -0.00247352 0.0130544 0.999912 -0.0299506 0.447639 -0.0428544
FixedParameters: 0 0 0

#Transform 66
Transform: AffineTransform_float_3_3
Parameters: 0.999996 -0.00201214 0.00160225 0.00203256 0.999915 -0.0129066 -0.00157635 0.0129104 0.999915 -0.00485958 0.308892 -0.00541611
FixedParameters: 0 0 0

#Transform 67
Transform: AffineTransform_float_3_3
Parameters: 0.999997 -0.00223261 0.0011685 0.00224501 0.999933 -0.0113313 -0.00114249 0.0113337 0.999936 0.0249572 0.274504 0.0236287
FixedParameters: 0 0 0

#Transform 68
Transform: AffineTransform_float_3_3
Parameters: 0.999997 -0.00182922 0.00125822 0.00184162 0.999946 -0.0102476 -0.00123903 0.0102504 0.999947 0.0304455 0.245937 -0.000481804
FixedParameters: 0 0 0

#Transform 69
Transform: AffineTransform_float_3_3
Parameters: 0.999997 -0.00179585 0.00154044 0.00181389 0.999927 -0.0119681 -0.00151897 0.0119709 0.999927 0.0225185 0.293703 -0.129065
FixedParameters: 0 0 0

#Transform 70
Transform: AffineTransform_float_3_3
Parameters: 0.999998 -0.00109842 0.00167124 0.00111106 0.999969 -0.00783632 -0.00166217 0.00783867 0.999968 0.0200195 0.343976 0.105624
FixedParameters: 0 0 0

#Transform 71
Transform: AffineTransform_float_3_3
Parameters: 0.999997 -0.000424797 0.00233247 0.000419611 0.999997 0.00220428 -0.00233418 -0.00220272 0.999995 0.012006 -0.0365096 0.537067
FixedParameters: 0 0 0

#Transform 72
Transform: AffineTransform_float_3_3
Parameters: 0.999999 -0.00111267 0.00143046 0.00111903 0.999991 -0.00403479 -0.00142572 0.00403621 0.999991 0.00299831 0.06616 0.234507
FixedParameters: 0 0 0

#Transform 73
Transform: AffineTransform_float_3_3
Parameters: 0.999993 -0.00339735 0.00147171 0.00341227 0.99994 -0.0104393 -0.00143598 0.0104447 0.999945 0.00650941 0.284139 0.217584
FixedParameters: 0 0 0

#Transform 74
Transform: AffineTransform_float_3_3
Parameters: 0.999991 -0.00389309 0.00206707 0.00391112 0.999952 -0.00892832 -0.00203244 0.00893667 0.999958 0.00856639 0.261235 0.203385
FixedParameters: 0 0 0

#Transform 75
Transform: AffineTransform_float_3_3
Parameters: 0.999996 -0.00255221 0.00131706 0.0025663 0.999935 -0.0110962 -0.00128933 0.0110998 0.999937 -0.00760487 0.299859 0.141374
FixedParameters: 0 0 0

#Transform 76
Transform: AffineTransform_float_3_3
Parameters: 0.999996 -0.00213735 0.00145205 0.00215512 0.999923 -0.0122379 -0.00142612 0.0122401 0.999924 -0.0126963 0.335058 0.145569
FixedParameters: 0 0 0

#Transform 77
Transform: AffineTransform_float_3_3
Parameters: 0.999997 -0.00212666 0.00172334 0.002146 0.999938 -0.0109434 -0.00170026 0.0109466 0.999938 -0.0158872 0.275383 0.147673
FixedParameters: 0 0 0

#Transform 78
Transform: AffineTransform_float_3_3
Parameters: 0.999997 -0.00221616 0.00107529 0.00222846 0.999925 -0.0120683 -0.00104832 0.0120707 0.999927 0.00155078 0.292087 0.133079
FixedParameters: 0 0 0

#Transform 79
Transform: AffineTransform_float_3_3
Parameters: 0.999995 -0.00258108 0.00150963 0.0026004 0.999918 -0.0125897 -0.00147631 0.0125943 0.999919 -0.0188916 0.277263 0.121388
FixedParameters: 0 0 0

#Transform 80
Transform: AffineTransform_float_3_3
Parameters: 0.999996 -0.0026441 0.00121962 0.00265771 0.999933 -0.0113104 -0.00118948 0.0113136 0.999936 0.0027213 0.349151 0.114803
FixedParameters: 0 0 0

#Transform 81
Transform: AffineTransform_float_3_3
Parameters: 0.999997 -0.00231618 0.00131486 0.00233205 0.999922 -0.0122648 -0.00128618 0.0122682 0.999924 -0.013766 0.3059 0.123165
FixedParameters: 0 0 0

#Transform 82
Transform: AffineTransform_float_3_3
Parameters: 0.999995 -0.00275456 0.000984112 0.00276892 0.999893 -0.0143607 -0.000944805 0.0143633 0.999896 -0.00692983 0.327723 0.142215
FixedParameters: 0 0 0

#Transform 83
Transform: AffineTransform_float_3_3
Parameters: 0.999996 -0.00266442 0.000945025 0.00267804 0.999895 -0.0142689 -0.000906636 0.0142711 0.999898 -0.039286 0.333677 0.0861689
FixedParameters: 0 0 0

#Transform 84
Transform: AffineTransform_float_3_3
Parameters: 0.999996 -0.00272014 0.00100775 0.00273282 0.999906 -0.0134817 -0.000971331 0.0134843 0.999908 -0.0463677 0.29373 0.0565557
FixedParameters: 0 0 0

#Transform 85
Transform: AffineTransform_float_3_3
Parameters: 0.999997 -0.0024481 0.000988007 0.00246041 0.999918 -0.0126033 -0.000957692 0.0126058 0.999921 -0.0452032 0.276176 0.0742661
FixedParameters: 0 0 0

#Transform 86
Transform: AffineTransform_float_3_3
Parameters: 0.999996 -0.0023541 0.00101092 0.00236851 0.999903 -0.0137563 -0.000978704 0.0137587 0.999905 -0.0404808 0.31221 0.0891555
FixedParameters: 0 0 0

#Transform 87
Transform: AffineTransform_float_3_3
Parameters: 0.999997 -0.00225297 0.00103372 0.00226772 0.999897 -0.0142043 -0.0010015 0.0142067 0.999899 -0.0427126 0.315004 0.0633004
FixedParameters: 0 0 0

#Transform 88
Transform: AffineTransform_float_3_3
Parameters: 0.999995 -0.00262244 0.00142282 0.00264358 0.999881 -0.0152289 -0.00138248 0.0152331 0.999883 -0.0590403 0.323186 0.0757944
FixedParameters: 0 0 0

#Transform 89
Transform: AffineTransform_float_3_3
Parameters: 0.999995 -0.00277842 0.00115032 0.00279635 0.999878 -0.0153714 -0.00110749 0.0153746 0.999882 -0.0406929 0.315964 0.0962187
FixedParameters: 0 0 0

#Transform 90
Transform: AffineTransform_float_3_3
Parameters: 0.999995 -0.00257347 0.0014137 0.00259435 0.999888 -0.0146862 -0.00137527 0.0146898 0.999891 -0.0493479 0.332703 0.136615
FixedParameters: 0 0 0

#Transform 91
Transform: AffineTransform_float_3_3
Parameters: 0.999996 -0.00247151 0.00153379 0.002493 0.999897 -0.014174 -0.00149917 0.014178 0.999899 -0.0620828 0.309139 0.0964581
FixedParameters: 0 0 0

#Transform 92
Transform: AffineTransform_float_3_3
Parameters: 0.999996 -0.00261197 0.00102367 0.00262647 0.999896 -0.014184 -0.000986456 0.014187 0.999899 -0.0372407 0.347796 0.103485
FixedParameters: 0 0 0

#Transform 93
Transform: AffineTransform_float_3_3
Parameters: 0.999997 -0.00212597 0.00159926 0.0021459 0.99992 -0.0124717 -0.00157206 0.0124753 0.999921 -0.0678019 0.269476 0.0631226
FixedParameters: 0 0 0

#Transform 94
Transform: AffineTransform_float_3_3
Parameters: 0.999989 -0.0040186 0.00262864 0.00407458 0.999754 -0.021783 -0.00254028 0.021794 0.999759 -0.272925 0.200753 -0.249638
FixedParameters: 0 0 0

#Transform 95
Transform: AffineTransform_float_3_3
Parameters: 0.999986 0.00129386 0.00509704 -0.00114446 0.999569 -0.0293576 -0.00513267 0.0293515 0.999556 -0.241812 0.643567 -0.407756
FixedParameters: 0 0 0

#Transform 96
Transform: AffineTransform_float_3_3
Parameters: 0.99999 0.000888261 0.00453798 -0.000783615 0.999737 -0.0229347 -0.00455722 0.0229313 0.999727 -0.147133 0.722229 -0.173086
FixedParameters: 0 0 0

#Transform 97
Transform: AffineTransform_float_3_3
Parameters: 0.999995 -0.00114528 0.0029717 0.00120763 0.999776 -0.0211403 -0.00294774 0.0211437 0.999772 -0.128804 0.550302 0.0137267
FixedParameters: 0 0 0

#Transform 98
Transform: AffineTransform_float_3_3
Parameters: 0.999999 0.000119211 0.00177676 -8.50639e-05 0.999816 -0.0192124 -0.00177934 0.0192116 0.999814 -0.077265 0.560875 -0.012026
FixedParameters: 0 0 0

#Transform 99
Transform: AffineTransform_float_3_3
Parameters: 0.99993 0.00698607 0.00947148 -0.00677517 0.999734 -0.0220342 -0.00962351 0.0219688 0.999712 -0.0765674 0.232964 -0.659043
FixedParameters: 0 0 0

#Transform 100
Transform: AffineTransform_float_3_3
Parameters: 0.999195 0.0190021 0.0353163 -0.0173517 0.998769 -0.0464742 -0.0361564 0.0458239 0.998295 -0.206441 0.474041 -0.758631
FixedParameters: 0 0 0

#Transform 101
Transform: AffineTransform_float_3_3
Parameters: 0.99994 8.48048e-05 0.0110196 0.000329802 0.99929 -0.0376629 -0.011015 0.037664 0.999229 -0.136201 0.569904 -0.939073
FixedParameters: 0 0 0

#Transform 102
Transform: AffineTransform_float_3_3
Parameters: 0.99993 0.00236175 0.0115875 -0.001978 0.999456 -0.0329313 -0.0116595 0.0329057 0.999391 -0.210388 0.612768 -0.855309
FixedParameters: 0 0 0

#Transform 103
Transform: AffineTransform_float_3_3
Parameters: 0.999944 0.000830785 0.0106087 -0.000549573 0.999649 -0.0264874 -0.0106271 0.0264796 0.999593 -0.131135 0.46723 -0.818914
FixedParameters: 0 0 0

#Transform 104
Transform: AffineTransform_float_3_3
Parameters: 0.999936 0.0010841 0.0112008 -0.000832974 0.999751 -0.0223158 -0.0112221 0.0223052 0.999688 -0.105787 0.0432188 -1.35111
FixedParameters: 0 0 0

#Transform 105
Transform: AffineTransform_float_3_3
Parameters: 0.999932 0.00202838 0.0114911 -0.00176934 0.999746 -0.0224658 -0.0115343 0.0224432 0.999681 -0.164923 0.100702 -0.746951
FixedParameters: 0 0 0

#Transform 106
Transform: AffineTransform_float_3_3
Parameters: 0.999948 0.00131726 0.010095 -0.00107275 0.999707 -0.0241505 -0.0101238 0.0241385 0.999657 -0.123344 0.246182 -0.775089
FixedParameters: 0 0 0

#Transform 107
Transform: AffineTransform_float_3_3
Parameters: 0.99995 0.000790933 0.00998914 -0.000557996 0.999727 -0.0233314 -0.0100047 0.0233246 0.999678 -0.112068 0.290096 -0.760882
FixedParameters: 0 0 0

#Transform 108
Transform: AffineTransform_float_3_3
Parameters: 0.999956 -0.0024921 0.00905843 0.00269036 0.999754 -0.021994 -0.00900165 0.022017 0.999717 -0.04894 0.299858 -0.766056
FixedParameters: 0 0 0

#Transform 109
Transform: AffineTransform_float_3_3
Parameters: 0.999953 -0.000415873 0.00967842 0.000649904 0.999707 -0.0241923 -0.00966562 0.0241977 0.99966 -0.103082 0.357093 -0.757778
FixedParameters: 0 0 0

#Transform 110
Transform: AffineTransform_float_3_3
Parameters: 0.999946 -6.81088e-05 0.0104016 0.000317373 0.999712 -0.0240198 -0.0103968 0.0240221 0.999657 -0.131238 0.388386 -0.813249
FixedParameters: 0 0 0

#Transform 111
Transform: AffineTransform_float_3_3
Parameters: 0.999953 -0.000175859 0.00975407 0.00038031 0.999779 -0.0209949 -0.00974766 0.0209981 0.999732 -0.109694 0.278976 -0.449748
FixedParameters: 0 0 0

#Transform 112
Transform: AffineTransform_float_3_3
Parameters: 0.999964 0.000440745 0.00855524 -0.000282208 0.999828 -0.018523 -0.00856212 0.018519 0.999792 -0.116594 0.271739 -0.0923492
FixedParameters: 0 0 0

#Transform 113
Transform: AffineTransform_float_3_3
Parameters: 0.999961 0.000455271 0.00888571 -0.000287654 0.999823 -0.0188218 -0.00889206 0.0188182 0.999783 -0.138438 0.411004 -0.473351
FixedParameters: 0 0 0

#Transform 114
Transform: AffineTransform_float_3_3
Parameters: 0.99997 0.000243235 0.00776951 -0.000112843 0.999858 -0.0168291 -0.00777192 0.0168279 0.999828 -0.122579 0.26883 -0.167029
FixedParameters: 0 0 0

#Transform 115
Transform: AffineTransform_float_3_3
Parameters: 0.999967 -0.00055126 0.00812625 0.000719373 0.999785 -0.0207134 -0.00811313 0.0207186 0.999752 -0.11443 0.34072 -0.702646
FixedParameters: 0 0 0

#Transform 116
Transform: AffineTransform_float_3_3
Parameters: 0.999971 0.000365609 0.00766798 -0.000193523 0.999749 -0.0224176 -0.00767401 0.0224144 0.999719 -0.097299 0.371026 -0.677472
FixedParameters: 0 0 0

#Transform 117
Transform: AffineTransform_float_3_3
Parameters: 0.999958 0.000512057 0.00908172 -0.000367984 0.999874 -0.0158658 -0.00908895 0.0158622 0.999833 -0.120676 0.265391 -0.842668
FixedParameters: 0 0 0

#Transform 118
Transform: AffineTransform_float_3_3
Parameters: 0.999968 0.000424261 0.00798872 -0.000280138 0.999839 -0.0179635 -0.00799539 0.0179605 0.999807 -0.104823 0.123451 -0.649124
FixedParameters: 0 0 0

#Transform 119
Transform: AffineTransform_float_3_3
Parameters: 0.999977 0.000874429 0.00672603 -0.000781369 0.999904 -0.0138173 -0.00673752 0.0138117 0.999882 -0.105081 0.104329 -0.636695
FixedParameters: 0 0 0

#Transform 120
Transform: AffineTransform_float_3_3
Parameters: 0.999973 0.00091254 0.00721195 -0.000806951 0.999892 -0.0146934 -0.00722486 0.0146875 0.999866 -0.0868986 0.121311 -0.453371
FixedParameters: 0 0 0

#Transform 121
Transform: AffineTransform_float_3_3
Parameters: 0.999971 0.000225203 0.00761045 -9.86727e-05 0.99986 -0.0167206 -0.00761258 0.0167194 0.999831 -0.0715768 0.206519 -0.53662
FixedParameters: 0 0 0

#Transform 122
Transform: AffineTransform_float_3_3
Parameters: 0.999941 0.000416899 0.0108727 -0.000228562 0.99985 -0.0172974 -0.010879 0.0172936 0.999791 -0.128173 -0.391645 -0.535021
FixedParameters: 0 0 0

#Transform 123
Transform: AffineTransform_float_3_3
Parameters: 0.999944 -0.000900349 0.0106005 0.00102253 0.999933 -0.0115047 -0.010589 0.0115153 0.999878 -0.144165 -0.197871 -0.348455
FixedParameters: 0 0 0

#Transform 124
Transform: AffineTransform_float_3_3
Parameters: 0.999962 -0.00124737 0.00862822 0.0013821 0.999875 -0.0156992 -0.00860702 0.0157097 0.999839 -0.1062 0.199164 -0.556326
FixedParameters: 0 0 0

#Transform 125
Transform: AffineTransform_float_3_3
Parameters: 0.999967 0.000349685 0.00814507 -0.00027202 0.999955 -0.00952853 -0.00814838 0.00952647 0.999921 -0.10813 0.133134 -0.469053
FixedParameters: 0 0 0

#Transform 126
Transform: AffineTransform_float_3_3
Parameters: 0.999962 0.000227151 0.008634 -0.00012816 0.999934 -0.0115307 -0.00863556 0.0115293 0.999897 -0.125349 0.127323 -0.436633
FixedParameters: 0 0 0

#Transform 127
Transform: AffineTransform_float_3_3
Parameters: 0.999956 0.00072035 0.00928504 -0.000594976 0.999908 -0.0135442 -0.00929402 0.0135378 0.999865 -0.155085 0.190045 -0.572376
FixedParameters: 0 0 0

#Transform 128
Transform: AffineTransform_float_3_3
Parameters: 0.999966 0.000487951 0.00823849 -0.000400352 0.999943 -0.0106827 -0.00824274 0.0106793 0.999909 -0.102587 0.0753509 -0.539533
FixedParameters: 0 0 0

#Transform 129
Transform: AffineTransform_float_3_3
Parameters: 0.999965 7.9269e-05 0.00828974 -7.15949e-06 0.999962 -0.00867991 -0.00829065 0.00867908 0.999928 -0.0784359 0.0248506 -0.428797
FixedParameters: 0 0 0

#Transform 130
Transform: AffineTransform_float_3_3
Parameters: 0.999959 -0.000306699 0.00902759 0.000390936 0.999956 -0.00934394 -0.00902415 0.00934706 0.999916 -0.105845 0.193712 -0.782307
FixedParameters: 0 0 0

#Transform 131
Transform: AffineTransform_float_3_3
Parameters: 0.999969 -6.55518e-05 0.00795808 0.000140945 0.999954 -0.0095542 -0.00795739 0.00955481 0.999923 -0.0512082 0.0587069 -0.660294
FixedParameters: 0 0 0

#Transform 132
Transform: AffineTransform_float_3_3
Parameters: 0.999959 0.0011992 0.00896322 -0.00103691 0.999836 -0.0181082 -0.00898378 0.0180988 0.999796 -0.131827 0.207498 -1.31062
FixedParameters: 0 0 0

#Transform 133
Transform: AffineTransform_float_3_3
Parameters: 0.99995 -0.00226615 0.00980115 0.0026922 0.999046 -0.0435987 -0.00969308 0.0436224 0.999001 -0.185837 0.481418 -1.6457
FixedParameters: 0 0 0

#Transform 134
Transform: AffineTransform_float_3_3
Parameters: 0.999958 -0.00215145 0.00890974 0.00245239 0.999425 -0.0338117 -0.00883129 0.0338323 0.999388 -0.144114 0.4015 -1.24946
FixedParameters: 0 0 0

#Transform 135
Transform: AffineTransform_float_3_3
Parameters: 0.999972 -0.00132682 0.00746233 0.00156433 0.99949 -0.0319175 -0.00741665 0.0319285 0.999462 -0.130266 0.42987 -1.28373
FixedParameters: 0 0 0

#Transform 136
Transform: AffineTransform_float_3_3
Parameters: 0.99997 -0.00140721 0.00755468 0.0016322 0.999549 -0.0299702 -0.00750869 0.0299808 0.999522 -0.133071 0.418554 -1.22509
FixedParameters: 0 0 0

#Transform 137
Transform: AffineTransform_float_3_3
Parameters: 0.999968 -0.00216641 0.00768618 0.00246986 0.999205 -0.0397861 -0.00759457 0.0398039 0.999179 0.223132 0.254032 -1.63404
FixedParameters: 0 0 0

#Transform 138
Transform: AffineTransform_float_3_3
Parameters: 0.999939 -0.000714147 0.0110198 0.000995578 0.999673 -0.0255482 -0.0109979 0.0255578 0.999613 0.00673556 0.526396 -1.48531
FixedParameters: 0 0 0

#Transform 139
Transform: AffineTransform_float_3_3
Parameters: 0.999909 -0.00121552 0.013451 0.00154609 0.999695 -0.0246451 -0.0134164 0.0246639 0.999606 -0.233923 0.330244 -1.63117
FixedParameters: 0 0 0

#Transform 140
Transform: AffineTransform_float_3_3
Parameters: 0.999838 -0.00166212 0.0179176 0.0018699 0.999931 -0.0115859 -0.0178968 0.0116171 0.999773 -0.3948 -0.37404 -3.98341
FixedParameters: 0 0 0

#Transform 141
Transform: AffineTransform_float_3_3
Parameters: 0.999907 -0.000293098 0.0136795 0.000481771 0.999905 -0.0137606 -0.0136732 0.0137664 0.999812 -0.212854 -0.386234 -3.5755
FixedParameters: 0 0 0

#Transform 142
Transform: AffineTransform_float_3_3
Parameters: 0.99987 0.00570512 0.0150479 -0.00527282 0.999577 -0.0286147 -0.0152049 0.0285314 0.999478 -0.0709399 -0.64554 -4.49892
FixedParameters: 0 0 0

#Transform 143
Transform: AffineTransform_float_3_3
Parameters: 0.99982 -0.00209489 0.0188472 0.00231762 0.999928 -0.0117828 -0.0188207 0.0118242 0.999753 -0.209198 -0.324362 -2.87696
FixedParameters: 0 0 0

#Transform 144
Transform: AffineTransform_float_3_3
Parameters: 0.999909 0.00119927 0.0133845 -0.00104553 0.999933 -0.0115257 -0.0133979 0.0115113 0.999844 -0.0385819 -0.276579 -2.63581
FixedParameters: 0 0 0

#Transform 145
Transform: AffineTransform_float_3_3
Parameters: 0.99992 0.00100152 0.0126647 -0.000821355 0.999898 -0.0142356 -0.0126779 0.0142244 0.999819 -0.0527656 -0.099474 -2.53269
FixedParameters: 0 0 0

#Transform 146
Transform: AffineTransform_float_3_3
Parameters: 0.999894 0.000643554 0.0145351 -0.000307941 0.999734 -0.0230938 -0.0145464 0.0230873 0.999628 -0.0964792 -0.0354522 -2.85399
FixedParameters: 0 0 0

#Transform 147
Transform: AffineTransform_float_3_3
Parameters: 0.999876 -0.00337711 0.0153502 0.00373251 0.999723 -0.0232237 -0.0152672 0.0232782 0.999613 -0.0543655 -0.259631 -3.02345
FixedParameters: 0 0 0

#Transform 148
Transform: AffineTransform_float_3_3
Parameters: 0.99993 -0.000160768 0.0118721 0.000398586 0.9998 -0.0200321 -0.0118665 0.0200359 0.999729 -0.0237457 -0.0213675 -2.66359
FixedParameters: 0 0 0

#Transform 149
Transform: AffineTransform_float_3_3
Parameters: 0.999998 0.000556405 0.00150405 -0.00055734 0.999999 0.000384892 -0.0015046 -0.000386107 0.999999 0.229895 -0.443026 -3.57575
FixedParameters: 0 0 0

#Transform 150
Transform: AffineTransform_float_3_3
Parameters: 0.999984 0.00298519 0.00494258 -0.00298892 0.999995 0.000832161 -0.00493959 -0.000846839 0.999988 0.0471909 -0.563909 -3.51532
FixedParameters: 0 0 0

#Transform 151
Transform: AffineTransform_float_3_3
Parameters: 0.999989 0.00186619 0.00435828 -0.00187593 0.999995 0.00241264 -0.00435381 -0.00242037 0.999987 -0.187345 -0.714718 -3.97631
FixedParameters: 0 0 0
