# transform file /out/sourcedata/freesurfer/sub-v2s3x28794_ses-1/mri/transforms/cc_up.lta
# created by oesteban on Fri Mar 13 02:01:54 2026

type      = 0 # LINEAR_VOX_TO_VOX
nxforms   = 1
mean      = 131.0000 125.0000 125.0000
sigma     = 10000.0000
1 4 4
9.844292402267456e-01 -6.973145902156830e-02 1.613588333129883e-01 -1.000918579101562e+01 
6.881318986415863e-02 9.975658655166626e-01 1.127924211323261e-02 1.202437782287598e+01 
-1.617525666952133e-01 0.000000000000000e+00 9.868314266204834e-01 2.842723274230957e+01 
0.000000000000000e+00 0.000000000000000e+00 0.000000000000000e+00 1.000000000000000e+00 
src volume info
valid = 1  # volume info valid
filename = /out/sourcedata/freesurfer/sub-v2s3x28794_ses-1/mri/norm.mgz
volume = 256 256 256
voxelsize = 1.000000000000000e+00 1.000000000000000e+00 1.000000000000000e+00
xras   = -1.000000000000000e+00 0.000000000000000e+00 0.000000000000000e+00
yras   = 0.000000000000000e+00 0.000000000000000e+00 -1.000000000000000e+00
zras   = 0.000000000000000e+00 1.000000000000000e+00 0.000000000000000e+00
cras   = -1.499092102050781e+00 2.302970886230469e+01 3.136102294921875e+01
dst volume info
valid = 1  # volume info valid
filename = /out/sourcedata/freesurfer/sub-v2s3x28794_ses-1/mri/norm.mgz
volume = 256 256 256
voxelsize = 1.000000000000000e+00 1.000000000000000e+00 1.000000000000000e+00
xras   = -1.000000000000000e+00 0.000000000000000e+00 0.000000000000000e+00
yras   = 0.000000000000000e+00 0.000000000000000e+00 -1.000000000000000e+00
zras   = 0.000000000000000e+00 1.000000000000000e+00 0.000000000000000e+00
cras   = -1.499092102050781e+00 2.302970886230469e+01 3.136102294921875e+01
