#Insight Transform File V1.0
#Transform 0
Transform: AffineTransform_float_3_3
Parameters: 0.999999 -9.53305e-05 0.000824507 9.63567e-05 0.999999 -0.00182692 -0.00082439 0.00182708 0.999998 -0.00603514 0.0247421 -0.065577
FixedParameters: 0 0 0

#Transform 1
Transform: AffineTransform_float_3_3
Parameters: 0.999999 -0.000182604 0.000814432 0.000184874 0.999998 -0.00200385 -0.000813812 0.00200415 0.999997 -0.0100174 0.0414828 -0.0468687
FixedParameters: 0 0 0

#Transform 2
Transform: AffineTransform_float_3_3
Parameters: 0.999999 1.67474e-05 0.000837489 -1.50285e-05 0.999998 -0.00161913 -0.000837658 0.00161887 0.999999 -0.00987459 0.0295468 -0.0363684
FixedParameters: 0 0 0

#Transform 3
Transform: AffineTransform_float_3_3
Parameters: 0.999999 -2.66256e-05 0.000871738 2.71728e-05 0.999999 -0.00145298 -0.000871893 0.00145302 0.999998 -0.0118701 0.0268799 -0.0494196
FixedParameters: 0 0 0

#Transform 4
Transform: AffineTransform_float_3_3
Parameters: 0.999999 -0.00029385 0.000773347 0.000295523 0.999998 -0.00172489 -0.000772447 0.00172511 0.999998 -0.0189799 0.0367394 -0.0645163
FixedParameters: 0 0 0

#Transform 5
Transform: AffineTransform_float_3_3
Parameters: 0.999999 -0.000247294 0.000778707 0.000248721 0.999999 -0.00155481 -0.000778052 0.00155519 0.999998 -0.0152334 0.0139271 -0.0483941
FixedParameters: 0 0 0

#Transform 6
Transform: AffineTransform_float_3_3
Parameters: 0.999999 -1.09748e-05 0.000806106 1.2174e-05 0.999999 -0.00143299 -0.000805196 0.00143301 0.999998 -0.00557869 0.0262556 -0.0497517
FixedParameters: 0 0 0

#Transform 7
Transform: AffineTransform_float_3_3
Parameters: 0.999999 -7.65302e-05 0.0007985 7.7835e-05 0.999999 -0.00143894 -0.000798395 0.00143906 0.999998 -0.00993111 0.0267069 -0.0495879
FixedParameters: 0 0 0

#Transform 8
Transform: AffineTransform_float_3_3
Parameters: 0.999999 -6.69151e-05 0.000799626 6.7586e-05 1 -0.00103996 -0.000799603 0.00104104 0.999999 -0.00702348 0.0152233 -0.0411184
FixedParameters: 0 0 0

#Transform 9
Transform: AffineTransform_float_3_3
Parameters: 0.999999 -0.000244715 0.000778927 0.000245342 1 -0.00103981 -0.000778534 0.00104019 0.999999 -0.0209109 0.00764649 -0.0579717
FixedParameters: 0 0 0

#Transform 10
Transform: AffineTransform_float_3_3
Parameters: 1 4.85223e-05 0.00024023 -4.8071e-05 0.999999 -0.000939011 -0.000240321 0.000938988 0.999999 -0.00388424 0.00396537 -0.0292241
FixedParameters: 0 0 0

#Transform 11
Transform: AffineTransform_float_3_3
Parameters: 1 -0.000172909 0.000214477 0.000173452 0.999999 -0.00126596 -0.000214039 0.00126604 0.999999 -0.00669989 0.0187095 -0.016367
FixedParameters: 0 0 0

#Transform 12
Transform: AffineTransform_float_3_3
Parameters: 0.999999 -0.000210222 0.000737553 0.000209744 1 -0.000348845 -0.000737523 0.000349155 0.999999 -0.0187683 -0.0298777 -0.00548655
FixedParameters: 0 0 0

#Transform 13
Transform: AffineTransform_float_3_3
Parameters: 1 -0.000101382 0.000116939 0.000101297 1 0.000362012 -0.000117012 -0.000361988 1 -0.0114439 -0.0186568 -0.0429115
FixedParameters: 0 0 0

#Transform 14
Transform: AffineTransform_float_3_3
Parameters: 1 -0.000137018 0.000163092 0.000136919 1 0.000305022 -0.000163176 -0.000304978 1 -0.0168697 -0.0205958 -0.0317625
FixedParameters: 0 0 0

#Transform 15
Transform: AffineTransform_float_3_3
Parameters: 1 -0.000213277 0.000254796 0.000213106 1 0.000336054 -0.000254939 -0.000335946 1 -0.015953 -0.0428477 -0.00508303
FixedParameters: 0 0 0

#Transform 16
Transform: AffineTransform_float_3_3
Parameters: 1 -0.000182288 0.0003511 0.000182136 1 0.000217064 -0.000351179 -0.000216936 1 -0.00495031 -0.0227987 0.00714296
FixedParameters: 0 0 0

#Transform 17
Transform: AffineTransform_float_3_3
Parameters: 1 0.000455831 0.000113905 -0.000455804 1 -0.000118052 -0.000114013 0.000117948 1 0.0050038 -0.00657261 -0.0430935
FixedParameters: 0 0 0

#Transform 18
Transform: AffineTransform_float_3_3
Parameters: 1 0.000136474 3.83658e-06 -0.000136468 0.999999 -0.000825 -4.06176e-06 0.000824999 0.999999 -0.018586 -0.00177907 -0.00313503
FixedParameters: 0 0 0

#Transform 19
Transform: AffineTransform_float_3_3
Parameters: 1 -0.000166429 -3.17213e-05 0.000166462 1 0.000515995 3.15495e-05 -0.000516005 1 -0.00502108 -0.0307615 -0.00968679
FixedParameters: 0 0 0

#Transform 20
Transform: AffineTransform_float_3_3
Parameters: 1 0.000177828 0.00011457 -0.000177876 1 0.00020998 -0.000114495 -0.00021002 1 -0.00907189 0.0085819 0.00169996
FixedParameters: 0 0 0

#Transform 21
Transform: AffineTransform_float_3_3
Parameters: 1 -8.76357e-06 7.44862e-05 8.73705e-06 1 0.000178001 -7.44894e-05 -0.000177999 1 -0.017483 -0.040216 0.000248735
FixedParameters: 0 0 0

#Transform 22
Transform: AffineTransform_float_3_3
Parameters: 1 -0.000510002 9.00841e-05 0.000509991 1 5.80459e-05 -9.01433e-05 -5.7954e-05 1 -0.0188309 -0.0291462 0.013663
FixedParameters: 0 0 0

#Transform 23
Transform: AffineTransform_float_3_3
Parameters: 1 -0.000549221 0.000424933 0.000549408 1 -0.000219767 -0.000424691 0.000220233 1 -0.0324815 -0.0187043 0.00747171
FixedParameters: 0 0 0

#Transform 24
Transform: AffineTransform_float_3_3
Parameters: 0.999999 1.54077e-05 0.000742874 -1.54597e-05 1 3.49885e-05 -0.000742873 -3.50114e-05 0.999999 -0.0243174 -0.0352435 -0.0361308
FixedParameters: 0 0 0

#Transform 25
Transform: AffineTransform_float_3_3
Parameters: 1 0.000434883 1.79453e-05 -0.00043489 1 0.000194992 -1.77757e-05 -0.000195008 1 -0.0130007 -0.000810545 -0.0409997
FixedParameters: 0 0 0

#Transform 26
Transform: AffineTransform_float_3_3
Parameters: 1 0.000468707 -2.14169e-05 -0.000468703 1 9.701e-05 2.15079e-05 -9.69899e-05 1 -0.0110866 0.000697165 -0.013625
FixedParameters: 0 0 0

#Transform 27
Transform: AffineTransform_float_3_3
Parameters: 1 0.000384563 0.000392837 -0.000384972 0.999999 0.000669835 -0.000393315 -0.000669165 1 -0.0229506 -0.00865734 -0.0170339
FixedParameters: 0 0 0

#Transform 28
Transform: AffineTransform_float_3_3
Parameters: 1 8.21414e-05 -3.06071e-05 -8.21269e-05 1 0.000236003 3.06459e-05 -0.000235997 1 -0.0210738 -0.0281785 -0.0361329
FixedParameters: 0 0 0

#Transform 29
Transform: AffineTransform_float_3_3
Parameters: 1 0.000238778 -3.52541e-05 -0.000238739 1 0.000550008 3.55168e-05 -0.000549991 1 -0.00977815 -0.0234001 -0.0374476
FixedParameters: 0 0 0

#Transform 30
Transform: AffineTransform_float_3_3
Parameters: 0.999999 0.000388025 -0.00069326 -0.000388088 0.999999 0.000670154 0.000693663 -0.000669847 1 0.00917273 -0.00794573 -0.0434317
FixedParameters: 0 0 0

#Transform 31
Transform: AffineTransform_float_3_3
Parameters: 1 0.000131332 -0.0006199 -0.000132107 1 0.000176082 0.00061983 -0.000175919 1 -0.000214346 -0.0388527 0.00184767
FixedParameters: 0 0 0

#Transform 32
Transform: AffineTransform_float_3_3
Parameters: 1 0.00041533 -0.000165284 -0.000415003 1 0.000986184 0.000166103 -0.000985815 0.999999 0.0135128 -0.0264484 0.0431046
FixedParameters: 0 0 0

#Transform 33
Transform: AffineTransform_float_3_3
Parameters: 1 6.21394e-07 0.000388731 -6.80482e-07 1 7.59997e-05 -0.000388731 -7.60002e-05 1 -0.00937098 0.00472615 0.0947406
FixedParameters: 0 0 0

#Transform 34
Transform: AffineTransform_float_3_3
Parameters: 0.999999 -0.000309285 0.000934259 0.000308834 1 0.000179289 -0.000933377 -0.000178711 0.999999 -0.00783824 -0.00420305 0.103772
FixedParameters: 0 0 0

#Transform 35
Transform: AffineTransform_float_3_3
Parameters: 1 -0.000240842 0.000350107 0.000241183 0.999999 0.000930084 -0.000350439 -0.000929915 0.999999 -0.00965163 -0.0622478 0.0474038
FixedParameters: 0 0 0

#Transform 36
Transform: AffineTransform_float_3_3
Parameters: 1 -0.000220498 0.000178308 0.000220166 0.999999 0.000931038 -0.000178718 -0.00093096 0.999999 0.00196321 -0.0602518 0.0570624
FixedParameters: 0 0 0

#Transform 37
Transform: AffineTransform_float_3_3
Parameters: 1 -0.000215193 -3.65653e-05 0.000215262 0.999999 0.000957991 3.61529e-05 -0.000958007 0.999999 -0.00202812 -0.061625 0.0641178
FixedParameters: 0 0 0

#Transform 38
Transform: AffineTransform_float_3_3
Parameters: 1 -0.000245898 6.9529e-05 0.00024563 1 0.00108802 -6.90706e-05 -0.00108798 1 0.00192988 -0.044183 0.0809518
FixedParameters: 0 0 0

#Transform 39
Transform: AffineTransform_float_3_3
Parameters: 0.999999 -0.000561169 0.000555947 0.000561308 0.999999 0.000767312 -0.000556691 -0.000766687 0.999999 -0.0119971 -0.0527713 0.0884687
FixedParameters: 0 0 0

#Transform 40
Transform: AffineTransform_float_3_3
Parameters: 1 -0.000182939 0.000600648 0.000182743 0.999999 0.000989994 -0.000600894 -0.000990006 1 -0.00523496 -0.0271176 0.0903349
FixedParameters: 0 0 0

#Transform 41
Transform: AffineTransform_float_3_3
Parameters: 0.999999 -0.000531001 0.000559001 0.000529783 0.999998 0.0018723 -0.000559877 -0.0018717 0.999998 -0.00733099 -0.0632317 0.0506142
FixedParameters: 0 0 0

#Transform 42
Transform: AffineTransform_float_3_3
Parameters: 1 -6.20977e-05 0.000140634 6.15887e-05 0.999999 0.00180801 -0.000140858 -0.00180799 0.999999 0.0147602 -0.0514134 0.0696907
FixedParameters: 0 0 0

#Transform 43
Transform: AffineTransform_float_3_3
Parameters: 1 -0.000159023 0.000176399 0.000158373 0.999999 0.00184003 -0.000176983 -0.00183997 0.999999 0.00925752 -0.0703932 0.0845149
FixedParameters: 0 0 0

#Transform 44
Transform: AffineTransform_float_3_3
Parameters: 1 -0.000360792 0.000296188 0.000359431 0.999998 0.00229111 -0.000297838 -0.00229089 0.999998 0.00322034 -0.0865535 0.103169
FixedParameters: 0 0 0

#Transform 45
Transform: AffineTransform_float_3_3
Parameters: 1 -0.000122299 0.000197909 0.000122591 0.999999 0.00177103 -0.000198226 -0.00177098 0.999999 0.00595333 -0.0480862 0.0718255
FixedParameters: 0 0 0

#Transform 46
Transform: AffineTransform_float_3_3
Parameters: 1 -9.59213e-05 6.105e-05 9.56769e-05 0.999998 0.00199501 -6.14323e-05 -0.00199499 0.999998 0.00877286 -0.0565954 0.0943168
FixedParameters: 0 0 0

#Transform 47
Transform: AffineTransform_float_3_3
Parameters: 1 6.79213e-05 8.06207e-05 -6.82262e-05 0.999998 0.001894 -8.03629e-05 -0.00189401 0.999998 0.00245078 -0.0195525 0.061927
FixedParameters: 0 0 0

#Transform 48
Transform: AffineTransform_float_3_3
Parameters: 1 4.20758e-05 7.75541e-05 -4.14334e-05 0.999998 0.002266 -7.72482e-05 -0.00226601 0.999998 0.00867484 -0.0325187 0.0357154
FixedParameters: 0 0 0

#Transform 49
Transform: AffineTransform_float_3_3
Parameters: 1 -3.83442e-05 6.79243e-05 3.80464e-05 0.999997 0.00219 -6.80916e-05 -0.00219 0.999997 0.0173479 -0.0368487 0.0369537
FixedParameters: 0 0 0

#Transform 50
Transform: AffineTransform_float_3_3
Parameters: 1 4.70694e-05 7.81312e-05 -4.7365e-05 0.999998 0.001894 -7.79523e-05 -0.001894 0.999998 0.019374 -0.018795 0.0635404
FixedParameters: 0 0 0

#Transform 51
Transform: AffineTransform_float_3_3
Parameters: 1 5.00327e-05 7.84966e-05 -5.03606e-05 0.999998 0.002091 -7.82867e-05 -0.002091 0.999998 0.0180834 -0.0285205 0.0576755
FixedParameters: 0 0 0

#Transform 52
Transform: AffineTransform_float_3_3
Parameters: 1 0.000178104 9.38461e-05 -0.000178527 0.999998 0.00226499 -9.30383e-05 -0.00226502 0.999998 0.00174915 -0.0339618 0.0530279
FixedParameters: 0 0 0

#Transform 53
Transform: AffineTransform_float_3_3
Parameters: 1 0.00012369 0.000339048 -0.000123953 0.999999 0.00185396 -0.000338472 -0.00185404 0.999998 -0.00249598 -0.0208877 0.0685453
FixedParameters: 0 0 0

#Transform 54
Transform: AffineTransform_float_3_3
Parameters: 0.999999 4.97069e-05 0.00076626 -5.10993e-05 0.999998 0.00163185 -0.000766972 -0.00163215 0.999999 -0.0136226 -0.0156577 0.074694
FixedParameters: 0 0 0

#Transform 55
Transform: AffineTransform_float_3_3
Parameters: 0.999999 0.000328435 0.00073309 -0.000330157 0.999998 0.00185376 -0.000731752 -0.00185424 0.999998 -0.00565567 -0.0374184 0.0683982
FixedParameters: 0 0 0

#Transform 56
Transform: AffineTransform_float_3_3
Parameters: 0.999998 -0.0020598 0.000240157 0.00206264 0.999874 -0.0157483 -0.000207946 0.0157487 0.999876 -0.0246707 0.249346 0.111802
FixedParameters: 0 0 0

#Transform 57
Transform: AffineTransform_float_3_3
Parameters: 0.999998 -0.00187042 -0.000430957 0.00187484 0.999945 0.0103664 0.000411759 -0.0103676 0.999946 -0.0505117 -0.127275 -0.130004
FixedParameters: 0 0 0

#Transform 58
Transform: AffineTransform_float_3_3
Parameters: 1 -0.00114867 0.000385537 0.00114596 0.999972 0.00738556 -0.000394071 -0.00738443 0.999972 -0.0386446 -0.0745817 -0.144508
FixedParameters: 0 0 0

#Transform 59
Transform: AffineTransform_float_3_3
Parameters: 1 -0.000971423 0.000539707 0.000966666 0.999973 0.00738564 -0.000547594 -0.00738436 0.999972 -0.0343141 -0.0863188 -0.146931
FixedParameters: 0 0 0

#Transform 60
Transform: AffineTransform_float_3_3
Parameters: 0.999999 -0.000933159 0.000423456 0.000930134 0.99998 0.00635253 -0.000429977 -0.00635247 0.999979 -0.0359397 -0.0677584 -0.0865
FixedParameters: 0 0 0

#Transform 61
Transform: AffineTransform_float_3_3
Parameters: 0.999999 -0.000805669 0.000328031 0.00080342 0.999976 0.00685328 -0.00033275 -0.00685373 0.999977 -0.0140395 -0.085017 -0.0833803
FixedParameters: 0 0 0

#Transform 62
Transform: AffineTransform_float_3_3
Parameters: 0.999998 -0.00123705 0.00109647 0.00122962 0.999974 0.00701137 -0.00110477 -0.00700963 0.999975 -0.0376734 -0.0905532 -0.0615192
FixedParameters: 0 0 0

#Transform 63
Transform: AffineTransform_float_3_3
Parameters: 0.999999 -0.00105414 0.00103202 0.00104783 0.999978 0.0065451 -0.00103889 -0.0065439 0.999978 -0.0334862 -0.0799881 -0.0529
FixedParameters: 0 0 0

#Transform 64
Transform: AffineTransform_float_3_3
Parameters: 0.999999 -0.00105322 0.000856022 0.00104775 0.999979 0.00630291 -0.000863598 -0.00630208 0.999979 -0.030645 -0.0782214 -0.0753306
FixedParameters: 0 0 0

#Transform 65
Transform: AffineTransform_float_3_3
Parameters: 0.999999 -0.000992453 0.00113427 0.000985568 0.999977 0.00669715 -0.0011415 -0.00669685 0.999977 -0.0355483 -0.0795732 -0.0787507
FixedParameters: 0 0 0

#Transform 66
Transform: AffineTransform_float_3_3
Parameters: 0.999999 -0.000769023 0.00102623 0.000762471 0.999979 0.00633669 -0.00103114 -0.00633631 0.99998 -0.0237038 -0.0841091 -0.0809011
FixedParameters: 0 0 0

#Transform 67
Transform: AffineTransform_float_3_3
Parameters: 0.999999 -0.000839558 0.00107971 0.000832532 0.999978 0.00669792 -0.001086 -0.00669708 0.999977 -0.0268123 -0.080141 -0.0570563
FixedParameters: 0 0 0

#Transform 68
Transform: AffineTransform_float_3_3
Parameters: 0.999999 -0.000938361 0.000918332 0.00093137 0.999977 0.00664876 -0.000924104 -0.00664824 0.999978 -0.0256114 -0.0684253 -0.0768798
FixedParameters: 0 0 0

#Transform 69
Transform: AffineTransform_float_3_3
Parameters: 0.999999 -0.000973165 0.000885099 0.000967376 0.99998 0.00628486 -0.000891628 -0.00628314 0.99998 -0.0257769 -0.095746 -0.103785
FixedParameters: 0 0 0

#Transform 70
Transform: AffineTransform_float_3_3
Parameters: 0.999999 -0.000654482 0.00122868 0.000645653 0.999977 0.00667069 -0.00123344 -0.0066703 0.999977 -0.0252891 -0.10244 -0.0838354
FixedParameters: 0 0 0

#Transform 71
Transform: AffineTransform_float_3_3
Parameters: 1 -0.000578225 0.00104573 0.000571075 0.999979 0.0065646 -0.00104948 -0.0065634 0.999978 -0.0248656 -0.085857 -0.0785548
FixedParameters: 0 0 0

#Transform 72
Transform: AffineTransform_float_3_3
Parameters: 0.999999 -0.000528749 0.0012284 0.000521352 0.999982 0.00609665 -0.00123088 -0.00609535 0.99998 -0.032586 -0.0783573 -0.0380931
FixedParameters: 0 0 0

#Transform 73
Transform: AffineTransform_float_3_3
Parameters: 1 -0.000387621 0.00111984 0.000381163 0.99998 0.00632132 -0.00112178 -0.00632069 0.99998 -0.0377154 -0.0813036 -0.0683416
FixedParameters: 0 0 0

#Transform 74
Transform: AffineTransform_float_3_3
Parameters: 1 -0.000713938 0.000786623 0.00070798 0.999974 0.00725257 -0.000792262 -0.00725144 0.999974 -0.050382 -0.103511 -0.0772483
FixedParameters: 0 0 0

#Transform 75
Transform: AffineTransform_float_3_3
Parameters: 0.999999 -0.000327467 0.000844091 0.000321234 0.999978 0.00655416 -0.000846766 -0.00655384 0.999978 -0.0382899 -0.100438 -0.0604634
FixedParameters: 0 0 0

#Transform 76
Transform: AffineTransform_float_3_3
Parameters: 1 -0.000513777 0.00101447 0.000507245 0.999979 0.00646452 -0.00101728 -0.00646348 0.999978 -0.0448561 -0.0882748 -0.0349284
FixedParameters: 0 0 0

#Transform 77
Transform: AffineTransform_float_3_3
Parameters: 1 -0.000233394 0.00107645 0.000226067 0.999979 0.00657525 -0.00107766 -0.00657475 0.999978 -0.0323723 -0.0912671 -0.0429482
FixedParameters: 0 0 0

#Transform 78
Transform: AffineTransform_float_3_3
Parameters: 1 -0.000298738 0.00114794 0.00029039 0.999978 0.00660724 -0.00115002 -0.00660777 0.999978 -0.0399437 -0.0869763 -0.0878363
FixedParameters: 0 0 0

#Transform 79
Transform: AffineTransform_float_3_3
Parameters: 1 -0.000361292 0.00106059 0.000354293 0.999979 0.00646139 -0.00106242 -0.0064616 0.999978 -0.047375 -0.0929111 -0.0878446
FixedParameters: 0 0 0

#Transform 80
Transform: AffineTransform_float_3_3
Parameters: 0.999999 -4.92113e-05 0.00153461 3.9528e-05 0.99998 0.00642796 -0.001535 -0.00642805 0.999978 -0.0526099 -0.0717717 -0.0528417
FixedParameters: 0 0 0

#Transform 81
Transform: AffineTransform_float_3_3
Parameters: 1 -0.000384281 0.00116166 0.000377297 0.999983 0.00594144 -0.00116437 -0.00594056 0.999981 -0.0586436 -0.0740077 -0.0461437
FixedParameters: 0 0 0

#Transform 82
Transform: AffineTransform_float_3_3
Parameters: 0.999999 -0.000529593 0.00113761 0.000522461 0.999982 0.0060786 -0.0011412 -0.0060774 0.999981 -0.0577742 -0.0759636 -0.056465
FixedParameters: 0 0 0

#Transform 83
Transform: AffineTransform_float_3_3
Parameters: 1 -0.000583817 0.00105007 0.000576582 0.999979 0.00657662 -0.00105391 -0.00657638 0.999978 -0.0619814 -0.0871514 -0.0708383
FixedParameters: 0 0 0

#Transform 84
Transform: AffineTransform_float_3_3
Parameters: 0.999999 -0.000756339 0.00102875 0.00075056 0.999979 0.00642879 -0.00103353 -0.00642821 0.999978 -0.0765556 -0.0813689 -0.0829402
FixedParameters: 0 0 0

#Transform 85
Transform: AffineTransform_float_3_3
Parameters: 0.999998 -0.000753744 0.0015198 0.00074364 0.999979 0.00642904 -0.00152429 -0.00642796 0.999978 -0.0737128 -0.100898 -0.0320811
FixedParameters: 0 0 0

#Transform 86
Transform: AffineTransform_float_3_3
Parameters: 0.999999 -0.000812826 0.00121085 0.000804369 0.999975 0.00692788 -0.00121604 -0.00692712 0.999975 -0.0657116 -0.0992263 -0.038312
FixedParameters: 0 0 0

#Transform 87
Transform: AffineTransform_float_3_3
Parameters: 0.999999 -0.000914614 0.00104904 0.000907285 0.999975 0.00692786 -0.00105477 -0.00692714 0.999976 -0.0590031 -0.0938491 -0.0653166
FixedParameters: 0 0 0

#Transform 88
Transform: AffineTransform_float_3_3
Parameters: 0.999998 -0.000943999 0.00165368 0.000934412 0.999982 0.00605046 -0.00165979 -0.00604855 0.999981 -0.0891151 -0.0838564 -0.0454787
FixedParameters: 0 0 0

#Transform 89
Transform: AffineTransform_float_3_3
Parameters: 0.999999 -0.000987316 0.0011973 0.000979348 0.999977 0.0067962 -0.00120465 -0.00679481 0.999976 -0.079546 -0.0861548 -0.0564469
FixedParameters: 0 0 0

#Transform 90
Transform: AffineTransform_float_3_3
Parameters: 0.999999 -0.000913472 0.00119281 0.000906032 0.99998 0.0062371 -0.00119925 -0.0062359 0.99998 -0.0744819 -0.0817301 -0.031633
FixedParameters: 0 0 0

#Transform 91
Transform: AffineTransform_float_3_3
Parameters: 0.999998 -0.000637084 0.00146086 0.000627864 0.999982 0.00608783 -0.00146453 -0.00608718 0.999981 -0.0611741 -0.0762311 -0.0544742
FixedParameters: 0 0 0

#Transform 92
Transform: AffineTransform_float_3_3
Parameters: 0.999999 -0.000869197 0.00148435 0.000859659 0.99998 0.00638919 -0.00149026 -0.00638782 0.999979 -0.0677841 -0.0828238 -0.0592771
FixedParameters: 0 0 0

#Transform 93
Transform: AffineTransform_float_3_3
Parameters: 0.999998 -0.00112358 0.00162238 0.00111302 0.999981 0.00608673 -0.00162887 -0.00608527 0.99998 -0.0897645 -0.0730707 -0.0700416
FixedParameters: 0 0 0

#Transform 94
Transform: AffineTransform_float_3_3
Parameters: 0.999998 -0.000827521 0.00211449 0.000814712 0.999982 0.00599252 -0.00211983 -0.00599048 0.999979 -0.0940619 -0.0826402 -0.0535622
FixedParameters: 0 0 0

#Transform 95
Transform: AffineTransform_float_3_3
Parameters: 0.999997 -0.000858695 0.00207156 0.000846939 0.999984 0.00562355 -0.00207677 -0.00562145 0.999982 -0.0878272 -0.0874228 -0.0419433
FixedParameters: 0 0 0

#Transform 96
Transform: AffineTransform_float_3_3
Parameters: 0.999998 -0.000858913 0.00182699 0.00084961 0.999986 0.00516234 -0.00183166 -0.00516065 0.999985 -0.0914735 -0.0609694 -0.0289517
FixedParameters: 0 0 0

#Transform 97
Transform: AffineTransform_float_3_3
Parameters: 0.999998 -0.000829326 0.00173006 0.000821105 0.999988 0.00485333 -0.00173404 -0.00485167 0.999986 -0.0902635 -0.0622612 -0.0441516
FixedParameters: 0 0 0

#Transform 98
Transform: AffineTransform_float_3_3
Parameters: 0.999998 -0.000979685 0.0014313 0.000972238 0.999986 0.0052053 -0.00143655 -0.0052037 0.999986 -0.087367 -0.0627496 -0.0485389
FixedParameters: 0 0 0

#Transform 99
Transform: AffineTransform_float_3_3
Parameters: 0.999998 -0.000668827 0.00188864 0.000659358 0.999987 0.00507004 -0.00189222 -0.00506896 0.999986 -0.0897121 -0.0529688 -0.0260721
FixedParameters: 0 0 0

#Transform 100
Transform: AffineTransform_float_3_3
Parameters: 0.999998 -0.000853644 0.0013582 0.000847333 0.999987 0.00507006 -0.00136192 -0.00506895 0.999986 -0.0905167 -0.0523711 -0.0243646
FixedParameters: 0 0 0

#Transform 101
Transform: AffineTransform_float_3_3
Parameters: 0.999998 -0.000831099 0.00173202 0.000823885 0.999989 0.00459033 -0.00173658 -0.00458867 0.999988 -0.0983704 -0.0398242 -0.0263563
FixedParameters: 0 0 0

#Transform 102
Transform: AffineTransform_float_3_3
Parameters: 0.999997 -0.000716304 0.00205121 0.000706467 0.999989 0.00475825 -0.00205483 -0.00475676 0.999987 -0.0985584 -0.0667689 -0.0439198
FixedParameters: 0 0 0

#Transform 103
Transform: AffineTransform_float_3_3
Parameters: 0.999998 -0.000795038 0.00181046 0.000785726 0.999984 0.00548621 -0.00181487 -0.00548479 0.999983 -0.0921724 -0.0719021 -0.0378078
FixedParameters: 0 0 0

#Transform 104
Transform: AffineTransform_float_3_3
Parameters: 0.999998 -0.000815416 0.00168526 0.00081213 0.999998 0.00182427 -0.00168688 -0.00182273 0.999997 -0.0715081 0.210208 -0.0897641
FixedParameters: 0 0 0

#Transform 105
Transform: AffineTransform_float_3_3
Parameters: 0.999993 -0.00132716 0.0033454 0.00133234 0.999997 -0.00149621 -0.00334299 0.00150079 0.999993 -0.0644118 0.321686 0.114031
FixedParameters: 0 0 0

#Transform 106
Transform: AffineTransform_float_3_3
Parameters: 0.999994 -0.00156386 0.00326694 0.00157238 0.999995 -0.0026174 -0.00326275 0.00262259 0.999991 -0.0540975 0.317561 -0.0619824
FixedParameters: 0 0 0

#Transform 107
Transform: AffineTransform_float_3_3
Parameters: 0.999996 -0.00124214 0.00259693 0.00124277 0.999999 -0.000119209 -0.00259663 0.00012279 0.999997 -0.0822244 0.2294 0.0216426
FixedParameters: 0 0 0

#Transform 108
Transform: AffineTransform_float_3_3
Parameters: 0.999998 0.000396669 0.00184575 -0.000389958 0.999993 -0.00352697 -0.00184624 0.00352603 0.999992 -0.0734022 0.582512 -0.213032
FixedParameters: 0 0 0

#Transform 109
Transform: AffineTransform_float_3_3
Parameters: 1 0.00107403 0.000549577 -0.00106962 0.999978 -0.00662649 -0.00055607 0.00662651 0.999978 0.0183169 0.475213 0.165097
FixedParameters: 0 0 0

#Transform 110
Transform: AffineTransform_float_3_3
Parameters: 0.99999 -5.07561e-05 0.00432822 0.000105206 0.999919 -0.0126677 -0.0043277 0.0126683 0.99991 -0.0693974 0.526337 -0.148221
FixedParameters: 0 0 0

#Transform 111
Transform: AffineTransform_float_3_3
Parameters: 0.999991 0.000113645 0.00406758 -8.15358e-05 0.99997 -0.00780336 -0.00406775 0.00780265 0.999962 -0.059374 0.619952 -0.329407
FixedParameters: 0 0 0

#Transform 112
Transform: AffineTransform_float_3_3
Parameters: 0.999993 7.65346e-05 0.00374157 -5.52622e-05 0.999983 -0.00580909 -0.00374192 0.00580892 0.999976 -0.0525461 0.554842 -0.298905
FixedParameters: 0 0 0

#Transform 113
Transform: AffineTransform_float_3_3
Parameters: 0.999991 -0.000279821 0.00422897 0.000305797 0.999981 -0.0062557 -0.00422746 0.0062573 0.999971 -0.0731014 0.574548 -0.281078
FixedParameters: 0 0 0

#Transform 114
Transform: AffineTransform_float_3_3
Parameters: 0.99999 -0.000430579 0.00446781 0.000455768 0.999983 -0.00570918 -0.00446579 0.00571082 0.999973 -0.0599837 0.571422 -0.27541
FixedParameters: 0 0 0

#Transform 115
Transform: AffineTransform_float_3_3
Parameters: 0.999989 -0.000439939 0.00452919 0.00046274 0.999986 -0.00516223 -0.00452634 0.00516377 0.999977 -0.0640248 0.519185 -0.188444
FixedParameters: 0 0 0

#Transform 116
Transform: AffineTransform_float_3_3
Parameters: 0.999992 -0.000565102 0.0040069 0.000583357 0.99999 -0.00450961 -0.00400382 0.00451138 0.999981 -0.0589188 0.527526 -0.262106
FixedParameters: 0 0 0

#Transform 117
Transform: AffineTransform_float_3_3
Parameters: 0.999993 -0.000515285 0.00387366 0.000533436 0.999989 -0.00465078 -0.00387088 0.00465322 0.999981 -0.0537019 0.522394 -0.26741
FixedParameters: 0 0 0

#Transform 118
Transform: AffineTransform_float_3_3
Parameters: 0.999992 -0.000418352 0.00402348 0.000435017 0.999991 -0.00418421 -0.0040209 0.00418579 0.999983 -0.0538212 0.517737 -0.256366
FixedParameters: 0 0 0

#Transform 119
Transform: AffineTransform_float_3_3
Parameters: 0.999994 -0.000237633 0.00346946 0.000248109 0.999995 -0.00310087 -0.00346825 0.00310214 0.999989 -0.0436236 0.527121 -0.272899
FixedParameters: 0 0 0

#Transform 120
Transform: AffineTransform_float_3_3
Parameters: 0.999993 -0.000200817 0.00357435 0.000212042 0.999995 -0.00295909 -0.0035743 0.00295991 0.999989 -0.046188 0.531491 -0.276074
FixedParameters: 0 0 0

#Transform 121
Transform: AffineTransform_float_3_3
Parameters: 0.999994 -0.000421444 0.00337897 0.000429694 0.999998 -0.00224914 -0.00337787 0.00225086 0.999991 -0.0487104 0.526128 -0.29287
FixedParameters: 0 0 0

#Transform 122
Transform: AffineTransform_float_3_3
Parameters: 0.999996 -0.000645972 0.00295208 0.00064861 1 -0.00095054 -0.0029512 0.000952461 0.999995 -0.0477027 0.494059 -0.295849
FixedParameters: 0 0 0

#Transform 123
Transform: AffineTransform_float_3_3
Parameters: 0.999995 -0.000964503 0.00306354 0.000959754 0.999998 0.0014244 -0.00306581 -0.0014216 0.999994 -0.0496961 0.425224 -0.306471
FixedParameters: 0 0 0

#Transform 124
Transform: AffineTransform_float_3_3
Parameters: 0.999994 -0.00148704 0.00307965 0.00148399 0.999999 0.000800037 -0.00308079 -0.000794962 0.999995 -0.0799364 0.30125 -0.116822
FixedParameters: 0 0 0

#Transform 125
Transform: AffineTransform_float_3_3
Parameters: 0.999991 -0.000494416 0.00422015 0.000484141 0.999997 0.0022769 -0.00422133 -0.00227509 0.999989 -0.0578498 0.500299 -0.414437
FixedParameters: 0 0 0

#Transform 126
Transform: AffineTransform_float_3_3
Parameters: 0.999992 -0.00137644 0.00393313 0.0013626 0.999993 0.00348251 -0.00393805 -0.00347748 0.999986 -0.0928395 0.262365 -0.140291
FixedParameters: 0 0 0

#Transform 127
Transform: AffineTransform_float_3_3
Parameters: 0.999993 -0.00149661 0.00363466 0.00148165 0.99999 0.00431578 -0.00364155 -0.00431022 0.999984 -0.0859998 0.297716 -0.135744
FixedParameters: 0 0 0

#Transform 128
Transform: AffineTransform_float_3_3
Parameters: 0.999991 -0.00154239 0.00401402 0.00152588 0.99999 0.00421019 -0.00401987 -0.00420481 0.999983 -0.0973253 0.316272 -0.175502
FixedParameters: 0 0 0

#Transform 129
Transform: AffineTransform_float_3_3
Parameters: 0.999991 -0.0015939 0.00382769 0.00157585 0.999987 0.00487532 -0.00383583 -0.00486869 0.999981 -0.0940826 0.275743 -0.166753
FixedParameters: 0 0 0

#Transform 130
Transform: AffineTransform_float_3_3
Parameters: 0.999993 -0.00135657 0.00365101 0.00133864 0.999986 0.00510915 -0.00365846 -0.00510384 0.99998 -0.0761896 0.26551 -0.135338
FixedParameters: 0 0 0

#Transform 131
Transform: AffineTransform_float_3_3
Parameters: 0.999991 -0.00166774 0.00384331 0.00165064 0.999989 0.00447264 -0.00385108 -0.00446636 0.999983 -0.0869339 0.274844 -0.112549
FixedParameters: 0 0 0

#Transform 132
Transform: AffineTransform_float_3_3
Parameters: 0.999992 -0.00174026 0.00360374 0.00172132 0.999985 0.00526662 -0.00361268 -0.00526038 0.99998 -0.0886422 0.281803 -0.142666
FixedParameters: 0 0 0

#Transform 133
Transform: AffineTransform_float_3_3
Parameters: 0.999992 -0.00166839 0.00361204 0.0016472 0.999982 0.00570137 -0.00362153 -0.00569563 0.999977 -0.0831999 0.279642 -0.180758
FixedParameters: 0 0 0

#Transform 134
Transform: AffineTransform_float_3_3
Parameters: 0.999993 -0.00143122 0.00364099 0.00140974 0.999981 0.00598641 -0.00364935 -0.00598059 0.999975 -0.0736782 0.263641 -0.185281
FixedParameters: 0 0 0

#Transform 135
Transform: AffineTransform_float_3_3
Parameters: 0.999991 -0.00149938 0.00379408 0.00147824 0.999983 0.0057009 -0.0038024 -0.0056951 0.999977 -0.0831487 0.231877 -0.115655
FixedParameters: 0 0 0

#Transform 136
Transform: AffineTransform_float_3_3
Parameters: 0.999992 -0.00170039 0.00376534 0.00167655 0.999978 0.00646363 -0.00377618 -0.00645738 0.999972 -0.09899 0.262443 -0.136208
FixedParameters: 0 0 0

#Transform 137
Transform: AffineTransform_float_3_3
Parameters: 0.999993 -0.00150861 0.00363115 0.0014863 0.999979 0.00625269 -0.00364111 -0.00624731 0.999974 -0.0854863 0.284089 -0.132415
FixedParameters: 0 0 0

#Transform 138
Transform: AffineTransform_float_3_3
Parameters: 0.999991 -0.00163847 0.00378193 0.00161355 0.999977 0.00659241 -0.00379338 -0.00658658 0.999971 -0.0919184 0.271434 -0.157638
FixedParameters: 0 0 0

#Transform 139
Transform: AffineTransform_float_3_3
Parameters: 0.999992 -0.00153786 0.00384421 0.00151406 0.99998 0.00621512 -0.0038533 -0.00620888 0.999973 -0.0847913 0.27389 -0.156125
FixedParameters: 0 0 0

#Transform 140
Transform: AffineTransform_float_3_3
Parameters: 0.999989 -0.00192139 0.00423532 0.00190482 0.99999 0.00386716 -0.00424216 -0.00385984 0.999983 -0.108192 0.208548 -0.00100432
FixedParameters: 0 0 0

#Transform 141
Transform: AffineTransform_float_3_3
Parameters: 0.999991 -0.00157845 0.0038953 0.00156365 0.999992 0.00375238 -0.00390136 -0.00374662 0.999985 -0.098843 0.221218 0.0108927
FixedParameters: 0 0 0

#Transform 142
Transform: AffineTransform_float_3_3
Parameters: 0.999991 -0.00171345 0.00394301 0.00169673 0.99999 0.00406087 -0.00395002 -0.00405413 0.999984 -0.101122 0.21712 -0.0245859
FixedParameters: 0 0 0

#Transform 143
Transform: AffineTransform_float_3_3
Parameters: 0.999993 -0.0018648 0.00344455 0.00184922 0.999989 0.0044469 -0.00345223 -0.00444109 0.999984 -0.0964804 0.196256 -0.033419
FixedParameters: 0 0 0

#Transform 144
Transform: AffineTransform_float_3_3
Parameters: 0.999994 -0.00177426 0.00321081 0.00175715 0.999985 0.00516115 -0.00322009 -0.00515484 0.999982 -0.098931 0.193104 -0.00372165
FixedParameters: 0 0 0

#Transform 145
Transform: AffineTransform_float_3_3
Parameters: 0.999993 -0.00182519 0.00307146 0.00180653 0.999981 0.00593119 -0.00308184 -0.00592581 0.999978 -0.0921562 0.195822 -0.0273392
FixedParameters: 0 0 0

#Transform 146
Transform: AffineTransform_float_3_3
Parameters: 0.999993 -0.00161762 0.00338438 0.00159816 0.999982 0.00582994 -0.00339372 -0.00582506 0.999977 -0.100596 0.208827 -0.0403217
FixedParameters: 0 0 0

#Transform 147
Transform: AffineTransform_float_3_3
Parameters: 0.999993 -0.00163645 0.00338278 0.00161915 0.999984 0.00523887 -0.00339165 -0.00523312 0.999981 -0.101208 0.211208 -0.0707744
FixedParameters: 0 0 0

#Transform 148
Transform: AffineTransform_float_3_3
Parameters: 0.999993 -0.00180574 0.00321532 0.00178824 0.999982 0.00565828 -0.00322536 -0.00565273 0.999979 -0.101609 0.188858 -0.0428444
FixedParameters: 0 0 0

#Transform 149
Transform: AffineTransform_float_3_3
Parameters: 0.999993 -0.0016034 0.003568 0.00158397 0.999984 0.00540505 -0.00357692 -0.00539894 0.999979 -0.101279 0.19116 -0.010796
FixedParameters: 0 0 0

#Transform 150
Transform: AffineTransform_float_3_3
Parameters: 0.999993 -0.00157477 0.00358057 0.00155511 0.999984 0.00541885 -0.00358923 -0.00541315 0.999979 -0.103999 0.21154 -0.0383022
FixedParameters: 0 0 0

#Transform 151
Transform: AffineTransform_float_3_3
Parameters: 0.999992 -0.00155992 0.003485 0.00154237 0.999986 0.00512177 -0.00349271 -0.00511623 0.999981 -0.0856988 0.21661 -0.0673209
FixedParameters: 0 0 0
