# transform file /out/sourcedata/freesurfer/sub-v2s3x28801_ses-1/mri/transforms/cc_up.lta
# created by oesteban on Fri Mar 13 02:03:30 2026

type      = 0 # LINEAR_VOX_TO_VOX
nxforms   = 1
mean      = 132.0000 129.0000 110.0000
sigma     = 10000.0000
1 4 4
9.952363967895508e-01 -6.988494098186493e-02 6.797546148300171e-02 -1.434676051139832e+00 
6.972249597311020e-02 9.975551366806030e-01 4.762103781104088e-03 2.647987604141235e+00 
-6.814207136631012e-02 -4.656612873077393e-10 9.976756572723389e-01 2.916559982299805e+01 
0.000000000000000e+00 0.000000000000000e+00 0.000000000000000e+00 1.000000000000000e+00 
src volume info
valid = 1  # volume info valid
filename = /out/sourcedata/freesurfer/sub-v2s3x28801_ses-1/mri/norm.mgz
volume = 256 256 256
voxelsize = 1.000000000000000e+00 1.000000000000000e+00 1.000000000000000e+00
xras   = -1.000000000000000e+00 0.000000000000000e+00 0.000000000000000e+00
yras   = 0.000000000000000e+00 0.000000000000000e+00 -1.000000000000000e+00
zras   = 0.000000000000000e+00 1.000000000000000e+00 0.000000000000000e+00
cras   = 6.685760498046875e+00 4.234425354003906e+01 -1.533255004882812e+01
dst volume info
valid = 1  # volume info valid
filename = /out/sourcedata/freesurfer/sub-v2s3x28801_ses-1/mri/norm.mgz
volume = 256 256 256
voxelsize = 1.000000000000000e+00 1.000000000000000e+00 1.000000000000000e+00
xras   = -1.000000000000000e+00 0.000000000000000e+00 0.000000000000000e+00
yras   = 0.000000000000000e+00 0.000000000000000e+00 -1.000000000000000e+00
zras   = 0.000000000000000e+00 1.000000000000000e+00 0.000000000000000e+00
cras   = 6.685760498046875e+00 4.234425354003906e+01 -1.533255004882812e+01
