# transform file /out/sourcedata/freesurfer/sub-v2s3x28790_ses-1/mri/transforms/cc_up.lta
# created by oesteban on Fri Mar 13 01:26:26 2026

type      = 0 # LINEAR_VOX_TO_VOX
nxforms   = 1
mean      = 128.0000 124.0000 108.0000
sigma     = 10000.0000
1 4 4
9.965629577636719e-01 -6.568892300128937e-02 5.046955123543739e-02 3.053191900253296e+00 
6.560484319925308e-02 9.978401064872742e-01 3.322466276586056e-03 1.347934532165527e+01 
-5.057879537343979e-02 2.328306436538696e-10 9.987201094627380e-01 2.860975074768066e+01 
0.000000000000000e+00 0.000000000000000e+00 0.000000000000000e+00 1.000000000000000e+00 
src volume info
valid = 1  # volume info valid
filename = /out/sourcedata/freesurfer/sub-v2s3x28790_ses-1/mri/norm.mgz
volume = 256 256 256
voxelsize = 1.000000000000000e+00 1.000000000000000e+00 1.000000000000000e+00
xras   = -1.000000000000000e+00 0.000000000000000e+00 0.000000000000000e+00
yras   = 0.000000000000000e+00 0.000000000000000e+00 -1.000000000000000e+00
zras   = 0.000000000000000e+00 1.000000000000000e+00 0.000000000000000e+00
cras   = 9.376472473144531e+00 3.604965209960938e+01 5.103469848632812e+00
dst volume info
valid = 1  # volume info valid
filename = /out/sourcedata/freesurfer/sub-v2s3x28790_ses-1/mri/norm.mgz
volume = 256 256 256
voxelsize = 1.000000000000000e+00 1.000000000000000e+00 1.000000000000000e+00
xras   = -1.000000000000000e+00 0.000000000000000e+00 0.000000000000000e+00
yras   = 0.000000000000000e+00 0.000000000000000e+00 -1.000000000000000e+00
zras   = 0.000000000000000e+00 1.000000000000000e+00 0.000000000000000e+00
cras   = 9.376472473144531e+00 3.604965209960938e+01 5.103469848632812e+00
