# transform file /out/sourcedata/freesurfer/sub-v2s3x28788_ses-1/mri/transforms/cc_up.lta
# created by oesteban on Fri Mar 13 01:33:28 2026

type      = 0 # LINEAR_VOX_TO_VOX
nxforms   = 1
mean      = 128.0000 129.0000 107.0000
sigma     = 10000.0000
1 4 4
9.990443587303162e-01 -1.832960918545723e-02 3.967794030904770e-02 -1.826205492019653e+00 
1.831516996026039e-02 9.998319745063782e-01 7.274033850990236e-04 1.760178565979004e+01 
-3.968460485339165e-02 -5.820766091346741e-11 9.992122054100037e-01 3.415762329101562e+01 
0.000000000000000e+00 0.000000000000000e+00 0.000000000000000e+00 1.000000000000000e+00 
src volume info
valid = 1  # volume info valid
filename = /out/sourcedata/freesurfer/sub-v2s3x28788_ses-1/mri/norm.mgz
volume = 256 256 256
voxelsize = 1.000000000000000e+00 1.000000000000000e+00 1.000000000000000e+00
xras   = -1.000000000000000e+00 0.000000000000000e+00 0.000000000000000e+00
yras   = 0.000000000000000e+00 0.000000000000000e+00 -1.000000000000000e+00
zras   = 0.000000000000000e+00 1.000000000000000e+00 0.000000000000000e+00
cras   = 1.400688171386719e+00 4.630632019042969e+01 1.082743835449219e+01
dst volume info
valid = 1  # volume info valid
filename = /out/sourcedata/freesurfer/sub-v2s3x28788_ses-1/mri/norm.mgz
volume = 256 256 256
voxelsize = 1.000000000000000e+00 1.000000000000000e+00 1.000000000000000e+00
xras   = -1.000000000000000e+00 0.000000000000000e+00 0.000000000000000e+00
yras   = 0.000000000000000e+00 0.000000000000000e+00 -1.000000000000000e+00
zras   = 0.000000000000000e+00 1.000000000000000e+00 0.000000000000000e+00
cras   = 1.400688171386719e+00 4.630632019042969e+01 1.082743835449219e+01
