# transform file /out/sourcedata/freesurfer/sub-v2s3x28814_ses-1/mri/transforms/cc_up.lta
# created by oesteban on Fri Mar 13 03:26:45 2026

type      = 0 # LINEAR_VOX_TO_VOX
nxforms   = 1
mean      = 124.0000 107.0000 115.0000
sigma     = 10000.0000
1 4 4
9.925541281700134e-01 -9.893826395273209e-02 -7.104741781949997e-02 2.036434173583984e+01 
9.868576377630234e-02 9.950936436653137e-01 -7.063965778797865e-03 3.087418365478516e+01 
7.139772176742554e-02 -4.656613428188905e-10 9.974480271339417e-01 2.345994472503662e+00 
0.000000000000000e+00 0.000000000000000e+00 0.000000000000000e+00 1.000000000000000e+00 
src volume info
valid = 1  # volume info valid
filename = /out/sourcedata/freesurfer/sub-v2s3x28814_ses-1/mri/norm.mgz
volume = 256 256 256
voxelsize = 1.000000000000000e+00 1.000000000000000e+00 1.000000000000000e+00
xras   = -1.000000000000000e+00 0.000000000000000e+00 0.000000000000000e+00
yras   = 0.000000000000000e+00 0.000000000000000e+00 -1.000000000000000e+00
zras   = 0.000000000000000e+00 1.000000000000000e+00 0.000000000000000e+00
cras   = 1.135232543945312e+01 3.252516174316406e+01 6.522415161132812e+00
dst volume info
valid = 1  # volume info valid
filename = /out/sourcedata/freesurfer/sub-v2s3x28814_ses-1/mri/norm.mgz
volume = 256 256 256
voxelsize = 1.000000000000000e+00 1.000000000000000e+00 1.000000000000000e+00
xras   = -1.000000000000000e+00 0.000000000000000e+00 0.000000000000000e+00
yras   = 0.000000000000000e+00 0.000000000000000e+00 -1.000000000000000e+00
zras   = 0.000000000000000e+00 1.000000000000000e+00 0.000000000000000e+00
cras   = 1.135232543945312e+01 3.252516174316406e+01 6.522415161132812e+00
