# transform file /out/sourcedata/freesurfer/sub-v2s3x28834_ses-1/mri/transforms/cc_up.lta
# created by oesteban on Fri Mar 13 04:25:42 2026

type      = 0 # LINEAR_VOX_TO_VOX
nxforms   = 1
mean      = 131.0000 126.0000 98.0000
sigma     = 10000.0000
1 4 4
9.986308813095093e-01 2.556546963751316e-02 4.563502222299576e-02 -8.962778091430664e+00 
-2.553881704807281e-02 9.996730685234070e-01 -1.167062320746481e-03 2.049194717407227e+01 
-4.564994201064110e-02 0.000000000000000e+00 9.989573955535889e-01 3.607462692260742e+01 
0.000000000000000e+00 0.000000000000000e+00 0.000000000000000e+00 1.000000000000000e+00 
src volume info
valid = 1  # volume info valid
filename = /out/sourcedata/freesurfer/sub-v2s3x28834_ses-1/mri/norm.mgz
volume = 256 256 256
voxelsize = 1.000000000000000e+00 1.000000000000000e+00 1.000000000000000e+00
xras   = -1.000000000000000e+00 0.000000000000000e+00 0.000000000000000e+00
yras   = 0.000000000000000e+00 0.000000000000000e+00 -1.000000000000000e+00
zras   = 0.000000000000000e+00 1.000000000000000e+00 0.000000000000000e+00
cras   = -2.335807800292969e+00 5.033808898925781e+01 1.940247344970703e+01
dst volume info
valid = 1  # volume info valid
filename = /out/sourcedata/freesurfer/sub-v2s3x28834_ses-1/mri/norm.mgz
volume = 256 256 256
voxelsize = 1.000000000000000e+00 1.000000000000000e+00 1.000000000000000e+00
xras   = -1.000000000000000e+00 0.000000000000000e+00 0.000000000000000e+00
yras   = 0.000000000000000e+00 0.000000000000000e+00 -1.000000000000000e+00
zras   = 0.000000000000000e+00 1.000000000000000e+00 0.000000000000000e+00
cras   = -2.335807800292969e+00 5.033808898925781e+01 1.940247344970703e+01
