# transform file /out/sourcedata/freesurfer/sub-v2s3x28824_ses-1/mri/transforms/cc_up.lta
# created by oesteban on Fri Mar 13 03:59:54 2026

type      = 0 # LINEAR_VOX_TO_VOX
nxforms   = 1
mean      = 130.0000 105.0000 107.0000
sigma     = 10000.0000
1 4 4
9.999316334724426e-01 1.133358012884855e-02 -2.910199342295527e-03 -2.675078868865967e+00 
-1.133353170007467e-02 9.999358654022217e-01 3.298509182059206e-05 4.447565460205078e+01 
2.910386305302382e-03 3.637979240772582e-12 9.999958276748657e-01 3.162205505371094e+01 
0.000000000000000e+00 0.000000000000000e+00 0.000000000000000e+00 1.000000000000000e+00 
src volume info
valid = 1  # volume info valid
filename = /out/sourcedata/freesurfer/sub-v2s3x28824_ses-1/mri/norm.mgz
volume = 256 256 256
voxelsize = 1.000000000000000e+00 1.000000000000000e+00 1.000000000000000e+00
xras   = -1.000000000000000e+00 0.000000000000000e+00 0.000000000000000e+00
yras   = 0.000000000000000e+00 0.000000000000000e+00 -1.000000000000000e+00
zras   = 0.000000000000000e+00 1.000000000000000e+00 0.000000000000000e+00
cras   = 1.189147949218750e+00 5.422114562988281e+01 -6.359603881835938e+00
dst volume info
valid = 1  # volume info valid
filename = /out/sourcedata/freesurfer/sub-v2s3x28824_ses-1/mri/norm.mgz
volume = 256 256 256
voxelsize = 1.000000000000000e+00 1.000000000000000e+00 1.000000000000000e+00
xras   = -1.000000000000000e+00 0.000000000000000e+00 0.000000000000000e+00
yras   = 0.000000000000000e+00 0.000000000000000e+00 -1.000000000000000e+00
zras   = 0.000000000000000e+00 1.000000000000000e+00 0.000000000000000e+00
cras   = 1.189147949218750e+00 5.422114562988281e+01 -6.359603881835938e+00
