# transform file /out/sourcedata/freesurfer/sub-v2s3x28808_ses-1/mri/transforms/cc_up.lta
# created by oesteban on Fri Mar 13 02:52:49 2026

type      = 0 # LINEAR_VOX_TO_VOX
nxforms   = 1
mean      = 129.0000 133.0000 109.0000
sigma     = 10000.0000
1 4 4
9.949056506156921e-01 -2.109523303806782e-02 9.857849031686783e-02 -7.593228340148926e+00 
2.099243924021721e-02 9.997774362564087e-01 2.079999307170510e-03 8.091856956481934e+00 
-9.860043227672577e-02 0.000000000000000e+00 9.951271414756775e-01 3.727245712280273e+01 
0.000000000000000e+00 0.000000000000000e+00 0.000000000000000e+00 1.000000000000000e+00 
src volume info
valid = 1  # volume info valid
filename = /out/sourcedata/freesurfer/sub-v2s3x28808_ses-1/mri/norm.mgz
volume = 256 256 256
voxelsize = 1.000000000000000e+00 1.000000000000000e+00 1.000000000000000e+00
xras   = -1.000000000000000e+00 0.000000000000000e+00 0.000000000000000e+00
yras   = 0.000000000000000e+00 0.000000000000000e+00 -1.000000000000000e+00
zras   = 0.000000000000000e+00 1.000000000000000e+00 0.000000000000000e+00
cras   = 3.880104064941406e+00 3.824821472167969e+01 2.899169921875000e-01
dst volume info
valid = 1  # volume info valid
filename = /out/sourcedata/freesurfer/sub-v2s3x28808_ses-1/mri/norm.mgz
volume = 256 256 256
voxelsize = 1.000000000000000e+00 1.000000000000000e+00 1.000000000000000e+00
xras   = -1.000000000000000e+00 0.000000000000000e+00 0.000000000000000e+00
yras   = 0.000000000000000e+00 0.000000000000000e+00 -1.000000000000000e+00
zras   = 0.000000000000000e+00 1.000000000000000e+00 0.000000000000000e+00
cras   = 3.880104064941406e+00 3.824821472167969e+01 2.899169921875000e-01
