#Insight Transform File V1.0
#Transform 0
Transform: AffineTransform_float_3_3
Parameters: 0.999999 0.00088357 -0.000131219 -0.000883431 0.999991 0.00428112 0.000134783 -0.00428088 0.999991 -0.0193733 -0.0564951 -0.0835104
FixedParameters: 0 0 0

#Transform 1
Transform: AffineTransform_float_3_3
Parameters: 0.999998 -0.00134599 -0.00105429 0.00134701 0.999998 0.000957581 0.00105271 -0.000959418 0.999999 -0.00571442 -0.054975 -0.19876
FixedParameters: 0 0 0

#Transform 2
Transform: AffineTransform_float_3_3
Parameters: 0.999997 -0.00169634 -0.00168767 0.00169766 0.999998 0.000982138 0.00168533 -0.000984862 0.999998 0.01999 -0.150229 -0.214771
FixedParameters: 0 0 0

#Transform 3
Transform: AffineTransform_float_3_3
Parameters: 0.999999 -0.000999492 -0.00116672 0.000998509 0.999998 -0.00127817 0.00116728 0.00127783 0.999998 0.00103836 -0.0697919 -0.182365
FixedParameters: 0 0 0

#Transform 4
Transform: AffineTransform_float_3_3
Parameters: 0.999999 -0.000597669 -0.00116766 0.000597332 0.999999 -0.000572698 0.00116734 0.000572303 0.999999 0.00690969 -0.0813071 -0.147004
FixedParameters: 0 0 0

#Transform 5
Transform: AffineTransform_float_3_3
Parameters: 1 -0.000542884 -0.000915069 0.000543117 1 0.000127503 0.000914931 -0.000127497 0.999999 0.00902028 -0.081856 -0.139089
FixedParameters: 0 0 0

#Transform 6
Transform: AffineTransform_float_3_3
Parameters: 0.999999 -0.000154449 -0.000742906 0.000153552 1 -0.000603114 0.000743092 0.000603885 0.999999 0.000550152 -0.0626924 -0.185963
FixedParameters: 0 0 0

#Transform 7
Transform: AffineTransform_float_3_3
Parameters: 1 0.000264526 -0.000923424 -0.000265475 0.999998 -0.00159676 0.000923578 0.00159725 0.999999 0.0111644 -0.0456697 -0.101729
FixedParameters: 0 0 0

#Transform 8
Transform: AffineTransform_float_3_3
Parameters: 0.999999 0.000425019 -0.000680988 -0.000424981 1 2.82894e-05 0.000681011 -2.77106e-05 1 0.0146334 -0.0485109 -0.13807
FixedParameters: 0 0 0

#Transform 9
Transform: AffineTransform_float_3_3
Parameters: 1 2.30704e-05 -0.000545997 -2.29296e-05 1 0.000129013 0.000546003 -0.000128987 1 0.00676939 -0.0505988 -0.0909798
FixedParameters: 0 0 0

#Transform 10
Transform: AffineTransform_float_3_3
Parameters: 1 2.32958e-05 -0.000609988 -2.27041e-05 1 0.000485014 0.000610011 -0.000484986 0.999999 0.00771588 -0.0558641 -0.0975844
FixedParameters: 0 0 0

#Transform 11
Transform: AffineTransform_float_3_3
Parameters: 0.999999 -0.00090526 -0.00114321 0.00090274 0.999997 -0.00197603 0.00114479 0.00197497 0.999998 0.046034 -0.0410255 -0.0559329
FixedParameters: 0 0 0

#Transform 12
Transform: AffineTransform_float_3_3
Parameters: 0.999998 -0.00123366 -0.00114105 0.00122934 0.999994 -0.00320641 0.00114495 0.00320559 0.999994 0.0197481 -0.00142656 -0.0680088
FixedParameters: 0 0 0

#Transform 13
Transform: AffineTransform_float_3_3
Parameters: 0.999999 -0.000471587 -0.00114435 0.000469413 0.999999 -0.00138754 0.00114465 0.00138646 0.999999 0.0282866 -0.0520973 -0.0420032
FixedParameters: 0 0 0

#Transform 14
Transform: AffineTransform_float_3_3
Parameters: 1 -0.000306884 -0.000592542 0.000306115 0.999999 -0.00149218 0.000593457 0.00149182 0.999998 0.0198009 0.000706164 -0.0529922
FixedParameters: 0 0 0

#Transform 15
Transform: AffineTransform_float_3_3
Parameters: 1 0.000134347 -0.000593148 -0.000134654 1 -0.00110092 0.000593852 0.00110108 0.999999 0.0249139 -0.00540455 -0.0775501
FixedParameters: 0 0 0

#Transform 16
Transform: AffineTransform_float_3_3
Parameters: 0.999999 -0.000438367 -0.000592729 0.000437633 0.999999 -0.000618259 0.000593271 0.00061874 0.999999 0.00983696 -0.0418033 -0.0707131
FixedParameters: 0 0 0

#Transform 17
Transform: AffineTransform_float_3_3
Parameters: 0.999999 -0.000532725 -0.000741196 0.000533274 1 0.000369605 0.000740802 -0.000370395 0.999999 0.0114948 -0.0402838 -0.0596733
FixedParameters: 0 0 0

#Transform 18
Transform: AffineTransform_float_3_3
Parameters: 0.999999 -0.000727827 -0.000591983 0.000727172 0.999999 -0.00139743 0.000593016 0.00139657 0.999999 0.0216456 -0.0116354 -0.0544234
FixedParameters: 0 0 0

#Transform 19
Transform: AffineTransform_float_3_3
Parameters: 1 -0.000327248 -0.000443817 0.000326751 1 -0.000560145 0.000444183 0.000559854 0.999999 0.0128099 -0.0570992 -0.0199298
FixedParameters: 0 0 0

#Transform 20
Transform: AffineTransform_float_3_3
Parameters: 1 -0.000312376 -0.00100788 0.000312624 1 -0.000373315 0.00100812 0.000372685 1 0.00554598 0.00484821 -0.00643448
FixedParameters: 0 0 0

#Transform 21
Transform: AffineTransform_float_3_3
Parameters: 0.999999 -0.00076643 -0.000592444 0.00076557 1 -0.000725454 0.000593555 0.000725545 0.999999 -0.00987845 -0.00895083 -0.00629628
FixedParameters: 0 0 0

#Transform 22
Transform: AffineTransform_float_3_3
Parameters: 0.999999 -0.00042543 -0.000592691 0.00042457 0.999999 -0.000725251 0.000593308 0.000725747 0.999999 0.0192074 -0.0330732 -0.0151325
FixedParameters: 0 0 0

#Transform 23
Transform: AffineTransform_float_3_3
Parameters: 1 -0.000713303 0.000896556 0.000714698 1 -0.00077836 -0.000895445 0.00077864 1 -0.00149924 0.0164054 -0.00442315
FixedParameters: 0 0 0

#Transform 24
Transform: AffineTransform_float_3_3
Parameters: 0.999999 -0.00018586 0.000896028 0.00018614 1 -0.000155833 -0.00089597 0.000156167 0.999999 -0.00462579 -0.0318331 -0.0177768
FixedParameters: 0 0 0

#Transform 25
Transform: AffineTransform_float_3_3
Parameters: 0.999999 -0.000215282 0.00133195 0.000214719 1 0.000211286 -0.00133205 -0.000211713 0.999999 -0.0140455 -0.0379401 -0.0383647
FixedParameters: 0 0 0

#Transform 26
Transform: AffineTransform_float_3_3
Parameters: 0.999999 -0.000381627 0.00146136 0.000383373 0.999999 -0.00093944 -0.00146064 0.000939558 0.999998 -0.0104379 0.00166925 -0.0305742
FixedParameters: 0 0 0

#Transform 27
Transform: AffineTransform_float_3_3
Parameters: 0.999998 -0.000145548 0.00186704 0.000145454 1 -0.000242729 -0.00186797 0.000242272 0.999998 -0.012934 -0.0346844 0.00454804
FixedParameters: 0 0 0

#Transform 28
Transform: AffineTransform_float_3_3
Parameters: 0.999998 -0.000297711 0.00186689 0.00029729 1 0.000380556 -0.00186711 -0.000380445 0.999998 -0.00823577 -0.0029036 0.0651783
FixedParameters: 0 0 0

#Transform 29
Transform: AffineTransform_float_3_3
Parameters: 0.999999 -7.47497e-05 0.00186701 7.52519e-05 1 -0.00013486 -0.00186699 0.00013414 0.999998 -0.0191946 0.0213936 0.0098137
FixedParameters: 0 0 0

#Transform 30
Transform: AffineTransform_float_3_3
Parameters: 0.999999 0.000582134 0.00136994 -0.000581866 1 -9.77972e-05 -0.00137006 9.72025e-05 0.999999 0.0049199 -0.00846308 -0.00882393
FixedParameters: 0 0 0

#Transform 31
Transform: AffineTransform_float_3_3
Parameters: 0.999999 0.000276008 0.00180615 -0.000276992 1 0.000548501 -0.00180685 -0.0005495 0.999998 -0.00590305 0.00655404 0.0245219
FixedParameters: 0 0 0

#Transform 32
Transform: AffineTransform_float_3_3
Parameters: 0.999999 0.000101399 0.0013719 -9.96015e-05 1 -0.00102014 -0.0013711 0.00101986 0.999998 -0.00640865 0.0257738 -0.0351933
FixedParameters: 0 0 0

#Transform 33
Transform: AffineTransform_float_3_3
Parameters: 0.999999 -0.000484074 0.000855957 0.000483925 1 8.74142e-05 -0.000856041 -8.65856e-05 0.999999 0.00992438 -0.0525452 -0.0264789
FixedParameters: 0 0 0

#Transform 34
Transform: AffineTransform_float_3_3
Parameters: 0.999999 -0.000191786 0.00143416 0.000193213 0.999999 -0.000845723 -0.00143384 0.000846275 0.999998 0.00549914 0.0142862 -0.0588535
FixedParameters: 0 0 0

#Transform 35
Transform: AffineTransform_float_3_3
Parameters: 0.999998 -7.13062e-07 0.001922 -7.13062e-07 1 0.000370999 -0.001922 -0.000370999 0.999998 0.00376519 -0.0422461 -0.0157194
FixedParameters: 0 0 0

#Transform 36
Transform: AffineTransform_float_3_3
Parameters: 0.999998 0.000280491 0.00167208 -0.000280508 1 0.000303531 -0.00167191 -0.000304469 0.999998 0.0117423 0.0118457 -0.0403785
FixedParameters: 0 0 0

#Transform 37
Transform: AffineTransform_float_3_3
Parameters: 0.999998 7.17691e-05 0.00167201 -7.22306e-05 1 0.000137879 -0.00167199 -0.00013812 0.999998 -0.00711877 -0.0144982 -0.0578802
FixedParameters: 0 0 0

#Transform 38
Transform: AffineTransform_float_3_3
Parameters: 0.999998 8.77307e-05 0.00167207 -8.92688e-05 0.999999 0.000758852 -0.00167193 -0.000759148 0.999999 -0.00109107 -0.0277244 -0.066816
FixedParameters: 0 0 0

#Transform 39
Transform: AffineTransform_float_3_3
Parameters: 0.999998 0.000528761 0.00187035 -0.000529239 0.999999 0.000662011 -0.00186965 -0.00066299 0.999998 0.0101301 -0.00357873 -0.0380615
FixedParameters: 0 0 0

#Transform 40
Transform: AffineTransform_float_3_3
Parameters: 0.999998 0.000529398 0.00162519 -0.000529602 1 0.00037014 -0.0016248 -0.00037086 0.999998 0.0112239 0.0118682 -0.0820966
FixedParameters: 0 0 0

#Transform 41
Transform: AffineTransform_float_3_3
Parameters: 0.999999 0.000278264 0.00149232 -0.000279736 1 0.00116258 -0.00149268 -0.00116342 0.999998 0.00927432 -0.0312336 -0.0446797
FixedParameters: 0 0 0

#Transform 42
Transform: AffineTransform_float_3_3
Parameters: 0.999998 0.000278889 0.00188916 -0.00028011 1 0.000587472 -0.00188884 -0.000588528 0.999998 0.00187259 0.0314129 -0.0139157
FixedParameters: 0 0 0

#Transform 43
Transform: AffineTransform_float_3_3
Parameters: 0.999998 0.000279182 0.00188912 -0.000279817 1 0.000432472 -0.00188888 -0.000433528 0.999998 -0.00737464 0.00180966 -0.0594004
FixedParameters: 0 0 0

#Transform 44
Transform: AffineTransform_float_3_3
Parameters: 0.999997 0.000277841 0.00213928 -0.000280159 1 0.0010084 -0.00213972 -0.0010096 0.999997 -0.00417658 -0.0243414 -0.0283441
FixedParameters: 0 0 0

#Transform 45
Transform: AffineTransform_float_3_3
Parameters: 0.999997 0.000279554 0.00213906 -0.000279446 1 0.000208403 -0.00213894 -0.000208598 0.999997 -0.00313736 0.0340005 -0.030273
FixedParameters: 0 0 0

#Transform 46
Transform: AffineTransform_float_3_3
Parameters: 0.999998 0.000512767 0.00188906 -0.000513233 1 0.000123031 -0.00188894 -0.000123969 0.999998 0.012398 0.0159662 -0.0890437
FixedParameters: 0 0 0

#Transform 47
Transform: AffineTransform_float_3_3
Parameters: 0.999999 0.000246846 0.00124023 -0.000248153 0.999999 0.000929692 -0.00123977 -0.000930306 0.999999 0.0222325 -0.0290992 -0.0525114
FixedParameters: 0 0 0

#Transform 48
Transform: AffineTransform_float_3_3
Parameters: 0.999999 0.000109094 0.001747 -0.000108906 1 -5.41904e-05 -0.00174701 5.38095e-05 0.999999 0.00393097 -0.009819 -0.0552972
FixedParameters: 0 0 0

#Transform 49
Transform: AffineTransform_float_3_3
Parameters: 0.999998 4.34489e-05 0.00165704 -4.55508e-05 0.999999 0.000935926 -0.00165696 -0.000936073 0.999998 -0.00736329 -0.0459129 -0.0683283
FixedParameters: 0 0 0

#Transform 50
Transform: AffineTransform_float_3_3
Parameters: 0.999998 0.00063628 0.00163389 -0.000635719 1 -0.000172039 -0.00163311 0.000170961 0.999998 0.00834291 0.000898043 -0.0946649
FixedParameters: 0 0 0

#Transform 51
Transform: AffineTransform_float_3_3
Parameters: 0.999999 0.000118335 0.00146797 -0.000117667 1 -0.000227173 -0.00146803 0.000227826 0.999999 -0.00374684 -0.0477467 -0.135246
FixedParameters: 0 0 0

#Transform 52
Transform: AffineTransform_float_3_3
Parameters: 0.999998 0.000568656 0.00180611 -0.000568344 1 0.000189974 -0.00180589 -0.000191027 0.999999 0.0173266 -0.0259488 -0.108788
FixedParameters: 0 0 0

#Transform 53
Transform: AffineTransform_float_3_3
Parameters: 0.999999 0.000404246 0.00135593 -0.000403754 1 -0.000181548 -0.00135607 0.000181452 0.999999 0.0021208 -0.00666183 -0.134198
FixedParameters: 0 0 0

#Transform 54
Transform: AffineTransform_float_3_3
Parameters: 0.999998 0.000125778 0.00189295 -0.000125222 1 -0.000411238 -0.00189305 0.000410763 0.999998 -0.00450989 -0.0268098 -0.125667
FixedParameters: 0 0 0

#Transform 55
Transform: AffineTransform_float_3_3
Parameters: 0.999999 0.000261938 0.00151218 -0.000263061 0.999999 0.000701603 -0.00151181 -0.000702396 0.999998 -0.00218777 -0.0402474 -0.096638
FixedParameters: 0 0 0

#Transform 56
Transform: AffineTransform_float_3_3
Parameters: 0.999998 0.000414641 0.00156783 -0.00041436 1 -0.00040865 -0.00156817 0.00040835 0.999998 0.011583 0.0140217 -0.132525
FixedParameters: 0 0 0

#Transform 57
Transform: AffineTransform_float_3_3
Parameters: 0.999998 7.82436e-05 0.00206599 -7.77581e-05 1 -0.000117161 -0.00206601 0.000117839 0.999998 -0.0130051 -0.0378066 -0.12612
FixedParameters: 0 0 0

#Transform 58
Transform: AffineTransform_float_3_3
Parameters: 0.999998 0.000111461 0.00211303 -0.000112541 1 0.000255763 -0.00211297 -0.000255236 0.999997 -0.00649289 -0.0210661 -0.145837
FixedParameters: 0 0 0

#Transform 59
Transform: AffineTransform_float_3_3
Parameters: 0.999995 0.000612103 0.00289635 -0.000608895 0.999999 -0.00107277 -0.00289665 0.00107023 0.999995 -0.0343578 0.00911025 -0.206
FixedParameters: 0 0 0

#Transform 60
Transform: AffineTransform_float_3_3
Parameters: 0.999997 -0.000714337 0.00210725 0.000718663 0.999998 -0.00173849 -0.00210575 0.00173951 0.999997 -0.0255503 -0.0320518 -0.259211
FixedParameters: 0 0 0

#Transform 61
Transform: AffineTransform_float_3_3
Parameters: 0.999997 -0.00177103 0.00127035 0.00177197 0.999998 -0.000760751 -0.00126965 0.00076225 0.999999 0.0117565 -0.0693236 -0.218164
FixedParameters: 0 0 0

#Transform 62
Transform: AffineTransform_float_3_3
Parameters: 0.999998 -0.0015153 0.00127102 0.0015167 0.999998 -0.00133408 -0.00126898 0.00133593 0.999999 -0.000996609 -0.0613341 -0.218984
FixedParameters: 0 0 0

#Transform 63
Transform: AffineTransform_float_3_3
Parameters: 0.999998 -0.00121902 0.00162874 0.00121998 0.999999 -0.000602015 -0.00162827 0.000603986 0.999999 -0.0073853 -0.0886737 -0.186618
FixedParameters: 0 0 0

#Transform 64
Transform: AffineTransform_float_3_3
Parameters: 0.999998 -0.000806103 0.00150602 0.000807896 0.999999 -0.00125879 -0.00150498 0.00126021 0.999998 -0.004482 -0.037602 -0.217633
FixedParameters: 0 0 0

#Transform 65
Transform: AffineTransform_float_3_3
Parameters: 0.999999 -0.000448037 0.00175025 0.000448962 0.999999 -0.000549215 -0.00174975 0.000550785 0.999999 0.0078794 -0.0904163 -0.189322
FixedParameters: 0 0 0

#Transform 66
Transform: AffineTransform_float_3_3
Parameters: 0.999998 -0.00111006 0.00162433 0.00111194 0.999998 -0.0011922 -0.00162267 0.0011938 0.999998 0.010584 -0.0313348 -0.209402
FixedParameters: 0 0 0

#Transform 67
Transform: AffineTransform_float_3_3
Parameters: 0.999998 -0.00155563 0.00116683 0.00155637 0.999998 -0.00117719 -0.00116417 0.00117881 0.999998 0.00918666 -0.0791912 -0.23166
FixedParameters: 0 0 0

#Transform 68
Transform: AffineTransform_float_3_3
Parameters: 0.999996 -0.00134134 0.0022428 0.00134066 0.999999 0.000154007 -0.0022432 -0.000150992 0.999998 -0.00193445 -0.0271316 -0.231668
FixedParameters: 0 0 0

#Transform 69
Transform: AffineTransform_float_3_3
Parameters: 0.999994 -0.000843513 0.00316447 0.000849489 0.999998 -0.00173332 -0.00316353 0.00173568 0.999993 -0.041953 -0.15041 -0.38821
FixedParameters: 0 0 0

#Transform 70
Transform: AffineTransform_float_3_3
Parameters: 0.999997 0.00011755 0.00235056 -8.34437e-05 0.999898 -0.0142682 -0.00235243 0.0142678 0.999896 -0.120399 -0.28369 -0.81375
FixedParameters: 0 0 0

#Transform 71
Transform: AffineTransform_float_3_3
Parameters: 0.999998 0.000215625 0.00209364 -0.000167389 0.999742 -0.0227214 -0.00209734 0.0227206 0.999739 -0.106264 -0.109266 -0.836148
FixedParameters: 0 0 0

#Transform 72
Transform: AffineTransform_float_3_3
Parameters: 0.999993 -0.000904212 0.00366328 0.000940793 0.999949 -0.0100526 -0.00365472 0.0100564 0.999943 -0.0806828 0.0790523 -0.329006
FixedParameters: 0 0 0

#Transform 73
Transform: AffineTransform_float_3_3
Parameters: 0.999993 -0.00178338 0.00329705 0.00180062 0.999985 -0.0050461 -0.00328795 0.0050519 0.999982 -0.077763 -0.0551347 -0.18229
FixedParameters: 0 0 0

#Transform 74
Transform: AffineTransform_float_3_3
Parameters: 0.999993 -0.00163784 0.00343771 0.00165616 0.999984 -0.00528734 -0.00342829 0.00529265 0.99998 -0.0626613 0.0315328 -0.0952766
FixedParameters: 0 0 0

#Transform 75
Transform: AffineTransform_float_3_3
Parameters: 0.999991 -0.00177283 0.00381743 0.00179317 0.999985 -0.0052882 -0.00380756 0.0052948 0.999978 -0.0811436 -0.0385831 -0.110644
FixedParameters: 0 0 0

#Transform 76
Transform: AffineTransform_float_3_3
Parameters: 0.999991 -0.00189684 0.00385649 0.00191416 0.999989 -0.00445066 -0.00384851 0.00445834 0.999982 -0.0816724 -0.0612054 -0.0986457
FixedParameters: 0 0 0

#Transform 77
Transform: AffineTransform_float_3_3
Parameters: 0.999991 -0.00163745 0.00387988 0.00165555 0.999987 -0.00478362 -0.00387212 0.00479038 0.999981 -0.0840475 -0.0173421 -0.113828
FixedParameters: 0 0 0

#Transform 78
Transform: AffineTransform_float_3_3
Parameters: 0.999991 -0.00170004 0.00384854 0.00171696 0.999989 -0.00440743 -0.00384147 0.00441357 0.999983 -0.0843928 -0.0461188 -0.0993401
FixedParameters: 0 0 0

#Transform 79
Transform: AffineTransform_float_3_3
Parameters: 0.999994 -0.00213334 0.00278221 0.00214466 0.999991 -0.00383506 -0.00277379 0.00384094 0.999989 -0.0750877 -0.0778209 -0.149748
FixedParameters: 0 0 0

#Transform 80
Transform: AffineTransform_float_3_3
Parameters: 0.999993 -0.00193053 0.00313658 0.00194548 0.999986 -0.00493793 -0.00312743 0.00494407 0.999983 -0.0773484 -0.0237201 -0.116773
FixedParameters: 0 0 0

#Transform 81
Transform: AffineTransform_float_3_3
Parameters: 0.999992 -0.00195568 0.00332627 0.00196731 0.999991 -0.00370348 -0.00331873 0.00371052 0.999987 -0.0803576 -0.0426431 -0.0683914
FixedParameters: 0 0 0

#Transform 82
Transform: AffineTransform_float_3_3
Parameters: 0.999997 -0.00120084 0.00239561 0.00120916 0.999992 -0.00382412 -0.00239139 0.00382688 0.99999 -0.0476693 -0.024069 -0.209802
FixedParameters: 0 0 0

#Transform 83
Transform: AffineTransform_float_3_3
Parameters: 0.999994 -0.00168911 0.00325026 0.00170289 0.99999 -0.00427649 -0.00324274 0.00428251 0.999985 -0.0593062 -0.0588595 -0.0785858
FixedParameters: 0 0 0

#Transform 84
Transform: AffineTransform_float_3_3
Parameters: 0.999993 -0.00177023 0.00344404 0.00177978 0.999995 -0.00283689 -0.00343896 0.00284311 0.99999 -0.0795687 -0.0615409 -0.0539047
FixedParameters: 0 0 0

#Transform 85
Transform: AffineTransform_float_3_3
Parameters: 0.999993 -0.00173308 0.00338513 0.00174493 0.999993 -0.00352312 -0.00337887 0.00352888 0.999988 -0.078308 -0.012126 -0.0694975
FixedParameters: 0 0 0

#Transform 86
Transform: AffineTransform_float_3_3
Parameters: 0.999993 -0.00194574 0.00295378 0.00195825 0.999988 -0.00449225 -0.00294423 0.00449776 0.999986 -0.0921441 -0.0244162 -0.10991
FixedParameters: 0 0 0

#Transform 87
Transform: AffineTransform_float_3_3
Parameters: 0.999993 -0.0017329 0.0032739 0.00174411 0.999992 -0.00339231 -0.0032681 0.00339769 0.999989 -0.0710069 -0.0658649 -0.0488232
FixedParameters: 0 0 0

#Transform 88
Transform: AffineTransform_float_3_3
Parameters: 0.999993 -0.00211066 0.00304699 0.00212535 0.999986 -0.00471256 -0.00303701 0.00471844 0.999985 -0.0791935 -0.0372261 -0.15305
FixedParameters: 0 0 0

#Transform 89
Transform: AffineTransform_float_3_3
Parameters: 0.999994 -0.00196333 0.00284071 0.00197367 0.999993 -0.00340542 -0.00283329 0.00341158 0.99999 -0.060024 -0.0422497 -0.107618
FixedParameters: 0 0 0

#Transform 90
Transform: AffineTransform_float_3_3
Parameters: 0.999993 -0.00198122 0.00318997 0.00199378 0.99999 -0.00400667 -0.00318203 0.00401333 0.999987 -0.0673007 0.0192979 -0.0684651
FixedParameters: 0 0 0

#Transform 91
Transform: AffineTransform_float_3_3
Parameters: 0.999993 -0.00194804 0.0033815 0.00196096 0.99999 -0.0038334 -0.0033735 0.0038396 0.999987 -0.073345 -0.0362927 -0.102925
FixedParameters: 0 0 0

#Transform 92
Transform: AffineTransform_float_3_3
Parameters: 0.999993 -0.0014532 0.00341661 0.0014638 0.999994 -0.00316002 -0.00341139 0.00316498 0.999989 -0.0613326 -0.0188351 -0.0676925
FixedParameters: 0 0 0

#Transform 93
Transform: AffineTransform_float_3_3
Parameters: 0.999993 -0.00172967 0.0035086 0.00174233 0.999992 -0.00380092 -0.0035014 0.00380708 0.999986 -0.0737363 -0.00828436 -0.0885149
FixedParameters: 0 0 0

#Transform 94
Transform: AffineTransform_float_3_3
Parameters: 0.999991 -0.00159793 0.00380993 0.00161207 0.999992 -0.00369189 -0.00380407 0.00369811 0.999986 -0.0724857 -0.0217226 -0.0639461
FixedParameters: 0 0 0

#Transform 95
Transform: AffineTransform_float_3_3
Parameters: 0.999991 -0.00183833 0.00380965 0.00185067 0.999993 -0.00306098 -0.00380435 0.00306802 0.999988 -0.0672857 -0.0463521 -0.0519026
FixedParameters: 0 0 0

#Transform 96
Transform: AffineTransform_float_3_3
Parameters: 0.999991 -0.0015388 0.00381099 0.0015562 0.999988 -0.0045151 -0.003804 0.00452089 0.999982 -0.0821362 0.00867109 -0.105966
FixedParameters: 0 0 0

#Transform 97
Transform: AffineTransform_float_3_3
Parameters: 0.999991 -0.00178013 0.00381004 0.00179287 0.999992 -0.0033782 -0.00380396 0.0033848 0.999987 -0.0649282 -0.0474893 -0.0648271
FixedParameters: 0 0 0

#Transform 98
Transform: AffineTransform_float_3_3
Parameters: 0.999994 -0.00156456 0.0032834 0.00157944 0.999987 -0.00470484 -0.0032756 0.00470915 0.999983 -0.0746338 0.00302839 -0.116332
FixedParameters: 0 0 0

#Transform 99
Transform: AffineTransform_float_3_3
Parameters: 0.999992 -0.00155849 0.00370499 0.00157551 0.999989 -0.0044582 -0.00369801 0.0044638 0.999983 -0.0806394 -0.0106774 -0.0728322
FixedParameters: 0 0 0

#Transform 100
Transform: AffineTransform_float_3_3
Parameters: 0.999993 -0.00168181 0.00354724 0.0016972 0.99999 -0.00428501 -0.00353975 0.00429099 0.999984 -0.0801229 0.0101001 -0.0788431
FixedParameters: 0 0 0

#Transform 101
Transform: AffineTransform_float_3_3
Parameters: 0.999991 -0.00152275 0.00410182 0.00154126 0.999989 -0.00445072 -0.00409518 0.00445728 0.999981 -0.0861283 -0.0196271 -0.13336
FixedParameters: 0 0 0

#Transform 102
Transform: AffineTransform_float_3_3
Parameters: 0.999991 -0.00163897 0.00389978 0.00165503 0.99999 -0.00411058 -0.00389322 0.00411742 0.999984 -0.0870498 -0.0246708 -0.119495
FixedParameters: 0 0 0

#Transform 103
Transform: AffineTransform_float_3_3
Parameters: 0.99999 -0.00158689 0.00434129 0.00160412 0.999991 -0.00394108 -0.00433571 0.00394792 0.999983 -0.0904726 0.0127913 -0.070692
FixedParameters: 0 0 0

#Transform 104
Transform: AffineTransform_float_3_3
Parameters: 0.999991 -0.00136062 0.00416239 0.00138039 0.999988 -0.0046573 -0.00415662 0.0046627 0.999981 -0.0847328 -0.0109786 -0.110446
FixedParameters: 0 0 0

#Transform 105
Transform: AffineTransform_float_3_3
Parameters: 0.999991 -0.00146047 0.00416149 0.00147654 0.999992 -0.00373189 -0.00415652 0.00373811 0.999985 -0.0859484 -0.00393138 -0.0661901
FixedParameters: 0 0 0

#Transform 106
Transform: AffineTransform_float_3_3
Parameters: 0.99999 -0.00125438 0.00416257 0.00127562 0.999985 -0.00519574 -0.00415642 0.00520126 0.999978 -0.0832117 0.0336848 -0.104828
FixedParameters: 0 0 0

#Transform 107
Transform: AffineTransform_float_3_3
Parameters: 0.99999 -0.00133269 0.00442886 0.00135231 0.999989 -0.00435905 -0.00442314 0.00436494 0.99998 -0.0879328 -0.0107031 -0.0482269
FixedParameters: 0 0 0

#Transform 108
Transform: AffineTransform_float_3_3
Parameters: 0.999991 -0.00136163 0.00416172 0.00137937 0.999991 -0.0041733 -0.00415628 0.0041787 0.999982 -0.0844341 0.0167236 -0.0438913
FixedParameters: 0 0 0

#Transform 109
Transform: AffineTransform_float_3_3
Parameters: 0.99999 -0.00121028 0.00425695 0.00123072 0.999988 -0.00486781 -0.00425106 0.0048732 0.999979 -0.0838253 0.000372773 -0.0847887
FixedParameters: 0 0 0

#Transform 110
Transform: AffineTransform_float_3_3
Parameters: 0.99999 -0.00194539 0.0038734 0.0019636 0.999986 -0.00480444 -0.0038636 0.00481256 0.999981 -0.0887738 -0.0233976 -0.0721345
FixedParameters: 0 0 0

#Transform 111
Transform: AffineTransform_float_3_3
Parameters: 0.999991 -0.00234364 0.00358808 0.00235936 0.999988 -0.00428258 -0.00357792 0.00429143 0.999985 -0.0666823 -0.0398166 -0.0371483
FixedParameters: 0 0 0

#Transform 112
Transform: AffineTransform_float_3_3
Parameters: 0.999989 -0.0022736 0.00392272 0.0022924 0.999987 -0.00469306 -0.00391127 0.00470194 0.999982 -0.0821484 -0.0322701 -0.0649669
FixedParameters: 0 0 0

#Transform 113
Transform: AffineTransform_float_3_3
Parameters: 0.99999 -0.0019896 0.00398324 0.0020084 0.999988 -0.00462005 -0.00397476 0.00462796 0.999982 -0.0867759 -0.00285946 -0.0669434
FixedParameters: 0 0 0

#Transform 114
Transform: AffineTransform_float_3_3
Parameters: 0.999988 -0.00162829 0.0044842 0.00164871 0.999989 -0.00439466 -0.00447779 0.00440134 0.999981 -0.0879626 -0.0226654 -0.0453852
FixedParameters: 0 0 0

#Transform 115
Transform: AffineTransform_float_3_3
Parameters: 0.999991 -0.00122842 0.00422856 0.00124359 0.999993 -0.00368578 -0.00422345 0.00369023 0.999985 -0.0897773 0.0127782 -0.0536129
FixedParameters: 0 0 0

#Transform 116
Transform: AffineTransform_float_3_3
Parameters: 0.999987 -0.00098322 0.00486745 0.00100578 0.999989 -0.00447416 -0.00486355 0.00447884 0.999978 -0.083071 0.0309147 -0.0706149
FixedParameters: 0 0 0

#Transform 117
Transform: AffineTransform_float_3_3
Parameters: 0.99999 -0.0012796 0.00442207 0.00129741 0.999992 -0.0039343 -0.00441792 0.00394069 0.999982 -0.0803353 -0.00993594 -0.0832457
FixedParameters: 0 0 0

#Transform 118
Transform: AffineTransform_float_3_3
Parameters: 0.99999 -0.00207137 0.00396327 0.00208863 0.999988 -0.00444977 -0.00395374 0.00445823 0.999982 -0.0747434 0.00403474 -0.101013
FixedParameters: 0 0 0

#Transform 119
Transform: AffineTransform_float_3_3
Parameters: 0.999991 -0.00242644 0.00348648 0.00244056 0.99999 -0.00389153 -0.00347652 0.00389947 0.999987 -0.0492447 -0.0572579 -0.14286
FixedParameters: 0 0 0

#Transform 120
Transform: AffineTransform_float_3_3
Parameters: 0.999992 -0.00203691 0.00348704 0.00205409 0.999986 -0.00490388 -0.00347696 0.00491112 0.999982 -0.0516503 0.0360334 -0.132834
FixedParameters: 0 0 0

#Transform 121
Transform: AffineTransform_float_3_3
Parameters: 0.999991 -0.00159883 0.003943 0.00161617 0.999989 -0.00435467 -0.00393599 0.00436133 0.999982 -0.0575127 -0.00775487 -0.0666941
FixedParameters: 0 0 0

#Transform 122
Transform: AffineTransform_float_3_3
Parameters: 0.999991 -0.00157156 0.00390984 0.00158644 0.999992 -0.00369383 -0.00390416 0.00370017 0.999986 -0.0567222 0.000209819 -0.0838112
FixedParameters: 0 0 0

#Transform 123
Transform: AffineTransform_float_3_3
Parameters: 0.999991 -0.00169884 0.00391193 0.00171716 0.999987 -0.00464332 -0.00390406 0.00464967 0.999981 -0.0735396 -0.0110162 -0.085316
FixedParameters: 0 0 0

#Transform 124
Transform: AffineTransform_float_3_3
Parameters: 0.99999 -0.00252195 0.00350144 0.00253505 0.99999 -0.00372816 -0.00349156 0.00373684 0.999987 -0.0650144 -0.0365238 -0.208706
FixedParameters: 0 0 0

#Transform 125
Transform: AffineTransform_float_3_3
Parameters: 0.999993 -0.00171712 0.00350486 0.00172688 0.999994 -0.00281797 -0.00349914 0.00282403 0.99999 -0.0631389 0.0558447 -0.231929
FixedParameters: 0 0 0

#Transform 126
Transform: AffineTransform_float_3_3
Parameters: 0.999989 -0.00145581 0.00430223 0.00147719 0.999987 -0.00492669 -0.00429577 0.0049333 0.999978 -0.0627938 0.0809572 -0.622908
FixedParameters: 0 0 0

#Transform 127
Transform: AffineTransform_float_3_3
Parameters: 0.999994 -0.00173205 0.00276353 0.00174395 0.999989 -0.0043282 -0.00275547 0.0043338 0.999987 -0.0325384 0.0339413 -0.365774
FixedParameters: 0 0 0

#Transform 128
Transform: AffineTransform_float_3_3
Parameters: 0.999996 -0.00131548 0.00255093 0.00132552 0.999992 -0.00373563 -0.00254606 0.00373836 0.99999 -0.0235581 0.00261279 -0.402303
FixedParameters: 0 0 0

#Transform 129
Transform: AffineTransform_float_3_3
Parameters: 0.999995 -0.00147881 0.00282847 0.0014932 0.999987 -0.00502281 -0.00282153 0.0050262 0.999984 -0.0300164 0.0520462 -0.386926
FixedParameters: 0 0 0

#Transform 130
Transform: AffineTransform_float_3_3
Parameters: 0.999994 -0.00139791 0.00336647 0.00141009 0.999992 -0.00389028 -0.00336054 0.00389472 0.999987 -0.0364709 0.00485505 -0.335137
FixedParameters: 0 0 0

#Transform 131
Transform: AffineTransform_float_3_3
Parameters: 0.999995 -0.00167082 0.00286837 0.00168018 0.999994 -0.0032022 -0.00286263 0.0032068 0.999991 -0.0331892 0.0157495 -0.350468
FixedParameters: 0 0 0

#Transform 132
Transform: AffineTransform_float_3_3
Parameters: 0.999995 -0.00161989 0.00293372 0.00163211 0.99999 -0.00412924 -0.00292728 0.00413377 0.999987 -0.0334429 0.0448976 -0.346983
FixedParameters: 0 0 0

#Transform 133
Transform: AffineTransform_float_3_3
Parameters: 0.999993 -0.00176176 0.00311509 0.00177624 0.999988 -0.00457449 -0.0031069 0.0045805 0.999984 -0.0450192 0.0270207 -0.218271
FixedParameters: 0 0 0

#Transform 134
Transform: AffineTransform_float_3_3
Parameters: 0.999993 -0.00146393 0.00341819 0.00147607 0.999992 -0.00353098 -0.00341381 0.00353602 0.999988 -0.037982 0.0342316 -0.196169
FixedParameters: 0 0 0

#Transform 135
Transform: AffineTransform_float_3_3
Parameters: 0.999995 -0.00243503 0.00211505 0.00244196 0.999991 -0.00329685 -0.00210695 0.00330215 0.999993 -0.0228269 -0.0395217 -0.236429
FixedParameters: 0 0 0

#Transform 136
Transform: AffineTransform_float_3_3
Parameters: 0.999994 -0.00184092 0.00294858 0.00185307 0.99999 -0.00409856 -0.00294042 0.00410444 0.999988 -0.0343734 0.0173248 -0.203889
FixedParameters: 0 0 0

#Transform 137
Transform: AffineTransform_float_3_3
Parameters: 0.999994 -0.00165527 0.0031138 0.00166773 0.99999 -0.00408983 -0.0031072 0.00409417 0.999987 -0.0363051 0.0149062 -0.209107
FixedParameters: 0 0 0

#Transform 138
Transform: AffineTransform_float_3_3
Parameters: 0.999993 -0.0016693 0.00337731 0.0016797 0.999994 -0.00316835 -0.00337169 0.00317465 0.99999 -0.040226 0.0225142 -0.172222
FixedParameters: 0 0 0

#Transform 139
Transform: AffineTransform_float_3_3
Parameters: 0.999995 -0.00130633 0.00311192 0.00131867 0.999992 -0.00374992 -0.00310708 0.00375408 0.999988 -0.0314368 0.0568523 -0.264873
FixedParameters: 0 0 0

#Transform 140
Transform: AffineTransform_float_3_3
Parameters: 0.999994 -0.00135245 0.00311073 0.00136055 0.999996 -0.00274879 -0.00310727 0.00275322 0.999992 -0.0445698 0.0234687 -0.272165
FixedParameters: 0 0 0

#Transform 141
Transform: AffineTransform_float_3_3
Parameters: 0.999995 -0.00207757 0.00267457 0.00208543 0.999993 -0.00315344 -0.00266743 0.00315956 0.999992 -0.0360713 0.00566739 -0.277651
FixedParameters: 0 0 0

#Transform 142
Transform: AffineTransform_float_3_3
Parameters: 0.999994 -0.00223577 0.0023816 0.00224724 0.999987 -0.00472467 -0.0023714 0.00473033 0.999986 -0.0539898 0.00106331 -0.400793
FixedParameters: 0 0 0

#Transform 143
Transform: AffineTransform_float_3_3
Parameters: 0.999994 -0.00228325 0.00253582 0.00229275 0.99999 -0.00384921 -0.00252619 0.00385479 0.99999 -0.0541284 -0.0548962 -0.323105
FixedParameters: 0 0 0

#Transform 144
Transform: AffineTransform_float_3_3
Parameters: 0.999994 -0.00201528 0.00288493 0.00202872 0.999988 -0.00441218 -0.00287607 0.00441782 0.999986 -0.0555651 0.0113587 -0.311674
FixedParameters: 0 0 0

#Transform 145
Transform: AffineTransform_float_3_3
Parameters: 0.999993 -0.00182859 0.0030395 0.00184041 0.99999 -0.00408543 -0.0030315 0.00409057 0.999987 -0.0361537 -0.0253182 -0.270456
FixedParameters: 0 0 0

#Transform 146
Transform: AffineTransform_float_3_3
Parameters: 0.999994 -0.00151583 0.0033324 0.00153217 0.999987 -0.00485593 -0.00332459 0.00486107 0.999982 -0.051117 0.0357883 -0.327612
FixedParameters: 0 0 0

#Transform 147
Transform: AffineTransform_float_3_3
Parameters: 0.999993 -0.00150324 0.00339768 0.00151576 0.999992 -0.00375688 -0.00339233 0.00376213 0.999987 -0.0430875 -0.0078235 -0.229217
FixedParameters: 0 0 0

#Transform 148
Transform: AffineTransform_float_3_3
Parameters: 0.999993 -0.00136774 0.00353134 0.00138326 0.999989 -0.00460515 -0.00352566 0.00460986 0.999983 -0.0368953 0.0415113 -0.306762
FixedParameters: 0 0 0

#Transform 149
Transform: AffineTransform_float_3_3
Parameters: 0.999991 -0.00272591 0.00301719 0.0027461 0.999971 -0.00700877 -0.00299881 0.00701723 0.999971 -0.0548614 -0.1491 -0.471615
FixedParameters: 0 0 0

#Transform 150
Transform: AffineTransform_float_3_3
Parameters: 0.999993 -0.000873131 0.00368417 0.000918865 0.999922 -0.0124667 -0.00367283 0.0124703 0.999916 -0.108888 -0.118413 -0.712491
FixedParameters: 0 0 0

#Transform 151
Transform: AffineTransform_float_3_3
Parameters: 0.999989 -0.000899044 0.00465728 0.000935957 0.999968 -0.00793973 -0.00464971 0.00794327 0.999957 -0.0984848 0.136464 -0.426339
FixedParameters: 0 0 0
