#Insight Transform File V1.0
#Transform 0
Transform: AffineTransform_float_3_3
Parameters: 1 0.00113502 -5.20677e-07 -0.00113498 0.999983 -0.00574501 -6.52058e-06 0.005745 0.999984 -0.102254 -0.460741 -0.434819
FixedParameters: 0 0 0

#Transform 1
Transform: AffineTransform_float_3_3
Parameters: 0.999999 0.00126306 0.000267056 -0.00126194 0.999991 -0.00391634 -0.000271945 0.00391666 0.999993 -0.106541 -0.43095 -0.384351
FixedParameters: 0 0 0

#Transform 2
Transform: AffineTransform_float_3_3
Parameters: 0.999999 0.00135715 0.000353595 -0.00135584 0.999994 -0.00324748 -0.000358404 0.00324652 0.999994 -0.103016 -0.37766 -0.335134
FixedParameters: 0 0 0

#Transform 3
Transform: AffineTransform_float_3_3
Parameters: 1 0.00102777 0.000269077 -0.00102723 0.999996 -0.00284528 -0.000271924 0.00284472 0.999996 -0.101321 -0.353209 -0.291163
FixedParameters: 0 0 0

#Transform 4
Transform: AffineTransform_float_3_3
Parameters: 0.999999 0.00102867 0.000797858 -0.00102734 0.999998 -0.00208382 -0.000800142 0.00208318 0.999997 -0.101147 -0.341011 -0.288935
FixedParameters: 0 0 0

#Transform 5
Transform: AffineTransform_float_3_3
Parameters: 1 0.00117434 0.000270511 -0.00117366 0.999998 -0.00126832 -0.000272488 0.00126768 0.999999 -0.102057 -0.338977 -0.282088
FixedParameters: 0 0 0

#Transform 6
Transform: AffineTransform_float_3_3
Parameters: 0.999999 0.00102832 0.000957581 -0.00102668 0.999998 -0.00138098 -0.000958418 0.00138001 0.999998 -0.101085 -0.328041 -0.280059
FixedParameters: 0 0 0

#Transform 7
Transform: AffineTransform_float_3_3
Parameters: 1 0.00102793 0.000611436 -0.00102707 0.999999 -0.00152263 -0.000613565 0.00152237 0.999998 -0.0671008 -0.32824 -0.265302
FixedParameters: 0 0 0

#Transform 8
Transform: AffineTransform_float_3_3
Parameters: 1 0.00102779 0.000572582 -0.00102721 0.999999 -0.00138059 -0.000574419 0.00138041 0.999999 -0.0541028 -0.277948 -0.216578
FixedParameters: 0 0 0

#Transform 9
Transform: AffineTransform_float_3_3
Parameters: 1 0.000882248 0.000428491 -0.000881754 1 -0.000577378 -0.000428509 0.000576622 0.999999 -0.0477667 -0.277769 -0.189219
FixedParameters: 0 0 0

#Transform 10
Transform: AffineTransform_float_3_3
Parameters: 0.999999 0.000580331 0.000642701 -0.000579669 0.999999 -0.000514372 -0.000643298 0.000514627 0.999999 -0.037315 -0.237094 -0.17186
FixedParameters: 0 0 0

#Transform 11
Transform: AffineTransform_float_3_3
Parameters: 1 0.000521242 0.000418699 -0.000520758 0.999999 -0.000578218 -0.000418301 0.000577782 0.999999 -0.0344973 -0.20903 -0.173998
FixedParameters: 0 0 0

#Transform 12
Transform: AffineTransform_float_3_3
Parameters: 1 0.000353113 0.00101696 -0.000352887 1 -0.000111359 -0.00101704 0.000110641 1 -0.0121514 -0.183747 -0.147048
FixedParameters: 0 0 0

#Transform 13
Transform: AffineTransform_float_3_3
Parameters: 0.999999 0.000356082 0.00074796 -0.000355917 1 -0.000110266 -0.000748039 0.000109734 0.999999 -0.0013096 -0.162595 -0.121272
FixedParameters: 0 0 0

#Transform 14
Transform: AffineTransform_float_3_3
Parameters: 0.999999 0.000520985 0.000759009 -0.000521014 1 1.86045e-05 -0.000758989 -1.93954e-05 0.999999 -0.0118602 -0.1335 -0.102908
FixedParameters: 0 0 0

#Transform 15
Transform: AffineTransform_float_3_3
Parameters: 0.999999 0.000319133 0.000775945 -0.000318867 1 -0.000171247 -0.000776054 0.000171752 0.999999 -0.0130182 -0.112351 -0.0809432
FixedParameters: 0 0 0

#Transform 16
Transform: AffineTransform_float_3_3
Parameters: 0.999999 0.000328219 0.000687895 -0.000328781 1 -0.000318226 -0.000687104 0.000318774 0.999999 -0.00105353 -0.102417 -0.0478759
FixedParameters: 0 0 0

#Transform 17
Transform: AffineTransform_float_3_3
Parameters: 1 -7.2114e-05 -0.000241966 7.1886e-05 1 -0.000471017 0.000242034 0.000470982 1 0.0281597 -0.0985821 -0.0231701
FixedParameters: 0 0 0

#Transform 18
Transform: AffineTransform_float_3_3
Parameters: 0.999999 0.000689037 0.000216882 -0.000688963 0.999999 -0.000171149 -0.000217118 0.00017185 1 -0.0031017 -0.0708779 -0.020124
FixedParameters: 0 0 0

#Transform 19
Transform: AffineTransform_float_3_3
Parameters: 1 -0.000152851 0.000415055 0.000153149 1 -0.000358936 -0.000414945 0.000359063 1 0.00119981 -0.0351482 -0.0170401
FixedParameters: 0 0 0

#Transform 20
Transform: AffineTransform_float_3_3
Parameters: 1 0.000263967 -0.000242036 -0.000264033 1 -0.000136936 0.000241964 0.000137064 1 -0.00108915 -0.0278879 -0.0132876
FixedParameters: 0 0 0

#Transform 21
Transform: AffineTransform_float_3_3
Parameters: 1 0.000264011 0.000168983 -0.000263989 1 -6.40446e-05 -0.000169017 6.39554e-05 1 -0.0197196 -0.0278606 -0.018963
FixedParameters: 0 0 0

#Transform 22
Transform: AffineTransform_float_3_3
Parameters: 1 -0.000297198 0.000608903 0.000296802 1 0.000325181 -0.000609096 -0.000324819 1 -0.0158775 -0.0206165 0.0145394
FixedParameters: 0 0 0

#Transform 23
Transform: AffineTransform_float_3_3
Parameters: 1 -0.000684018 3.96764e-05 0.000683981 0.999999 0.000473027 -3.93235e-05 -0.000472973 1 0.00366249 0.00601661 0.015012
FixedParameters: 0 0 0

#Transform 24
Transform: AffineTransform_float_3_3
Parameters: 1 -0.000297375 0.000372701 0.000296625 1 0.00100611 -0.000373299 -0.00100589 1 -0.0123054 -0.0151188 0.0177963
FixedParameters: 0 0 0

#Transform 25
Transform: AffineTransform_float_3_3
Parameters: 1 -0.000546906 -8.85858e-05 0.000546095 1 0.00107095 8.84152e-05 -0.00107105 1 -0.0077066 -0.0228025 0.0179238
FixedParameters: 0 0 0

#Transform 26
Transform: AffineTransform_float_3_3
Parameters: 1 0.000261919 6.53267e-05 -0.000262082 0.999999 0.00124698 -6.56732e-05 -0.00124702 0.999999 -0.0225079 0.0286549 0.0243983
FixedParameters: 0 0 0

#Transform 27
Transform: AffineTransform_float_3_3
Parameters: 1 -0.000296866 -9.74098e-05 0.000296134 0.999999 0.00137997 9.65914e-05 -0.00138003 0.999999 0.00171828 0.0130247 -0.00672431
FixedParameters: 0 0 0

#Transform 28
Transform: AffineTransform_float_3_3
Parameters: 1 -0.000546826 -0.000164579 0.000546174 1 0.00105791 0.000164422 -0.00105809 1 0.00294334 0.00630296 0.0348224
FixedParameters: 0 0 0

#Transform 29
Transform: AffineTransform_float_3_3
Parameters: 1 -0.000296753 0.000252291 0.000296247 1 -0.000979926 -0.00025171 0.000980076 1 0.0119245 -0.00912953 0.0250481
FixedParameters: 0 0 0

#Transform 30
Transform: AffineTransform_float_3_3
Parameters: 1 -0.000296977 8.60787e-05 0.000297023 1 -0.000264974 -8.69213e-05 0.000265026 1 -0.00383552 -0.030192 0.0466983
FixedParameters: 0 0 0

#Transform 31
Transform: AffineTransform_float_3_3
Parameters: 1 -0.000546962 8.52417e-05 0.000547037 1 -0.000441953 -8.47582e-05 0.000442046 1 -0.0167309 -0.0066873 0.046709
FixedParameters: 0 0 0

#Transform 32
Transform: AffineTransform_float_3_3
Parameters: 1 -0.000440982 9.30838e-05 0.000441018 1 -0.000189959 -9.29162e-05 0.000190041 1 -0.0262525 0.0123778 0.0478543
FixedParameters: 0 0 0

#Transform 33
Transform: AffineTransform_float_3_3
Parameters: 1 -3.046e-06 6.19977e-05 2.95399e-06 0.999999 0.000742 -6.20022e-05 -0.000741999 0.999999 -0.0317011 0.0723512 0.0737983
FixedParameters: 0 0 0

#Transform 34
Transform: AffineTransform_float_3_3
Parameters: 1 0.000200906 5.73289e-05 -0.000201095 0.999998 0.00163699 -5.76709e-05 -0.00163701 0.999998 -0.0350141 0.128952 0.0779915
FixedParameters: 0 0 0

#Transform 35
Transform: AffineTransform_float_3_3
Parameters: 1 -0.000297569 0.000255338 0.000296432 0.999998 0.00222608 -0.000255661 -0.00222593 0.999998 -0.0301392 0.105623 0.104111
FixedParameters: 0 0 0

#Transform 36
Transform: AffineTransform_float_3_3
Parameters: 1 -0.000297945 0.00036022 0.000296056 0.999997 0.00262111 -0.000360777 -0.0026209 0.999997 -0.010795 0.129023 0.148988
FixedParameters: 0 0 0

#Transform 37
Transform: AffineTransform_float_3_3
Parameters: 1 -0.000298685 0.000594156 0.000296316 0.999996 0.00283318 -0.000594842 -0.00283382 0.999996 -0.00559654 0.165734 0.175092
FixedParameters: 0 0 0

#Transform 38
Transform: AffineTransform_float_3_3
Parameters: 1 -0.000298609 0.000594194 0.000296392 0.999997 0.00270518 -0.000594804 -0.00270582 0.999996 -0.0209589 0.14034 0.170264
FixedParameters: 0 0 0

#Transform 39
Transform: AffineTransform_float_3_3
Parameters: 1 -0.000372202 7.39935e-05 0.000371799 0.999997 0.00270503 -7.5006e-05 -0.00270497 0.999997 -0.0161344 0.146075 0.199329
FixedParameters: 0 0 0

#Transform 40
Transform: AffineTransform_float_3_3
Parameters: 0.999999 -0.000708184 7.32354e-05 0.000707815 0.999996 0.00249205 -7.47641e-05 -0.00249195 0.999997 -0.00848467 0.173836 0.205348
FixedParameters: 0 0 0

#Transform 41
Transform: AffineTransform_float_3_3
Parameters: 0.999999 -0.000707669 -0.000128834 0.000707329 0.999997 0.00259091 0.000126168 -0.00259109 0.999996 -0.00389308 0.135311 0.206935
FixedParameters: 0 0 0

#Transform 42
Transform: AffineTransform_float_3_3
Parameters: 0.999999 -0.000707731 -0.000122565 0.00070827 0.999998 0.00221091 0.000121434 -0.00221109 0.999997 -0.00386456 0.171979 0.246292
FixedParameters: 0 0 0

#Transform 43
Transform: AffineTransform_float_3_3
Parameters: 0.999999 -0.000955191 7.25167e-05 0.000954807 0.999996 0.00260007 -7.54827e-05 -0.00259993 0.999996 -0.00262663 0.200781 0.248244
FixedParameters: 0 0 0

#Transform 44
Transform: AffineTransform_float_3_3
Parameters: 1 -0.000556628 0.000286784 0.000556372 0.999998 0.00218516 -0.000288217 -0.00218584 0.999997 -0.0231549 0.144006 0.191413
FixedParameters: 0 0 0

#Transform 45
Transform: AffineTransform_float_3_3
Parameters: 1 -0.00116531 0.000174971 0.00116469 0.999998 0.0017412 -0.000177029 -0.00174179 0.999998 -0.0244867 0.125362 0.183093
FixedParameters: 0 0 0

#Transform 46
Transform: AffineTransform_float_3_3
Parameters: 1 -0.00116542 0.000174214 0.00116458 0.999997 0.00239121 -0.000176785 -0.0023908 0.999997 -0.0132907 0.178962 0.230262
FixedParameters: 0 0 0

#Transform 47
Transform: AffineTransform_float_3_3
Parameters: 1 -0.00102766 0.000173131 0.00102634 0.999993 0.00376618 -0.000176866 -0.00376582 0.999993 -0.00209321 0.194027 0.271503
FixedParameters: 0 0 0

#Transform 48
Transform: AffineTransform_float_3_3
Parameters: 1 -0.0011655 0.000173652 0.0011645 0.999995 0.0028732 -0.000176346 -0.0028728 0.999996 -0.00144158 0.198675 0.259205
FixedParameters: 0 0 0

#Transform 49
Transform: AffineTransform_float_3_3
Parameters: 1 -0.00116495 -1.66021e-05 0.00116505 0.999994 0.00309198 1.33977e-05 -0.00309202 0.999995 -0.0015286 0.201225 0.24376
FixedParameters: 0 0 0

#Transform 50
Transform: AffineTransform_float_3_3
Parameters: 1 -0.00116492 -2.84273e-05 0.00116508 0.999995 0.00294197 2.55724e-05 -0.00294203 0.999995 -0.00154332 0.209825 0.234895
FixedParameters: 0 0 0

#Transform 51
Transform: AffineTransform_float_3_3
Parameters: 1 -0.00116553 0.000173473 0.00116447 0.999994 0.0030272 -0.000176526 -0.0030268 0.999996 -0.00145029 0.200685 0.245797
FixedParameters: 0 0 0

#Transform 52
Transform: AffineTransform_float_3_3
Parameters: 1 -0.0011655 0.000173706 0.00116451 0.999996 0.00282721 -0.000176293 -0.0028268 0.999996 -0.001448 0.192183 0.23671
FixedParameters: 0 0 0

#Transform 53
Transform: AffineTransform_float_3_3
Parameters: 1 -0.00116547 0.000173873 0.00116453 0.999995 0.0026842 -0.000177126 -0.0026838 0.999997 -0.00145373 0.205368 0.223294
FixedParameters: 0 0 0

#Transform 54
Transform: AffineTransform_float_3_3
Parameters: 1 -0.00108353 0.000173698 0.00108347 0.999995 0.00304819 -0.000176303 -0.00304781 0.999996 -0.00189483 0.180573 0.241416
FixedParameters: 0 0 0

#Transform 55
Transform: AffineTransform_float_3_3
Parameters: 1 -0.0011647 -8.33181e-05 0.0011643 0.999993 0.00370691 7.86845e-05 -0.0037071 0.999993 -0.0015776 0.18736 0.257279
FixedParameters: 0 0 0

#Transform 56
Transform: AffineTransform_float_3_3
Parameters: 1 -0.00116426 -0.0002495 0.00116475 0.999995 0.00300471 0.000246501 -0.00300529 0.999996 -0.00163595 0.213858 0.259376
FixedParameters: 0 0 0

#Transform 57
Transform: AffineTransform_float_3_3
Parameters: 1 -0.00116391 -0.000364499 0.00116509 0.999995 0.00300458 0.000361502 -0.00300442 0.999996 -0.00824755 0.21025 0.245431
FixedParameters: 0 0 0

#Transform 58
Transform: AffineTransform_float_3_3
Parameters: 0.999999 -0.000921911 -0.000363772 0.000923089 0.999995 0.00300467 0.000361228 -0.00300534 0.999996 -0.015418 0.178157 0.246803
FixedParameters: 0 0 0

#Transform 59
Transform: AffineTransform_float_3_3
Parameters: 0.999999 -0.000935925 -2.76759e-05 0.000936076 0.999996 0.00285898 2.53238e-05 -0.00285903 0.999996 -0.0246636 0.187036 0.220036
FixedParameters: 0 0 0

#Transform 60
Transform: AffineTransform_float_3_3
Parameters: 0.999999 -0.000838779 -6.68321e-05 0.000839221 0.999994 0.00337595 6.41671e-05 -0.00337606 0.999995 -0.0137199 0.0512249 0.054101
FixedParameters: 0 0 0

#Transform 61
Transform: AffineTransform_float_3_3
Parameters: 0.999999 -0.00116314 -0.000538031 0.00116486 0.999994 0.00346238 0.000533969 -0.00346362 0.999994 -0.0126189 -0.028383 -0.00754604
FixedParameters: 0 0 0

#Transform 62
Transform: AffineTransform_float_3_3
Parameters: 0.999999 -0.00116303 -0.000622686 0.00116497 0.999995 0.00316628 0.000619314 -0.00316672 0.999995 -0.0190749 -0.046125 0.0413609
FixedParameters: 0 0 0

#Transform 63
Transform: AffineTransform_float_3_3
Parameters: 0.999999 -0.00116219 -0.000886697 0.00116481 0.999995 0.00317697 0.000883303 -0.00317803 0.999994 -0.0283395 -0.0290424 0.0411383
FixedParameters: 0 0 0

#Transform 64
Transform: AffineTransform_float_3_3
Parameters: 0.999999 -0.00105967 -0.000622977 0.00106233 0.999993 0.00374834 0.000619022 -0.00374866 0.999993 -0.0287621 -0.0489526 0.0510154
FixedParameters: 0 0 0

#Transform 65
Transform: AffineTransform_float_3_3
Parameters: 0.999999 -0.0010475 -0.000934937 0.0010505 0.999993 0.00375202 0.000931064 -0.00375298 0.999992 -0.0419847 -0.0287215 0.0610794
FixedParameters: 0 0 0

#Transform 66
Transform: AffineTransform_float_3_3
Parameters: 0.999999 -0.00116208 -0.000863937 0.00116492 0.999993 0.003383 0.000860063 -0.003384 0.999994 -0.0381074 -0.00239301 0.0780971
FixedParameters: 0 0 0

#Transform 67
Transform: AffineTransform_float_3_3
Parameters: 0.999999 -0.00116209 -0.000825115 0.00116491 0.999993 0.00353604 0.000820886 -0.00353696 0.999994 -0.0351232 -0.0288174 0.0605358
FixedParameters: 0 0 0

#Transform 68
Transform: AffineTransform_float_3_3
Parameters: 0.999999 -0.00116268 -0.000623342 0.00116432 0.999993 0.00373028 0.000618661 -0.00373072 0.999993 -0.0402026 -0.0309747 0.0963027
FixedParameters: 0 0 0

#Transform 69
Transform: AffineTransform_float_3_3
Parameters: 0.999999 -0.00116196 -0.00095372 0.00116504 0.999994 0.00319689 0.000950281 -0.00319711 0.999995 -0.0284307 -0.0287771 0.0960174
FixedParameters: 0 0 0

#Transform 70
Transform: AffineTransform_float_3_3
Parameters: 0.999998 -0.00116152 -0.00113257 0.00116448 0.999994 0.00307268 0.00112943 -0.00307431 0.999994 -0.0285204 -0.0203167 0.114338
FixedParameters: 0 0 0

#Transform 71
Transform: AffineTransform_float_3_3
Parameters: 0.999998 -0.00116069 -0.00147241 0.00116431 0.999995 0.00293329 0.00146859 -0.00293471 0.999994 -0.0372209 -0.0154885 0.143867
FixedParameters: 0 0 0

#Transform 72
Transform: AffineTransform_float_3_3
Parameters: 0.999998 -0.00116254 -0.0011435 0.00116446 0.999997 0.00214967 0.0011415 -0.00215133 0.999997 -0.0285483 -0.0291308 0.140378
FixedParameters: 0 0 0

#Transform 73
Transform: AffineTransform_float_3_3
Parameters: 0.999999 -0.00116181 -0.00134875 0.00116419 0.999996 0.00236343 0.00134625 -0.00236557 0.999997 -0.0285379 -0.045368 0.141338
FixedParameters: 0 0 0

#Transform 74
Transform: AffineTransform_float_3_3
Parameters: 0.999998 -0.00116062 -0.00152734 0.00116439 0.999995 0.00287323 0.00152466 -0.00287477 0.999994 -0.0286456 -0.0380593 0.121624
FixedParameters: 0 0 0

#Transform 75
Transform: AffineTransform_float_3_3
Parameters: 0.999998 -0.00126 -0.00163886 0.001265 0.999994 0.00305293 0.00163514 -0.00305507 0.999994 -0.0317337 -0.0287107 0.153155
FixedParameters: 0 0 0

#Transform 76
Transform: AffineTransform_float_3_3
Parameters: 0.999998 -0.00123519 -0.00161523 0.00124182 0.999991 0.004223 0.00161077 -0.004225 0.99999 -0.0394885 0.00369344 0.168207
FixedParameters: 0 0 0

#Transform 77
Transform: AffineTransform_float_3_3
Parameters: 0.999998 -0.00134228 -0.00144135 0.00134872 0.999991 0.00397306 0.00143565 -0.00397494 0.999991 -0.0483732 -0.00845194 0.169584
FixedParameters: 0 0 0

#Transform 78
Transform: AffineTransform_float_3_3
Parameters: 0.999998 -0.00136429 -0.00144043 0.00136971 0.999991 0.00397304 0.00143457 -0.00397497 0.999991 -0.0369408 -0.000423248 0.17098
FixedParameters: 0 0 0

#Transform 79
Transform: AffineTransform_float_3_3
Parameters: 0.999999 -0.00118128 -0.00137194 0.00118672 0.99999 0.00417238 0.00136706 -0.00417462 0.999991 -0.0325361 -9.90659e-05 0.197259
FixedParameters: 0 0 0

#Transform 80
Transform: AffineTransform_float_3_3
Parameters: 0.999998 -0.00129534 -0.0016343 0.00130167 0.999991 0.00408288 0.0016297 -0.00408512 0.999991 -0.039636 0.0266758 0.196552
FixedParameters: 0 0 0

#Transform 81
Transform: AffineTransform_float_3_3
Parameters: 0.999998 -0.00125318 -0.00154275 0.00125882 0.999992 0.00377706 0.00153725 -0.00377893 0.999991 -0.0509611 0.0109755 0.158445
FixedParameters: 0 0 0

#Transform 82
Transform: AffineTransform_float_3_3
Parameters: 0.999999 -0.00112272 -0.00133247 0.00112729 0.999992 0.00397351 0.00132753 -0.0039745 0.999991 -0.048636 -0.0264852 0.137643
FixedParameters: 0 0 0

#Transform 83
Transform: AffineTransform_float_3_3
Parameters: 0.999998 -0.000849509 -0.00178355 0.000858488 0.999985 0.00532748 0.00177845 -0.00532852 0.999984 -0.0500003 0.0163198 0.199391
FixedParameters: 0 0 0

#Transform 84
Transform: AffineTransform_float_3_3
Parameters: 0.999997 -0.0012202 -0.00208495 0.0012318 0.999983 0.00566645 0.00207805 -0.00566955 0.999982 -0.0413775 0.0236866 0.222649
FixedParameters: 0 0 0

#Transform 85
Transform: AffineTransform_float_3_3
Parameters: 0.999998 -0.00126021 -0.00158303 0.00126978 0.999983 0.005561 0.00157596 -0.005563 0.999984 -0.0395197 0.0260871 0.233502
FixedParameters: 0 0 0

#Transform 86
Transform: AffineTransform_float_3_3
Parameters: 0.999998 -0.00118084 -0.0015642 0.00118916 0.999985 0.00522915 0.0015578 -0.00523085 0.999985 -0.0522982 0.0236256 0.221092
FixedParameters: 0 0 0

#Transform 87
Transform: AffineTransform_float_3_3
Parameters: 0.999998 -0.00103951 -0.00163344 0.0010485 0.999986 0.0052083 0.00162856 -0.0052097 0.999985 -0.050559 0.0445325 0.211417
FixedParameters: 0 0 0

#Transform 88
Transform: AffineTransform_float_3_3
Parameters: 0.999999 -0.000342055 -0.00169183 0.000350947 0.999986 0.00529041 0.00169017 -0.00529058 0.999984 -0.0615426 0.0239448 0.20328
FixedParameters: 0 0 0

#Transform 89
Transform: AffineTransform_float_3_3
Parameters: 0.999998 -0.000663661 -0.00191626 0.000673339 0.999988 0.00487772 0.00191274 -0.00487828 0.999987 -0.0544894 0.0364833 0.233244
FixedParameters: 0 0 0

#Transform 90
Transform: AffineTransform_float_3_3
Parameters: 0.999998 -0.00103486 -0.00162322 0.00104214 0.999987 0.00502132 0.00161779 -0.00502268 0.999986 -0.0414395 0.0427381 0.211596
FixedParameters: 0 0 0

#Transform 91
Transform: AffineTransform_float_3_3
Parameters: 0.999999 -0.000455907 -0.00179034 0.000465092 0.999987 0.00508218 0.00178766 -0.00508283 0.999986 -0.0605298 0.0238175 0.2025
FixedParameters: 0 0 0

#Transform 92
Transform: AffineTransform_float_3_3
Parameters: 0.999998 -0.000645422 -0.00176017 0.000654578 0.999988 0.00487785 0.00175683 -0.00487814 0.999986 -0.0596354 0.0236019 0.192284
FixedParameters: 0 0 0

#Transform 93
Transform: AffineTransform_float_3_3
Parameters: 0.999997 -0.000489788 -0.00210464 0.000501213 0.999985 0.00532995 0.00210236 -0.00533104 0.999983 -0.0185957 -0.00412804 0.17804
FixedParameters: 0 0 0

#Transform 94
Transform: AffineTransform_float_3_3
Parameters: 0.999999 -0.000492707 -0.0017194 0.000501291 0.999988 0.00482615 0.0017166 -0.00482685 0.999987 0.0109218 -0.0258406 0.0836571
FixedParameters: 0 0 0

#Transform 95
Transform: AffineTransform_float_3_3
Parameters: 0.999999 0.000195746 -0.00179207 -0.000186254 0.999988 0.00487934 0.00179293 -0.00487866 0.999987 -0.0139647 -0.00654754 0.0992648
FixedParameters: 0 0 0

#Transform 96
Transform: AffineTransform_float_3_3
Parameters: 0.999999 0.000384499 -0.00177097 -0.000374501 0.999985 0.00536067 0.00177303 -0.00536033 0.999984 -0.0149465 0.0354855 0.129899
FixedParameters: 0 0 0

#Transform 97
Transform: AffineTransform_float_3_3
Parameters: 0.999999 0.000522249 -0.00171391 -0.000511751 0.999982 0.00597488 0.00171709 -0.00597411 0.99998 -0.0354987 0.0364226 0.13934
FixedParameters: 0 0 0

#Transform 98
Transform: AffineTransform_float_3_3
Parameters: 0.999998 0.000519268 -0.00180508 -0.000509733 0.999983 0.00568393 0.00180793 -0.00568307 0.999982 -0.0373771 0.026782 0.118447
FixedParameters: 0 0 0

#Transform 99
Transform: AffineTransform_float_3_3
Parameters: 0.999998 0.000375931 -0.00204202 -0.000365067 0.999985 0.00535175 0.00204398 -0.00535024 0.999983 -0.0244197 0.0556817 0.113755
FixedParameters: 0 0 0

#Transform 100
Transform: AffineTransform_float_3_3
Parameters: 0.999998 0.000421731 -0.00183579 -0.000412268 0.999986 0.00529777 0.00183821 -0.00529724 0.999985 -0.0247163 0.0440638 0.117758
FixedParameters: 0 0 0

#Transform 101
Transform: AffineTransform_float_3_3
Parameters: 0.999999 0.000388328 -0.00179501 -0.000378673 0.999987 0.00519369 0.00179699 -0.00519331 0.999985 0.00476396 0.00679537 0.11749
FixedParameters: 0 0 0

#Transform 102
Transform: AffineTransform_float_3_3
Parameters: 0.999998 -0.000740272 -0.00172122 0.000749728 0.999983 0.00565872 0.00171679 -0.00565928 0.999983 0.0397536 -0.0979238 0.0622451
FixedParameters: 0 0 0

#Transform 103
Transform: AffineTransform_float_3_3
Parameters: 0.999998 -0.000844893 -0.0017215 0.000854108 0.999985 0.00529553 0.0017175 -0.00529746 0.999984 0.0403273 -0.0984248 0.0109439
FixedParameters: 0 0 0

#Transform 104
Transform: AffineTransform_float_3_3
Parameters: 0.999998 -0.000847196 -0.00142108 0.000853803 0.999988 0.0047938 0.00141692 -0.00479521 0.999988 0.0404495 -0.117021 -0.00707312
FixedParameters: 0 0 0

#Transform 105
Transform: AffineTransform_float_3_3
Parameters: 0.999998 -0.000845787 -0.00171508 0.000854213 0.999988 0.00479354 0.00171092 -0.00479546 0.999987 0.0403099 -0.10559 0.0317812
FixedParameters: 0 0 0

#Transform 106
Transform: AffineTransform_float_3_3
Parameters: 0.999998 -0.00125459 -0.00155837 0.00125941 0.999993 0.00347304 0.00155363 -0.00347496 0.999993 0.0422847 -0.0722652 0.0543147
FixedParameters: 0 0 0

#Transform 107
Transform: AffineTransform_float_3_3
Parameters: 0.999997 -0.00151065 -0.00189987 0.00151835 0.999992 0.00387213 0.00189313 -0.00387487 0.99999 0.0324903 -0.0888603 0.0238455
FixedParameters: 0 0 0

#Transform 108
Transform: AffineTransform_float_3_3
Parameters: 0.999998 -0.00151232 -0.00138224 0.00151768 0.999991 0.00411691 0.00137676 -0.00411809 0.99999 0.0437485 -0.0947686 0.00904015
FixedParameters: 0 0 0

#Transform 109
Transform: AffineTransform_float_3_3
Parameters: 0.999998 -0.00151173 -0.00172551 0.00151827 0.999992 0.00363839 0.00171948 -0.00364161 0.999992 0.0414238 -0.0776983 0.0452236
FixedParameters: 0 0 0

#Transform 110
Transform: AffineTransform_float_3_3
Parameters: 0.999998 -0.0015111 -0.00178885 0.0015179 0.999992 0.0038623 0.00178315 -0.00386471 0.999991 0.0435291 -0.0888648 0.0344709
FixedParameters: 0 0 0

#Transform 111
Transform: AffineTransform_float_3_3
Parameters: 0.999998 -0.00151233 -0.00143799 0.00151767 0.999991 0.00395283 0.00143201 -0.00395518 0.999991 0.0192817 -0.0776708 0.0539227
FixedParameters: 0 0 0

#Transform 112
Transform: AffineTransform_float_3_3
Parameters: 0.999998 -0.00151289 -0.00139257 0.00151811 0.999992 0.0036739 0.00138743 -0.00367511 0.999993 0.0436681 -0.0654538 0.0182664
FixedParameters: 0 0 0

#Transform 113
Transform: AffineTransform_float_3_3
Parameters: 0.999998 -0.00135875 -0.00141005 0.00136525 0.999989 0.00444308 0.00140395 -0.00444592 0.999989 0.0429597 -0.0887208 -0.00500421
FixedParameters: 0 0 0

#Transform 114
Transform: AffineTransform_float_3_3
Parameters: 0.999998 -0.00136699 -0.00137102 0.00137301 0.99999 0.00439313 0.00136498 -0.00439488 0.99999 0.0313027 -0.106619 0.0324266
FixedParameters: 0 0 0

#Transform 115
Transform: AffineTransform_float_3_3
Parameters: 0.999998 -0.00151299 -0.00133868 0.00151801 0.999992 0.00374998 0.00133332 -0.00375202 0.999992 0.0436897 -0.0952614 0.0457726
FixedParameters: 0 0 0

#Transform 116
Transform: AffineTransform_float_3_3
Parameters: 0.999998 -0.0015122 -0.00148095 0.0015178 0.999991 0.00392476 0.00147505 -0.00392724 0.999991 0.0436172 -0.0839515 0.0422335
FixedParameters: 0 0 0

#Transform 117
Transform: AffineTransform_float_3_3
Parameters: 0.999998 -0.00165615 -0.00102624 0.00165985 0.999991 0.0037643 0.00102076 -0.0037657 0.999993 0.0172708 -0.087511 0.00640168
FixedParameters: 0 0 0

#Transform 118
Transform: AffineTransform_float_3_3
Parameters: 0.999999 -0.00151465 -0.000977221 0.00151836 0.999993 0.00344252 0.000972778 -0.00344348 0.999993 0.00120154 -0.0832958 -0.0278753
FixedParameters: 0 0 0

#Transform 119
Transform: AffineTransform_float_3_3
Parameters: 0.999997 -0.00131274 -0.00182352 0.00131926 0.999993 0.00343561 0.00181848 -0.0034384 0.999993 0.00652753 -0.0504796 -0.0953459
FixedParameters: 0 0 0

#Transform 120
Transform: AffineTransform_float_3_3
Parameters: 0.999998 -0.00151439 -0.00115675 0.00151762 0.999994 0.00313025 0.00115225 -0.00313175 0.999995 -0.0734644 -0.0653172 -0.234851
FixedParameters: 0 0 0

#Transform 121
Transform: AffineTransform_float_3_3
Parameters: 0.999996 -0.0019792 -0.00202073 0.0019838 0.999997 0.00188 0.00201627 -0.001884 0.999996 -0.0343958 0.101292 -0.582912
FixedParameters: 0 0 0

#Transform 122
Transform: AffineTransform_float_3_3
Parameters: 0.999996 -0.00202988 -0.00154248 0.00203112 0.999997 0.000726869 0.00154152 -0.000730131 0.999998 0.00263815 0.169013 -0.706946
FixedParameters: 0 0 0

#Transform 123
Transform: AffineTransform_float_3_3
Parameters: 0.999997 -0.00203084 -0.00139923 0.00203116 0.999998 0.000112158 0.00139877 -0.000114841 0.999999 0.0039119 0.208677 -0.716022
FixedParameters: 0 0 0

#Transform 124
Transform: AffineTransform_float_3_3
Parameters: 0.999996 -0.00240782 -0.00134832 0.00240818 0.999997 0.000129754 0.00134768 -0.000133246 0.999999 0.0169699 0.224772 -0.738191
FixedParameters: 0 0 0

#Transform 125
Transform: AffineTransform_float_3_3
Parameters: 0.999997 -0.00243508 -0.00106082 0.00243492 0.999997 -7.55833e-05 0.00106118 7.34162e-05 1 0.00646321 0.251459 -0.730431
FixedParameters: 0 0 0

#Transform 126
Transform: AffineTransform_float_3_3
Parameters: 0.999996 -0.00243372 -0.00130438 0.00243527 0.999996 0.000976826 0.00130162 -0.000980171 0.999998 0.022319 0.291781 -0.63661
FixedParameters: 0 0 0

#Transform 127
Transform: AffineTransform_float_3_3
Parameters: 0.999998 -0.00194538 -0.00129696 0.00194962 0.999991 0.00357048 0.00129004 -0.00357352 0.999993 0.00256599 0.409364 -0.454063
FixedParameters: 0 0 0

#Transform 128
Transform: AffineTransform_float_3_3
Parameters: 0.999997 -0.00177122 -0.0012328 0.00177778 0.999983 0.00551882 0.0012232 -0.00552118 0.999984 0.00182597 0.495319 -0.357031
FixedParameters: 0 0 0

#Transform 129
Transform: AffineTransform_float_3_3
Parameters: 0.999996 -0.00223413 -0.00141311 0.00224386 0.999977 0.00630185 0.00139888 -0.00630515 0.999979 -0.00316008 0.590437 -0.374039
FixedParameters: 0 0 0

#Transform 130
Transform: AffineTransform_float_3_3
Parameters: 0.999997 -0.0020561 -0.000814469 0.0020609 0.999979 0.00605634 0.00080253 -0.00605866 0.999982 0.0137164 0.558659 -0.395657
FixedParameters: 0 0 0

#Transform 131
Transform: AffineTransform_float_3_3
Parameters: 0.999997 -0.00229458 -0.000855669 0.00229942 0.999977 0.00638405 0.000841336 -0.00638595 0.99998 0.012848 0.595159 -0.339296
FixedParameters: 0 0 0

#Transform 132
Transform: AffineTransform_float_3_3
Parameters: 0.999996 -0.00279227 -0.00126378 0.00280673 0.999935 0.0109945 0.00123321 -0.0109975 0.999939 0.0163176 0.712123 -0.288923
FixedParameters: 0 0 0

#Transform 133
Transform: AffineTransform_float_3_3
Parameters: 0.999996 -0.00254138 -0.000483003 0.00254563 0.999949 0.0098288 0.000457999 -0.0098302 0.999951 0.0302167 0.705757 -0.338295
FixedParameters: 0 0 0

#Transform 134
Transform: AffineTransform_float_3_3
Parameters: 0.999997 -0.0025423 -0.000848525 0.00255069 0.999942 0.0104139 0.00082148 -0.0104161 0.999946 0.0300632 0.706111 -0.327132
FixedParameters: 0 0 0

#Transform 135
Transform: AffineTransform_float_3_3
Parameters: 0.999994 -0.00322467 -0.00134151 0.00323833 0.999944 0.0100577 0.00130849 -0.0100623 0.999948 0.0328133 0.810739 -0.281351
FixedParameters: 0 0 0

#Transform 136
Transform: AffineTransform_float_3_3
Parameters: 0.999995 -0.00301213 -0.00110997 0.00302287 0.999946 0.0099287 0.00108003 -0.00993231 0.99995 0.052746 0.83923 -0.276602
FixedParameters: 0 0 0

#Transform 137
Transform: AffineTransform_float_3_3
Parameters: 0.999993 -0.00347724 -0.00128507 0.00348976 0.999943 0.0100656 0.00124993 -0.0100704 0.999948 0.0588068 0.923528 -0.235188
FixedParameters: 0 0 0

#Transform 138
Transform: AffineTransform_float_3_3
Parameters: 0.999995 -0.00319328 -0.000893762 0.00320271 0.999945 0.00993119 0.000861232 -0.0099338 0.999951 0.0575983 0.913278 -0.271805
FixedParameters: 0 0 0

#Transform 139
Transform: AffineTransform_float_3_3
Parameters: 0.999994 -0.00324652 -0.00130253 0.00325847 0.999947 0.00969181 0.00127047 -0.00969618 0.999952 0.0444161 1.01023 -0.294752
FixedParameters: 0 0 0

#Transform 140
Transform: AffineTransform_float_3_3
Parameters: 0.999994 -0.00305111 -0.00120189 0.0030649 0.999927 0.0117344 0.00116611 -0.0117376 0.999931 0.0385308 1.02553 -0.24687
FixedParameters: 0 0 0

#Transform 141
Transform: AffineTransform_float_3_3
Parameters: 0.999995 -0.00305062 -0.00130318 0.00306538 0.999933 0.0111771 0.00126881 -0.0111809 0.999936 0.0286516 1.05399 -0.231232
FixedParameters: 0 0 0

#Transform 142
Transform: AffineTransform_float_3_3
Parameters: 0.999994 -0.00304452 -0.00169922 0.00306548 0.999921 0.0121819 0.00166178 -0.0121861 0.999925 0.0130206 1.14646 -0.246627
FixedParameters: 0 0 0

#Transform 143
Transform: AffineTransform_float_3_3
Parameters: 0.999993 -0.00329465 -0.00162884 0.00331536 0.999915 0.0126557 0.00158716 -0.0126613 0.999918 0.0142218 1.15539 -0.21603
FixedParameters: 0 0 0

#Transform 144
Transform: AffineTransform_float_3_3
Parameters: 0.999994 -0.0032611 -0.0013656 0.00327689 0.999925 0.0118056 0.0013264 -0.0118094 0.99993 0.0116286 1.17345 -0.195507
FixedParameters: 0 0 0

#Transform 145
Transform: AffineTransform_float_3_3
Parameters: 0.999995 -0.00304976 -0.00136166 0.00306524 0.999931 0.0113349 0.00132633 -0.0113391 0.999935 -0.00205277 1.33882 -0.178757
FixedParameters: 0 0 0

#Transform 146
Transform: AffineTransform_float_3_3
Parameters: 0.999994 -0.00304387 -0.00178356 0.00306512 0.999923 0.0119676 0.00174643 -0.0119734 0.999927 -0.00971744 1.36422 -0.148515
FixedParameters: 0 0 0

#Transform 147
Transform: AffineTransform_float_3_3
Parameters: 0.999994 -0.00304744 -0.00151193 0.00306557 0.999926 0.0117544 0.00147606 -0.0117586 0.99993 -0.00896911 1.36201 -0.145675
FixedParameters: 0 0 0

#Transform 148
Transform: AffineTransform_float_3_3
Parameters: 0.999993 -0.00311099 -0.00179001 0.003132 0.999925 0.0118535 0.00175299 -0.0118595 0.999928 0.0032325 1.4174 -0.107692
FixedParameters: 0 0 0

#Transform 149
Transform: AffineTransform_float_3_3
Parameters: 0.999993 -0.00329041 -0.00187581 0.00331559 0.999906 0.0132609 0.00183218 -0.0132671 0.999911 0.00748207 1.47388 -0.109133
FixedParameters: 0 0 0

#Transform 150
Transform: AffineTransform_float_3_3
Parameters: 0.999992 -0.00325243 -0.00204872 0.00328256 0.999888 0.0146004 0.00200028 -0.0146066 0.999892 0.0125965 1.48368 -0.0976155
FixedParameters: 0 0 0

#Transform 151
Transform: AffineTransform_float_3_3
Parameters: 0.999993 -0.00333348 -0.00209019 0.00336252 0.999899 0.0137931 0.0020438 -0.0137999 0.999902 0.0150267 1.59798 -0.0356925
FixedParameters: 0 0 0
