#Insight Transform File V1.0
#Transform 0
Transform: AffineTransform_float_3_3
Parameters: 1 -5.28964e-05 -0.000631412 5.30871e-05 1 0.000150966 0.000631396 -0.000151033 1 0.00920691 -0.0564556 0.148901
FixedParameters: 0 0 0

#Transform 1
Transform: AffineTransform_float_3_3
Parameters: 0.999999 -0.000477017 -0.00140947 0.000476843 1 -0.000415749 0.00140994 0.000415251 0.999999 0.0161556 -0.0556727 0.180609
FixedParameters: 0 0 0

#Transform 2
Transform: AffineTransform_float_3_3
Parameters: 0.999997 -0.000395296 -0.0024895 0.000399784 0.999998 0.00151678 0.00248908 -0.00151721 0.999996 0.0493726 -0.144059 0.327405
FixedParameters: 0 0 0

#Transform 3
Transform: AffineTransform_float_3_3
Parameters: 0.999999 -0.000529702 -0.000691087 0.000528039 0.999996 -0.00269437 0.000693082 0.00269463 0.999996 0.0273156 0.0503059 0.200875
FixedParameters: 0 0 0

#Transform 4
Transform: AffineTransform_float_3_3
Parameters: 1 0.000146183 -0.000644391 -0.000147677 0.999998 -0.00193391 0.000643894 0.00193409 0.999998 0.0697276 0.0367144 0.139039
FixedParameters: 0 0 0

#Transform 5
Transform: AffineTransform_float_3_3
Parameters: 1 -0.000194476 -5.6851e-05 0.000194361 0.999999 -0.00100501 5.72418e-05 0.00100499 0.999999 0.0163621 -0.0219371 0.164739
FixedParameters: 0 0 0

#Transform 6
Transform: AffineTransform_float_3_3
Parameters: 0.999999 -0.000517425 -0.000695086 0.000516732 0.999999 -0.00121536 0.000696414 0.00121464 0.999999 0.0200439 0.026616 0.16819
FixedParameters: 0 0 0

#Transform 7
Transform: AffineTransform_float_3_3
Parameters: 0.999999 -0.000388805 -0.00077313 0.000387613 0.999999 -0.0014623 0.000773339 0.0014617 0.999998 0.0420746 0.0700063 0.135396
FixedParameters: 0 0 0

#Transform 8
Transform: AffineTransform_float_3_3
Parameters: 1 1.02597e-07 -0.000471302 7.20475e-07 0.999995 0.00298993 0.000471157 -0.00299007 0.999996 0.0551728 -0.129665 0.036246
FixedParameters: 0 0 0

#Transform 9
Transform: AffineTransform_float_3_3
Parameters: 0.999999 -0.000373597 -0.000885984 0.000373624 1 1.4669e-05 0.000885973 -1.5331e-05 0.999999 0.0505067 -0.0416612 0.0785518
FixedParameters: 0 0 0

#Transform 10
Transform: AffineTransform_float_3_3
Parameters: 1 -0.000657406 -0.000144159 0.000657386 0.999999 -0.000319095 0.000143581 0.000318906 1 0.0296397 -0.00266675 0.0898639
FixedParameters: 0 0 0

#Transform 11
Transform: AffineTransform_float_3_3
Parameters: 1 -0.00056665 -0.000137627 0.000566607 1 -0.000416078 0.000137101 0.000415922 1 0.0348169 -0.0108277 0.0688838
FixedParameters: 0 0 0

#Transform 12
Transform: AffineTransform_float_3_3
Parameters: 0.999999 -3.20115e-05 0.000733631 3.01262e-05 0.999998 0.00201202 -0.000734682 -0.00201198 0.999997 0.010329 -0.0559238 0.0127442
FixedParameters: 0 0 0

#Transform 13
Transform: AffineTransform_float_3_3
Parameters: 1 -0.000396058 0.000113085 0.000396124 1 -0.000291955 -0.000112854 0.000292045 1 0.066387 -0.00252055 -0.0934802
FixedParameters: 0 0 0

#Transform 14
Transform: AffineTransform_float_3_3
Parameters: 1 -0.00017995 -4.90187e-05 0.000179965 1 0.000148991 4.89651e-05 -0.000149009 1 0.0378175 -0.0665042 0.0696587
FixedParameters: 0 0 0

#Transform 15
Transform: AffineTransform_float_3_3
Parameters: 1 -0.000455109 0.00039259 0.000455339 1 -0.000292821 -0.000392323 0.000293179 1 0.0289524 0.0107303 0.000298716
FixedParameters: 0 0 0

#Transform 16
Transform: AffineTransform_float_3_3
Parameters: 1 1.18506e-05 0.00014023 -1.21605e-05 1 0.001105 -0.000140204 -0.001105 1 0.0643948 -0.0510211 0.018802
FixedParameters: 0 0 0

#Transform 17
Transform: AffineTransform_float_3_3
Parameters: 1 -0.000112877 0.000591407 0.000112275 1 0.000509066 -0.000591522 -0.000508933 0.999999 0.0480457 -0.0100688 0.0366206
FixedParameters: 0 0 0

#Transform 18
Transform: AffineTransform_float_3_3
Parameters: 1 -0.000217868 -0.000291209 0.00021759 1 -0.000476063 0.000291416 0.000475936 1 0.0539144 0.0172137 -0.0571235
FixedParameters: 0 0 0

#Transform 19
Transform: AffineTransform_float_3_3
Parameters: 1 8.68786e-07 0.000292826 -1.2641e-06 1 0.000674999 -0.000292825 -0.000675 0.999999 0.00240853 -0.0518155 -0.0247224
FixedParameters: 0 0 0

#Transform 20
Transform: AffineTransform_float_3_3
Parameters: 1 -1.06646e-05 0.000456406 1.06537e-05 1 1.20049e-05 -0.000456406 -1.19951e-05 1 -0.00266122 -0.0223785 -0.00743861
FixedParameters: 0 0 0

#Transform 21
Transform: AffineTransform_float_3_3
Parameters: 1 -0.000176268 0.000444524 0.000176201 1 7.50834e-05 -0.000444551 -7.59165e-05 1 0.0255378 -0.0266477 0.0148099
FixedParameters: 0 0 0

#Transform 22
Transform: AffineTransform_float_3_3
Parameters: 1 -0.00012858 0.000447905 0.000128135 1 0.000496062 -0.000448033 -0.000496937 0.999999 0.00616312 -0.0474479 0.0418895
FixedParameters: 0 0 0

#Transform 23
Transform: AffineTransform_float_3_3
Parameters: 1 2.408e-05 -2.83576e-05 -2.40972e-05 1 -0.000302999 2.8343e-05 0.000303001 1 0.0380893 0.0137985 0.0263844
FixedParameters: 0 0 0

#Transform 24
Transform: AffineTransform_float_3_3
Parameters: 1 -0.000104358 -9.76237e-05 0.000104204 0.999999 -0.00078801 9.7788e-05 0.000787989 0.999999 0.0282357 0.0259908 -0.0795426
FixedParameters: 0 0 0

#Transform 25
Transform: AffineTransform_float_3_3
Parameters: 1 0.000220769 5.29731e-05 -0.000220794 1 0.000236988 -5.28684e-05 -0.000237012 1 -0.00185307 -0.0488305 0.160436
FixedParameters: 0 0 0

#Transform 26
Transform: AffineTransform_float_3_3
Parameters: 1 5.44364e-05 0.000191389 -5.44755e-05 1 0.00010199 -0.000191378 -0.00010201 1 0.0171295 0.0131998 0.0478852
FixedParameters: 0 0 0

#Transform 27
Transform: AffineTransform_float_3_3
Parameters: 1 0.000106972 -0.000543765 -0.000107327 1 -0.000326942 0.000543695 0.000327058 1 0.0222939 0.0168517 -0.023619
FixedParameters: 0 0 0

#Transform 28
Transform: AffineTransform_float_3_3
Parameters: 1 3.93631e-05 0.000396892 -4.00918e-05 0.999999 0.000917983 -0.000396819 -0.000918015 0.999999 -0.0139046 -0.0109915 0.031225
FixedParameters: 0 0 0

#Transform 29
Transform: AffineTransform_float_3_3
Parameters: 1 -9.20274e-07 0.000960411 4.17019e-07 1 0.000261929 -0.000960411 -0.000262071 1 -0.00906462 0.0160463 0.00186116
FixedParameters: 0 0 0

#Transform 30
Transform: AffineTransform_float_3_3
Parameters: 1 -0.000584956 0.000351623 0.000584314 1 0.000812277 -0.000351575 -0.000811723 0.999999 -0.0206805 -0.0282709 0.00781794
FixedParameters: 0 0 0

#Transform 31
Transform: AffineTransform_float_3_3
Parameters: 0.999999 -0.000124844 0.000947511 0.000125281 1 -0.000230881 -0.000947453 0.000231118 0.999999 -0.053933 -0.00398757 0.151473
FixedParameters: 0 0 0

#Transform 32
Transform: AffineTransform_float_3_3
Parameters: 0.999999 0.000389175 0.000861163 -0.000389692 1 0.000299664 -0.000860929 -0.000300335 0.999999 -0.024306 0.0575947 0.0969254
FixedParameters: 0 0 0

#Transform 33
Transform: AffineTransform_float_3_3
Parameters: 0.999999 0.000686098 -0.000187635 -0.000686214 1 -0.000310866 0.000187208 0.000310134 1 0.00613812 0.0457169 -0.0140901
FixedParameters: 0 0 0

#Transform 34
Transform: AffineTransform_float_3_3
Parameters: 1 -3.58546e-05 0.000662138 3.50124e-05 1 0.000636023 -0.000662183 -0.000635976 0.999999 -0.0240387 -0.0411551 0.124165
FixedParameters: 0 0 0

#Transform 35
Transform: AffineTransform_float_3_3
Parameters: 1 0.000136301 -0.000540406 -0.000134709 0.999997 0.00239407 0.000540984 -0.00239393 0.999997 0.0430089 -0.0256863 0.0116474
FixedParameters: 0 0 0

#Transform 36
Transform: AffineTransform_float_3_3
Parameters: 0.999999 -2.08945e-05 -0.00131479 2.01958e-05 1 -0.000645098 0.00131488 0.000644902 0.999999 0.00976883 0.00456703 0.0247989
FixedParameters: 0 0 0

#Transform 37
Transform: AffineTransform_float_3_3
Parameters: 0.999999 0.000236651 -0.00144287 -0.000237868 0.999999 -0.000767723 0.00144258 0.000767276 0.999998 0.0373621 0.0406685 -0.0134264
FixedParameters: 0 0 0

#Transform 38
Transform: AffineTransform_float_3_3
Parameters: 0.999999 0.000302479 -0.00128874 -0.00030334 1 -0.000333681 0.00128854 0.000334319 0.999999 0.0158497 0.0399604 0.125472
FixedParameters: 0 0 0

#Transform 39
Transform: AffineTransform_float_3_3
Parameters: 1 0.000196343 -0.00102172 -0.000197811 1 -0.0011708 0.00102233 0.0011712 0.999999 0.0449621 0.0769735 -0.0718981
FixedParameters: 0 0 0

#Transform 40
Transform: AffineTransform_float_3_3
Parameters: 1 -0.00025894 -0.000623191 0.000259283 1 0.000274838 0.000623049 -0.000275161 1 0.0285828 -0.0247955 -0.104245
FixedParameters: 0 0 0

#Transform 41
Transform: AffineTransform_float_3_3
Parameters: 1 -1.02969e-05 -0.00113361 1.06504e-05 1 -0.000284084 0.00113369 0.000283917 1 0.0732297 0.0446362 -0.117744
FixedParameters: 0 0 0

#Transform 42
Transform: AffineTransform_float_3_3
Parameters: 0.999995 -3.19854e-05 -0.00293665 2.92356e-05 1 -0.000638373 0.00293676 0.000637623 0.999995 0.14304 0.000740728 -0.0821381
FixedParameters: 0 0 0

#Transform 43
Transform: AffineTransform_float_3_3
Parameters: 0.999999 -4.94837e-05 -0.00157855 4.91134e-05 1 -0.000140149 0.00157757 0.000139851 0.999998 0.0756608 0.0306226 -0.0635854
FixedParameters: 0 0 0

#Transform 44
Transform: AffineTransform_float_3_3
Parameters: 0.999999 -0.00027963 -0.00151135 0.000277617 0.999999 -0.0013255 0.00151223 0.0013255 0.999998 0.0757763 0.087247 -0.108426
FixedParameters: 0 0 0

#Transform 45
Transform: AffineTransform_float_3_3
Parameters: 0.999999 -0.000148141 -0.00130869 0.00014645 1 -0.00102719 0.00130907 0.00102681 0.999998 0.0482187 0.0674729 0.0408051
FixedParameters: 0 0 0

#Transform 46
Transform: AffineTransform_float_3_3
Parameters: 0.999998 -1.21934e-05 -0.00159079 1.03781e-05 0.999999 -0.00119709 0.00159096 0.00119791 0.999998 0.076675 0.0845884 -0.115803
FixedParameters: 0 0 0

#Transform 47
Transform: AffineTransform_float_3_3
Parameters: 0.999999 -0.000324827 -0.00150969 0.000327037 0.999999 0.00139244 0.00150864 -0.00139356 0.999998 0.0366299 -0.105901 0.127739
FixedParameters: 0 0 0

#Transform 48
Transform: AffineTransform_float_3_3
Parameters: 0.999999 2.63543e-05 -0.00125641 -2.44344e-05 1 0.00116103 0.00125639 -0.00116097 0.999998 0.0716868 -0.00213669 -0.0283346
FixedParameters: 0 0 0

#Transform 49
Transform: AffineTransform_float_3_3
Parameters: 0.999999 -1.1732e-05 -0.000738772 1.26909e-05 1 0.00064892 0.000738756 -0.00064908 1 0.0534295 -0.0162304 -0.0652556
FixedParameters: 0 0 0

#Transform 50
Transform: AffineTransform_float_3_3
Parameters: 1 -5.52544e-05 -0.000137335 5.53945e-05 1 0.000509992 0.000137279 -0.000510007 1 0.0155403 0.0283635 0.0283299
FixedParameters: 0 0 0

#Transform 51
Transform: AffineTransform_float_3_3
Parameters: 0.999999 -0.000396026 0.000788866 0.00039678 1 -0.000478754 -0.000788487 0.000478246 1 -0.0122966 0.0810656 0.0475214
FixedParameters: 0 0 0

#Transform 52
Transform: AffineTransform_float_3_3
Parameters: 0.999999 -0.0001248 0.000832208 0.00012484 1 -2.38961e-05 -0.000832202 2.41039e-05 0.999999 -0.0415106 0.0407146 0.0543885
FixedParameters: 0 0 0

#Transform 53
Transform: AffineTransform_float_3_3
Parameters: 1 -0.000278518 0.000489429 0.00027888 1 -0.000369858 -0.000489223 0.000369141 1 -0.0257246 0.0473297 0.0294841
FixedParameters: 0 0 0

#Transform 54
Transform: AffineTransform_float_3_3
Parameters: 1 -0.000476773 -0.000145619 0.000476867 1 0.000324931 0.000145309 -0.000325069 1 -0.00481452 0.0316737 0.0394075
FixedParameters: 0 0 0

#Transform 55
Transform: AffineTransform_float_3_3
Parameters: 1 -0.000288224 -0.00010412 0.000288397 0.999999 0.000833969 0.000103639 -0.000834029 0.999999 0.0089621 -0.0102034 0.0423822
FixedParameters: 0 0 0

#Transform 56
Transform: AffineTransform_float_3_3
Parameters: 1 -0.000842315 -0.000887802 0.000842019 1 -0.000768754 0.00088817 0.000768248 1 0.0185466 0.0580542 -0.121762
FixedParameters: 0 0 0

#Transform 57
Transform: AffineTransform_float_3_3
Parameters: 1 -0.000468767 -0.000379878 0.000469365 0.999999 0.000787816 0.000379139 -0.000787182 0.999999 0.00389803 -0.0212341 -0.00308099
FixedParameters: 0 0 0

#Transform 58
Transform: AffineTransform_float_3_3
Parameters: 1 -0.000469941 -0.000366611 0.00047005 1 0.000148828 0.000366471 -0.000149172 1 0.00518607 0.0516778 0.0161796
FixedParameters: 0 0 0

#Transform 59
Transform: AffineTransform_float_3_3
Parameters: 1 -0.00046348 -0.000456394 0.000463642 1 0.000177788 0.000456229 -0.000178211 1 0.0148337 0.0532599 -0.0539211
FixedParameters: 0 0 0

#Transform 60
Transform: AffineTransform_float_3_3
Parameters: 0.999999 -0.000442362 -0.0007468 0.000443149 0.999999 0.000527664 0.000746332 -0.000527335 0.999999 0.0284147 0.0239161 -0.0105989
FixedParameters: 0 0 0

#Transform 61
Transform: AffineTransform_float_3_3
Parameters: 1 -0.00047453 -0.000302771 0.000474614 1 0.000138856 0.000302639 -0.000139144 1 0.00990311 0.0669087 0.0567387
FixedParameters: 0 0 0

#Transform 62
Transform: AffineTransform_float_3_3
Parameters: 0.999999 -0.000440185 -0.000782472 0.000440177 1 -5.34443e-06 0.000782476 4.65557e-06 0.999999 0.0248874 0.0609886 -0.0492639
FixedParameters: 0 0 0

#Transform 63
Transform: AffineTransform_float_3_3
Parameters: 1 -0.000474296 -0.000303137 0.000474848 1 0.000910928 0.000302273 -0.000911072 0.999999 0.00996469 -0.00637258 -0.0516191
FixedParameters: 0 0 0

#Transform 64
Transform: AffineTransform_float_3_3
Parameters: 1 -0.000320231 -0.000120995 0.000320076 0.999999 -0.000642038 0.000121406 0.000641961 1 0.0246165 0.0755346 -0.0841361
FixedParameters: 0 0 0

#Transform 65
Transform: AffineTransform_float_3_3
Parameters: 0.999999 -0.000442951 -0.000750271 0.000443057 0.999999 -0.000642332 0.000749914 0.000641668 0.999999 0.0380165 0.0437058 -0.0535914
FixedParameters: 0 0 0

#Transform 66
Transform: AffineTransform_float_3_3
Parameters: 0.999999 -0.000233492 -0.000735388 0.000232594 0.999999 -0.000659176 0.000734697 0.000659823 0.999999 0.0284265 0.0525551 0.0403026
FixedParameters: 0 0 0

#Transform 67
Transform: AffineTransform_float_3_3
Parameters: 0.999999 -0.000283865 -0.00123237 0.000284352 1 -0.000207422 0.00123256 0.000206579 0.999999 0.0468096 0.0581219 -0.0557876
FixedParameters: 0 0 0

#Transform 68
Transform: AffineTransform_float_3_3
Parameters: 1 -0.000439733 -0.00110641 0.000440325 1 0.000267437 0.00110618 -0.000267563 1 0.038312 0.015147 -0.0550079
FixedParameters: 0 0 0

#Transform 69
Transform: AffineTransform_float_3_3
Parameters: 1 -0.000621147 -0.000959735 0.000620777 1 -0.000192672 0.000959974 0.000192327 1 0.0195509 0.0570649 -0.0365055
FixedParameters: 0 0 0

#Transform 70
Transform: AffineTransform_float_3_3
Parameters: 0.999999 -0.0003055 -0.000936952 0.000305043 0.999999 -0.000776357 0.000937497 0.000775643 1 0.0325966 0.105528 0.00159481
FixedParameters: 0 0 0

#Transform 71
Transform: AffineTransform_float_3_3
Parameters: 0.999999 -0.000304244 -0.000937361 0.000305301 1 0.000563643 0.000937017 -0.000564357 1 0.0326244 0.0483551 -0.0116074
FixedParameters: 0 0 0

#Transform 72
Transform: AffineTransform_float_3_3
Parameters: 0.999999 -0.000767637 -0.000576524 0.000767873 0.999999 0.000204557 0.00057621 -0.000205442 1 -0.00729363 0.0565787 0.0011933
FixedParameters: 0 0 0

#Transform 73
Transform: AffineTransform_float_3_3
Parameters: 1 -0.000287807 -0.00118045 0.000287847 1 -0.000405417 0.00118075 0.000405584 1 0.015519 0.0971257 0.0363945
FixedParameters: 0 0 0

#Transform 74
Transform: AffineTransform_float_3_3
Parameters: 0.999999 -0.00076465 -0.00137997 0.000763903 0.999999 -0.000271131 0.00138038 0.000269868 0.999999 0.0447549 0.0894559 -0.021967
FixedParameters: 0 0 0

#Transform 75
Transform: AffineTransform_float_3_3
Parameters: 0.999999 -0.000738831 -0.000591048 0.000739462 0.999999 -0.000370442 0.00059067 0.000370558 1 0.000888633 0.0486892 -0.0524992
FixedParameters: 0 0 0

#Transform 76
Transform: AffineTransform_float_3_3
Parameters: 1 -0.000417798 -0.000939335 0.000418029 1 0.000122607 0.000939232 -0.000123392 0.999999 0.0194639 0.0526995 -0.00393866
FixedParameters: 0 0 0

#Transform 77
Transform: AffineTransform_float_3_3
Parameters: 1 -0.000111745 -0.000532206 0.000111703 1 -0.00097606 0.000532496 0.000975942 1 0.025389 0.0919539 0.0120544
FixedParameters: 0 0 0

#Transform 78
Transform: AffineTransform_float_3_3
Parameters: 1 5.67579e-05 -0.0010476 -5.83333e-05 0.999999 -0.00122794 0.00104753 0.00122806 0.999998 0.0446932 0.125731 -0.0735849
FixedParameters: 0 0 0

#Transform 79
Transform: AffineTransform_float_3_3
Parameters: 1 2.10144e-05 -0.000533857 -2.14319e-05 1 -0.000390988 0.00053384 0.000391011 1 -0.00482138 0.103723 0.10762
FixedParameters: 0 0 0

#Transform 80
Transform: AffineTransform_float_3_3
Parameters: 0.999999 -0.000337681 -0.00124245 0.0003384 1 0.000289503 0.00124225 -0.000289496 0.999999 0.0104448 0.0691645 0.0744748
FixedParameters: 0 0 0

#Transform 81
Transform: AffineTransform_float_3_3
Parameters: 0.999999 -0.000345135 -0.000675671 0.000345052 0.999999 0.000676761 0.000675132 -0.000676238 0.999999 -0.0202367 0.0475661 0.162518
FixedParameters: 0 0 0

#Transform 82
Transform: AffineTransform_float_3_3
Parameters: 0.999999 -0.00016036 -0.000772672 0.000162001 1 0.00106188 0.000772329 -0.00106212 0.999999 -0.0160945 0.0824352 0.112708
FixedParameters: 0 0 0

#Transform 83
Transform: AffineTransform_float_3_3
Parameters: 0.999999 -0.000378899 -0.00150704 0.000382617 0.999998 0.00225035 0.00150611 -0.00225065 0.999997 0.00418674 0.0111095 0.0848615
FixedParameters: 0 0 0

#Transform 84
Transform: AffineTransform_float_3_3
Parameters: 0.999999 -0.000798635 -0.00114131 0.000801429 0.999997 0.00260008 0.00113893 -0.00260092 0.999996 -0.016728 -0.0192205 0.131184
FixedParameters: 0 0 0

#Transform 85
Transform: AffineTransform_float_3_3
Parameters: 0.999999 -0.000432467 -0.000788744 0.000433999 0.999998 0.00164859 0.000788241 -0.00164941 0.999999 0.0022341 0.0566259 0.0976155
FixedParameters: 0 0 0

#Transform 86
Transform: AffineTransform_float_3_3
Parameters: 0.999999 -0.000563928 -0.000636015 0.00056509 0.999999 0.00175564 0.000634959 -0.00175536 0.999999 0.000769511 -0.00738945 0.160084
FixedParameters: 0 0 0

#Transform 87
Transform: AffineTransform_float_3_3
Parameters: 0.999999 2.47991e-05 -0.00102897 -2.24559e-05 0.999998 0.00210795 0.00102892 -0.00210805 0.999997 -0.0122007 0.00337511 0.201986
FixedParameters: 0 0 0

#Transform 88
Transform: AffineTransform_float_3_3
Parameters: 0.999998 -0.000316445 -0.0022501 0.000329565 0.999984 0.00562412 0.0022486 -0.00562487 0.999981 0.0139009 -0.16191 0.271517
FixedParameters: 0 0 0

#Transform 89
Transform: AffineTransform_float_3_3
Parameters: 0.999998 -0.00120106 -0.00198825 0.00121022 0.999988 0.00467452 0.00198232 -0.00467648 0.999987 -0.0070604 -0.0907573 0.11782
FixedParameters: 0 0 0

#Transform 90
Transform: AffineTransform_float_3_3
Parameters: 0.999998 -4.30215e-05 -0.00161906 5.17098e-05 0.999986 0.00516978 0.001619 -0.00516922 0.999986 -0.00759731 -0.120964 0.154983
FixedParameters: 0 0 0

#Transform 91
Transform: AffineTransform_float_3_3
Parameters: 0.999999 -0.000543431 -0.00111749 0.000546659 0.999996 0.00284832 0.00111617 -0.00284869 0.999996 -0.0156205 -0.0106369 0.123786
FixedParameters: 0 0 0

#Transform 92
Transform: AffineTransform_float_3_3
Parameters: 0.999998 -0.000772388 -0.00182837 0.000775179 0.999999 0.0016205 0.00182764 -0.0016215 0.999997 -0.0478144 0.0599553 0.21612
FixedParameters: 0 0 0

#Transform 93
Transform: AffineTransform_float_3_3
Parameters: 0.999999 -0.000202817 -0.000807223 0.000204879 0.999997 0.00251476 0.000806055 -0.00251524 0.999997 -0.0656229 0.0263823 0.180455
FixedParameters: 0 0 0

#Transform 94
Transform: AffineTransform_float_3_3
Parameters: 0.999999 9.36362e-05 -0.00126554 -9.08166e-05 0.999998 0.00229612 0.00126575 -0.00229588 0.999996 0.00713244 0.0467606 0.117102
FixedParameters: 0 0 0

#Transform 95
Transform: AffineTransform_float_3_3
Parameters: 1 -0.000415011 -0.00109283 0.000418888 0.999996 0.00275254 0.00109238 -0.00275246 0.999995 -0.0171985 -0.0285787 0.166399
FixedParameters: 0 0 0

#Transform 96
Transform: AffineTransform_float_3_3
Parameters: 0.999999 -0.000712592 -0.00132554 0.000715673 0.999996 0.00272298 0.00132336 -0.00272402 0.999996 -0.0105351 -0.017428 0.149795
FixedParameters: 0 0 0

#Transform 97
Transform: AffineTransform_float_3_3
Parameters: 0.999998 -0.00092729 -0.00134053 0.000929876 0.999998 0.00176274 0.00133911 -0.00176325 0.999997 -0.00622864 0.0249282 0.0642674
FixedParameters: 0 0 0

#Transform 98
Transform: AffineTransform_float_3_3
Parameters: 0.999999 -0.000293898 -0.000851051 0.000295956 0.999997 0.00242375 0.000850476 -0.00242425 0.999996 -0.0285446 -0.0185839 0.11002
FixedParameters: 0 0 0

#Transform 99
Transform: AffineTransform_float_3_3
Parameters: 0.999999 9.25969e-05 -0.000822422 -9.14908e-05 0.999998 0.00188508 0.000822626 -0.00188492 0.999998 -0.0198336 0.0311851 0.125267
FixedParameters: 0 0 0

#Transform 100
Transform: AffineTransform_float_3_3
Parameters: 0.999998 0.000737167 -0.00189016 -0.000733964 0.999998 0.00162025 0.00189133 -0.00161875 0.999997 0.0330004 0.0434686 0.103934
FixedParameters: 0 0 0

#Transform 101
Transform: AffineTransform_float_3_3
Parameters: 0.999999 0.000393926 -0.00148493 -0.000390535 0.999997 0.00248451 0.00148659 -0.00248349 0.999996 -0.00646322 -0.00966102 0.12374
FixedParameters: 0 0 0

#Transform 102
Transform: AffineTransform_float_3_3
Parameters: 0.999999 9.64491e-05 -0.00179077 -9.2115e-05 0.999998 0.0023241 0.00179092 -0.0023239 0.999995 0.0319508 0.0651054 0.131272
FixedParameters: 0 0 0

#Transform 103
Transform: AffineTransform_float_3_3
Parameters: 0.999999 0.000519031 -0.00140732 -0.000514972 0.999996 0.00283266 0.00140896 -0.00283234 0.999995 0.00473584 -0.00668324 0.116584
FixedParameters: 0 0 0

#Transform 104
Transform: AffineTransform_float_3_3
Parameters: 0.999999 0.000794874 0.000433507 -0.000796355 0.999995 0.00311266 -0.000431474 -0.00311334 0.999995 -0.0383884 0.034181 0.0486196
FixedParameters: 0 0 0

#Transform 105
Transform: AffineTransform_float_3_3
Parameters: 1 0.000249438 -0.000324607 -0.000249311 0.999998 0.00172901 0.000325398 -0.00172899 0.999999 -0.0168691 0.0608431 0.0020356
FixedParameters: 0 0 0

#Transform 106
Transform: AffineTransform_float_3_3
Parameters: 1 5.69097e-05 -0.000268541 -5.67929e-05 0.999998 0.00207401 0.000268705 -0.00207398 0.999998 -0.0349169 -0.00276938 0.124538
FixedParameters: 0 0 0

#Transform 107
Transform: AffineTransform_float_3_3
Parameters: 1 2.25584e-06 -0.00041494 -1.08736e-06 0.999999 0.001408 0.000414944 -0.001408 0.999999 -0.0329196 0.071658 0.0471582
FixedParameters: 0 0 0

#Transform 108
Transform: AffineTransform_float_3_3
Parameters: 0.999999 0.000376528 -0.00126972 -0.000374056 0.999997 0.00215041 0.00127112 -0.00215059 0.999997 -0.00475081 -0.000805844 0.0478223
FixedParameters: 0 0 0

#Transform 109
Transform: AffineTransform_float_3_3
Parameters: 1 0.000439097 -0.000506324 -0.000438635 0.999999 0.00143922 0.000507515 -0.00143878 0.999999 -0.0502111 0.038477 0.217656
FixedParameters: 0 0 0

#Transform 110
Transform: AffineTransform_float_3_3
Parameters: 0.999999 0.000324304 -0.00133472 -0.000321293 0.999998 0.00224843 0.00133596 -0.00224757 0.999996 0.0018285 0.048668 0.0636584
FixedParameters: 0 0 0

#Transform 111
Transform: AffineTransform_float_3_3
Parameters: 0.999999 0.00032406 -0.00133478 -0.000321537 0.999998 0.00206536 0.0013359 -0.00206464 0.999997 0.0176899 0.0316145 0.021854
FixedParameters: 0 0 0

#Transform 112
Transform: AffineTransform_float_3_3
Parameters: 0.999999 0.000332314 -0.0014485 -0.000329587 0.999998 0.00197341 0.00144959 -0.00197359 0.999997 0.0121822 0.0235145 0.090775
FixedParameters: 0 0 0

#Transform 113
Transform: AffineTransform_float_3_3
Parameters: 0.999999 0.000354541 -0.00175069 -0.000351685 0.999998 0.00195455 0.00175178 -0.00195445 0.999996 0.0157684 0.0363829 0.0908662
FixedParameters: 0 0 0

#Transform 114
Transform: AffineTransform_float_3_3
Parameters: 0.999997 -0.000554916 -0.00242493 0.000567434 0.999985 0.00552249 0.00242172 -0.00552352 0.999982 -0.0201063 -0.0959403 0.54396
FixedParameters: 0 0 0

#Transform 115
Transform: AffineTransform_float_3_3
Parameters: 1 -0.000207556 -0.00064855 0.000210837 0.999992 0.00412487 0.000647679 -0.00412514 0.999992 -0.0460414 0.0157866 0.185812
FixedParameters: 0 0 0

#Transform 116
Transform: AffineTransform_float_3_3
Parameters: 0.999999 0.000250038 -0.00181257 -0.000229579 0.999941 0.0108434 0.00181541 -0.0108426 0.999939 0.0147602 -0.334972 0.317222
FixedParameters: 0 0 0

#Transform 117
Transform: AffineTransform_float_3_3
Parameters: 1 0.000358798 -9.43019e-05 -0.000357717 0.999956 0.00937403 9.69573e-05 -0.00937397 0.999956 -0.0204144 -0.239127 0.174114
FixedParameters: 0 0 0

#Transform 118
Transform: AffineTransform_float_3_3
Parameters: 0.999999 0.000591584 -0.000498476 -0.000589014 0.99998 0.0063373 0.00050268 -0.0063377 0.99998 -0.01542 -0.129423 0.203635
FixedParameters: 0 0 0

#Transform 119
Transform: AffineTransform_float_3_3
Parameters: 0.999999 0.000165407 -0.000848835 -0.000160901 0.999988 0.00500014 0.000850181 -0.00499986 0.999987 0.0179019 -0.0819407 0.085828
FixedParameters: 0 0 0

#Transform 120
Transform: AffineTransform_float_3_3
Parameters: 1 -0.000538465 -0.000902869 0.000542399 0.999987 0.00506651 0.000900027 -0.00506749 0.999987 0.00805452 -0.100788 0.0991827
FixedParameters: 0 0 0

#Transform 121
Transform: AffineTransform_float_3_3
Parameters: 0.999999 -0.000571953 -0.000474347 0.000573318 0.999993 0.00370073 0.00047196 -0.00370127 0.999993 -0.00735394 -0.0444001 0.0864288
FixedParameters: 0 0 0

#Transform 122
Transform: AffineTransform_float_3_3
Parameters: 0.999999 -0.000571367 -0.000481398 0.000572903 0.999993 0.0038258 0.000478872 -0.0038262 0.999992 0.000838472 -0.0372049 0.0729848
FixedParameters: 0 0 0

#Transform 123
Transform: AffineTransform_float_3_3
Parameters: 1 -0.000581088 -0.000351011 0.000581846 0.999991 0.0042398 0.00034893 -0.0042402 0.999991 -0.0111633 -0.0655617 0.0534274
FixedParameters: 0 0 0

#Transform 124
Transform: AffineTransform_float_3_3
Parameters: 0.999999 -0.000557126 -0.000662397 0.000560194 0.999988 0.00474562 0.000659872 -0.00474537 0.999988 0.000679959 -0.129799 0.184388
FixedParameters: 0 0 0

#Transform 125
Transform: AffineTransform_float_3_3
Parameters: 1 -0.000581472 -0.000350375 0.00058253 0.999995 0.00314479 0.000348638 -0.00314421 0.999995 -0.0289705 0.0061195 0.0463399
FixedParameters: 0 0 0

#Transform 126
Transform: AffineTransform_float_3_3
Parameters: 1 -0.000586421 -0.000283668 0.000587161 0.999995 0.00332584 0.000281688 -0.00332617 0.999995 -0.0652915 -0.0699447 0.0641241
FixedParameters: 0 0 0

#Transform 127
Transform: AffineTransform_float_3_3
Parameters: 0.999999 0.00119447 -0.000581981 -0.0011931 0.999995 0.0027047 0.000585303 -0.0027043 0.999996 0.0180607 0.00977572 0.148459
FixedParameters: 0 0 0

#Transform 128
Transform: AffineTransform_float_3_3
Parameters: 1 0.000493248 -0.000206925 -0.000492058 0.999988 0.0049071 0.000209693 -0.0049069 0.999988 -0.0266533 -0.115911 0.135929
FixedParameters: 0 0 0

#Transform 129
Transform: AffineTransform_float_3_3
Parameters: 1 0.000437829 -0.000303194 -0.00043688 0.999995 0.00308313 0.000304822 -0.00308287 0.999995 0.00888426 -0.0159507 0.0327239
FixedParameters: 0 0 0

#Transform 130
Transform: AffineTransform_float_3_3
Parameters: 1 0.000441491 -0.000353138 -0.000440299 0.999995 0.00289615 0.000353625 -0.00289584 0.999995 -0.000177583 -0.0225293 -0.00939307
FixedParameters: 0 0 0

#Transform 131
Transform: AffineTransform_float_3_3
Parameters: 1 0.000379439 0.000477625 -0.000380313 0.999995 0.00308281 -0.000476138 -0.00308219 0.999995 -0.00863653 -0.037318 0.0287874
FixedParameters: 0 0 0

#Transform 132
Transform: AffineTransform_float_3_3
Parameters: 0.999998 -0.000326411 0.00159428 0.00032231 0.999997 0.00222338 -0.0015955 -0.00222362 0.999996 -0.0229075 0.018278 0.0394167
FixedParameters: 0 0 0

#Transform 133
Transform: AffineTransform_float_3_3
Parameters: 0.999999 0.000872856 0.00117273 -0.00087403 0.999998 0.0013819 -0.00117117 -0.0013831 0.999999 -0.0109914 0.0323183 0.056741
FixedParameters: 0 0 0

#Transform 134
Transform: AffineTransform_float_3_3
Parameters: 0.999999 0.000880772 0.001022 -0.000884928 0.999989 0.00462309 -0.00101747 -0.0046239 0.999989 -0.00298185 -0.142757 0.213154
FixedParameters: 0 0 0

#Transform 135
Transform: AffineTransform_float_3_3
Parameters: 0.999999 0.000864878 0.0012285 -0.000870225 0.999989 0.00473693 -0.00122384 -0.00473807 0.999988 0.00417297 -0.106674 0.112095
FixedParameters: 0 0 0

#Transform 136
Transform: AffineTransform_float_3_3
Parameters: 0.999999 0.000882587 0.00100366 -0.000886687 0.999991 0.00418011 -0.000999967 -0.00418089 0.999991 0.01516 -0.083334 0.0926016
FixedParameters: 0 0 0

#Transform 137
Transform: AffineTransform_float_3_3
Parameters: 0.999999 0.000876266 0.00108833 -0.000879855 0.999992 0.00407705 -0.0010848 -0.00407896 0.999991 0.0208818 -0.091578 0.0973201
FixedParameters: 0 0 0

#Transform 138
Transform: AffineTransform_float_3_3
Parameters: 0.999999 0.000861225 0.00128581 -0.000865585 0.999991 0.00413889 -0.00128222 -0.00414011 0.99999 0.0121045 -0.0942272 0.108286
FixedParameters: 0 0 0

#Transform 139
Transform: AffineTransform_float_3_3
Parameters: 0.999999 0.000884219 0.000989188 -0.000887127 0.999993 0.00360112 -0.000985515 -0.00360188 0.999993 0.0125692 -0.0614389 0.113589
FixedParameters: 0 0 0

#Transform 140
Transform: AffineTransform_float_3_3
Parameters: 0.999999 0.000961012 0.00157873 -0.000967424 0.999992 0.0037044 -0.00157522 -0.0037056 0.999992 4.54317e-05 -0.0760741 0.105909
FixedParameters: 0 0 0

#Transform 141
Transform: AffineTransform_float_3_3
Parameters: 0.999998 0.000852919 0.00139454 -0.000858304 0.999991 0.00418373 -0.00139094 -0.00418527 0.999991 0.000412088 -0.0856241 0.123911
FixedParameters: 0 0 0

#Transform 142
Transform: AffineTransform_float_3_3
Parameters: 0.999999 0.000869537 0.00118084 -0.000873287 0.999993 0.00382497 -0.00117781 -0.00382603 0.999992 0.00100436 -0.0724805 0.146701
FixedParameters: 0 0 0

#Transform 143
Transform: AffineTransform_float_3_3
Parameters: 1 0.000922006 0.000482455 -0.000924049 0.99999 0.00450162 -0.000477992 -0.00450138 0.99999 0.00996848 -0.109954 0.17319
FixedParameters: 0 0 0

#Transform 144
Transform: AffineTransform_float_3_3
Parameters: 0.999999 0.000924296 0.000449996 -0.000926407 0.999987 0.00498366 -0.000445616 -0.00498434 0.999987 0.00984996 -0.10973 0.242156
FixedParameters: 0 0 0

#Transform 145
Transform: AffineTransform_float_3_3
Parameters: 0.999999 0.000880491 0.00102503 -0.00088478 0.999988 0.00467409 -0.00102041 -0.0046749 0.999988 -0.0195003 -0.0519347 0.183724
FixedParameters: 0 0 0

#Transform 146
Transform: AffineTransform_float_3_3
Parameters: 1 0.000929562 0.000386106 -0.000930223 0.999992 0.00382671 -0.000382835 -0.00382729 0.999992 0.00048747 -0.0367158 0.209199
FixedParameters: 0 0 0

#Transform 147
Transform: AffineTransform_float_3_3
Parameters: 1 0.000906811 0.000680082 -0.000909866 0.999989 0.00472146 -0.000676277 -0.00472255 0.999988 -0.00869862 -0.055731 0.215301
FixedParameters: 0 0 0

#Transform 148
Transform: AffineTransform_float_3_3
Parameters: 1 0.000936284 0.000301116 -0.000936582 0.999997 0.00251479 -0.000299327 -0.00251521 0.999997 0.00301264 0.03107 0.0914487
FixedParameters: 0 0 0

#Transform 149
Transform: AffineTransform_float_3_3
Parameters: 1 0.000457197 -0.000334896 -0.000456075 0.999995 0.00294815 0.000335522 -0.00294784 0.999995 0.0101723 0.00739696 0.0662904
FixedParameters: 0 0 0

#Transform 150
Transform: AffineTransform_float_3_3
Parameters: 0.999999 0.00121898 0.000512834 -0.00122019 0.999993 0.00348444 -0.000509179 -0.00348456 0.999994 -0.0263061 0.00967204 0.254782
FixedParameters: 0 0 0

#Transform 151
Transform: AffineTransform_float_3_3
Parameters: 0.999998 0.00137393 0.000916929 -0.00137739 0.999992 0.00372181 -0.00091146 -0.00372319 0.999992 -0.0374446 0.0403513 0.0431454
FixedParameters: 0 0 0
