# transform file /out/sourcedata/freesurfer/sub-v2s3x28844_ses-1/mri/transforms/cc_up.lta
# created by oesteban on Fri Mar 13 04:51:24 2026

type      = 0 # LINEAR_VOX_TO_VOX
nxforms   = 1
mean      = 129.0000 95.0000 110.0000
sigma     = 10000.0000
1 4 4
9.998708367347717e-01 -1.240842696279287e-02 1.022456679493189e-02 -1.142356276512146e+00 
1.240777783095837e-02 9.999231100082397e-01 1.268805353902280e-04 4.939149856567383e+01 
-1.022535376250744e-02 0.000000000000000e+00 9.999477863311768e-01 2.032477569580078e+01 
0.000000000000000e+00 0.000000000000000e+00 0.000000000000000e+00 1.000000000000000e+00 
src volume info
valid = 1  # volume info valid
filename = /out/sourcedata/freesurfer/sub-v2s3x28844_ses-1/mri/norm.mgz
volume = 256 256 256
voxelsize = 1.000000000000000e+00 1.000000000000000e+00 1.000000000000000e+00
xras   = -1.000000000000000e+00 0.000000000000000e+00 0.000000000000000e+00
yras   = 0.000000000000000e+00 0.000000000000000e+00 -1.000000000000000e+00
zras   = 0.000000000000000e+00 1.000000000000000e+00 0.000000000000000e+00
cras   = 7.634658813476562e-01 4.234747314453125e+01 2.414772033691406e+00
dst volume info
valid = 1  # volume info valid
filename = /out/sourcedata/freesurfer/sub-v2s3x28844_ses-1/mri/norm.mgz
volume = 256 256 256
voxelsize = 1.000000000000000e+00 1.000000000000000e+00 1.000000000000000e+00
xras   = -1.000000000000000e+00 0.000000000000000e+00 0.000000000000000e+00
yras   = 0.000000000000000e+00 0.000000000000000e+00 -1.000000000000000e+00
zras   = 0.000000000000000e+00 1.000000000000000e+00 0.000000000000000e+00
cras   = 7.634658813476562e-01 4.234747314453125e+01 2.414772033691406e+00
