# transform file transforms/talairach.lta
# created by oesteban on Fri Mar 13 03:46:28 2026

type      = 0 # LINEAR_VOX_TO_VOX
nxforms   = 1
mean      = 129.0000 96.0000 110.0000
sigma     = 10000.0000
1 4 4
1.079548716545105e+00 -2.822044491767883e-02 -7.129342295229435e-03 -1.028601741790771e+01 
2.728028967976570e-02 1.192785620689392e+00 2.671410702168941e-02 9.339680075645447e-01 
6.854692008346319e-03 -2.816837653517723e-02 1.036785125732422e+00 -2.913344144821167e+00 
0.000000000000000e+00 0.000000000000000e+00 0.000000000000000e+00 1.000000000000000e+00 
src volume info
valid = 1  # volume info valid
filename = nu.mgz
volume = 256 256 256
voxelsize = 1.000000000000000e+00 1.000000000000000e+00 1.000000000000000e+00
xras   = -1.000000000000000e+00 0.000000000000000e+00 0.000000000000000e+00
yras   = 0.000000000000000e+00 0.000000000000000e+00 -1.000000000000000e+00
zras   = 0.000000000000000e+00 1.000000000000000e+00 0.000000000000000e+00
cras   = 7.634658813476562e-01 4.234747314453125e+01 2.414772033691406e+00
dst volume info
valid = 1  # volume info valid
filename = /opt/freesurfer/average/RB_all_2020-01-02.gca
volume = 256 256 256
voxelsize = 1.000000000000000e+00 1.000000000000000e+00 1.000000000000000e+00
xras   = -1.000000000000000e+00 0.000000000000000e+00 0.000000000000000e+00
yras   = 0.000000000000000e+00 0.000000000000000e+00 -1.000000000000000e+00
zras   = 0.000000000000000e+00 1.000000000000000e+00 0.000000000000000e+00
cras   = 0.000000000000000e+00 0.000000000000000e+00 0.000000000000000e+00
