#Insight Transform File V1.0
#Transform 0
Transform: AffineTransform_float_3_3
Parameters: 0.999999 0.000680423 -0.000570495 -0.000679577 1 0.000742388 0.000570504 -0.000741612 0.999999 -0.0602295 -0.0467518 -0.0582356
FixedParameters: 0 0 0

#Transform 1
Transform: AffineTransform_float_3_3
Parameters: 1 0.00100463 -0.000617983 -0.00100437 0.999999 0.00101362 0.000619019 -0.00101338 1 -0.0603913 -0.0298036 -0.0131401
FixedParameters: 0 0 0

#Transform 2
Transform: AffineTransform_float_3_3
Parameters: 0.999999 0.000747234 -0.000497648 -0.000746765 0.999999 0.000471372 0.000498352 -0.000471628 1 -0.0602146 0.00671001 -0.0540752
FixedParameters: 0 0 0

#Transform 3
Transform: AffineTransform_float_3_3
Parameters: 1 0.00060227 -0.000279418 -0.000602729 1 0.000966169 0.000280582 -0.000965832 1 -0.0658967 -0.0635061 -0.00909311
FixedParameters: 0 0 0

#Transform 4
Transform: AffineTransform_float_3_3
Parameters: 0.999999 0.000602579 -0.000496298 -0.000602421 0.999999 0.0011663 0.000496703 -0.0011667 0.999999 -0.060136 -0.00268955 -0.0092682
FixedParameters: 0 0 0

#Transform 5
Transform: AffineTransform_float_3_3
Parameters: 1 0.00060215 -0.000279675 -0.000602849 0.999999 0.000539168 0.000280325 -0.000538831 1 -0.0600839 0.0235431 -0.056807
FixedParameters: 0 0 0

#Transform 6
Transform: AffineTransform_float_3_3
Parameters: 1 0.000696814 -0.00075525 -0.000695186 0.999999 0.00107753 0.000756749 -0.00107647 0.999999 -0.0701139 -0.0231315 -0.0314016
FixedParameters: 0 0 0

#Transform 7
Transform: AffineTransform_float_3_3
Parameters: 0.999999 0.000689873 -0.000280312 -0.000690127 0.999999 -0.000452806 0.000280688 0.000452194 1 -0.0742737 -0.01963 -0.0745552
FixedParameters: 0 0 0

#Transform 8
Transform: AffineTransform_float_3_3
Parameters: 0.999999 0.00116411 -0.000951863 -0.00116489 1 0.000118109 0.000952136 -0.000116892 0.999999 -0.0604763 -0.00194862 -0.000588343
FixedParameters: 0 0 0

#Transform 9
Transform: AffineTransform_float_3_3
Parameters: 1 0.00036221 -0.000556863 -0.00036179 1 0.000378201 0.000556137 -0.000377799 1 -0.051328 -0.0220559 -0.0251812
FixedParameters: 0 0 0

#Transform 10
Transform: AffineTransform_float_3_3
Parameters: 1 0.000374919 0.000191158 -0.00037508 1 0.000420928 -0.000190842 -0.000421071 1 -0.0440193 0.0107711 -0.0305971
FixedParameters: 0 0 0

#Transform 11
Transform: AffineTransform_float_3_3
Parameters: 1 0.000666997 6.28347e-06 -0.000667002 0.999999 0.000424996 -5.71652e-06 -0.000425004 1 -0.0479109 0.0106818 -0.0932728
FixedParameters: 0 0 0

#Transform 12
Transform: AffineTransform_float_3_3
Parameters: 1 0.00025213 -0.000449927 -0.00025187 1 0.000288113 0.000450072 -0.000287886 1 -0.053958 -0.0575073 -0.0344447
FixedParameters: 0 0 0

#Transform 13
Transform: AffineTransform_float_3_3
Parameters: 1 0.000501319 -0.000449643 -0.00050168 0.999999 0.000711225 0.000449356 -0.000710774 0.999999 -0.037738 -0.0298044 -0.0342248
FixedParameters: 0 0 0

#Transform 14
Transform: AffineTransform_float_3_3
Parameters: 1 0.000336131 -0.000449902 -0.000335868 1 0.000292151 0.000450098 -0.000291849 1 -0.0517369 0.00159559 -0.0746227
FixedParameters: 0 0 0

#Transform 15
Transform: AffineTransform_float_3_3
Parameters: 1 0.000532891 -0.000450128 -0.000532108 1 -0.00024076 0.000449872 0.00024124 1 -0.0102063 -0.0299418 -0.0736353
FixedParameters: 0 0 0

#Transform 16
Transform: AffineTransform_float_3_3
Parameters: 1 0.000252043 -0.000345969 -0.000251957 1 0.000123087 0.000346031 -0.000122913 1 -0.037533 -0.0425743 0.0180848
FixedParameters: 0 0 0

#Transform 17
Transform: AffineTransform_float_3_3
Parameters: 1 0.000260063 0.000200919 -0.000259937 1 -0.000313052 -0.000200081 0.000312948 1 -0.037581 0.0234409 -0.0897816
FixedParameters: 0 0 0

#Transform 18
Transform: AffineTransform_float_3_3
Parameters: 1 0.000791833 -0.0006614 -0.000793169 0.999998 -0.00176648 0.000660601 0.00176652 0.999998 -0.0378973 -0.0295373 -0.0790974
FixedParameters: 0 0 0

#Transform 19
Transform: AffineTransform_float_3_3
Parameters: 0.999999 0.000786015 -0.000286957 -0.000785984 0.999999 5.52255e-05 0.000287043 -5.47744e-05 1 -0.0173788 0.0219422 -0.0452832
FixedParameters: 0 0 0

#Transform 20
Transform: AffineTransform_float_3_3
Parameters: 0.999999 9.31741e-05 -0.000763978 -9.28257e-05 1 0.000228071 0.000764021 -0.000227929 0.999999 -0.00640152 -0.0142894 -0.0108696
FixedParameters: 0 0 0

#Transform 21
Transform: AffineTransform_float_3_3
Parameters: 1 -0.00045002 -5.68398e-05 0.00044998 1 -0.000356026 5.61602e-05 0.000355975 1 0.00178011 0.0513123 -0.0911726
FixedParameters: 0 0 0

#Transform 22
Transform: AffineTransform_float_3_3
Parameters: 1 -0.000596116 -0.000138504 0.000595885 1 -0.000832083 0.000138496 0.000831918 0.999999 0.00192822 -0.00158991 -0.0882741
FixedParameters: 0 0 0

#Transform 23
Transform: AffineTransform_float_3_3
Parameters: 1 -0.00107604 -5.6264e-05 0.00107596 0.999999 -0.000684061 5.67359e-05 0.000683939 1 0.002381 -0.00225916 -0.0713094
FixedParameters: 0 0 0

#Transform 24
Transform: AffineTransform_float_3_3
Parameters: 1 -0.000450145 -0.000102363 0.000449854 0.999999 -0.00141605 0.000103637 0.00141595 0.999999 0.00185724 -0.00100537 -0.0270428
FixedParameters: 0 0 0

#Transform 25
Transform: AffineTransform_float_3_3
Parameters: 0.999999 -0.000699502 0.000351991 0.000699497 0.999999 -0.00141575 -0.00035101 0.00141525 0.999999 -0.0227862 0.00640459 -0.0589745
FixedParameters: 0 0 0

#Transform 26
Transform: AffineTransform_float_3_3
Parameters: 1 -0.000450308 -0.000450692 0.000449692 0.999999 -0.000683202 0.000451307 0.000682796 0.999999 -0.0173261 0.0245816 -0.075243
FixedParameters: 0 0 0

#Transform 27
Transform: AffineTransform_float_3_3
Parameters: 1 -0.00112608 -8.6937e-05 0.00112592 0.999999 -0.000944098 8.8064e-05 0.000944901 0.999999 -0.0156111 0.0045206 -0.0738041
FixedParameters: 0 0 0

#Transform 28
Transform: AffineTransform_float_3_3
Parameters: 0.999999 -0.000904477 -0.000270408 0.000903523 0.999998 -0.00176025 0.000271591 0.00176076 0.999999 0.00224553 0.042346 -0.0544634
FixedParameters: 0 0 0

#Transform 29
Transform: AffineTransform_float_3_3
Parameters: 1 -0.0011544 -0.000210847 0.0011536 0.999997 -0.00186524 0.000213152 0.00186475 0.999998 0.000302014 0.0405257 -0.0811275
FixedParameters: 0 0 0

#Transform 30
Transform: AffineTransform_float_3_3
Parameters: 0.999999 -0.00115295 0.000564157 0.00115405 0.999997 -0.00186935 -0.000561843 0.00187065 0.999998 0.0163143 0.0241549 -0.121656
FixedParameters: 0 0 0

#Transform 31
Transform: AffineTransform_float_3_3
Parameters: 0.999999 -0.000903558 0.000213874 0.000903442 0.999998 -0.00207381 -0.000212127 0.00207419 0.999998 0.00937177 0.00271357 -0.0366915
FixedParameters: 0 0 0

#Transform 32
Transform: AffineTransform_float_3_3
Parameters: 1 -0.000903164 0.000459648 0.000903838 0.999998 -0.00182359 -0.000458353 0.00182342 0.999998 -0.00483308 0.0291139 -0.0398703
FixedParameters: 0 0 0

#Transform 33
Transform: AffineTransform_float_3_3
Parameters: 0.999999 -0.000904314 -0.000171351 0.000903686 0.999998 -0.00182416 0.000172649 0.00182385 0.999999 0.00112956 0.0321234 -0.0670728
FixedParameters: 0 0 0

#Transform 34
Transform: AffineTransform_float_3_3
Parameters: 0.999999 -0.00090495 -0.000411917 0.000904048 0.999997 -0.00230337 0.000414083 0.00230263 0.999998 0.00580316 0.00948453 -0.0283344
FixedParameters: 0 0 0

#Transform 35
Transform: AffineTransform_float_3_3
Parameters: 0.999999 -0.000904449 -0.000179754 0.00090355 0.999997 -0.00248416 0.000182245 0.00248384 0.999997 -0.00928838 0.0521836 -0.0977583
FixedParameters: 0 0 0

#Transform 36
Transform: AffineTransform_float_3_3
Parameters: 1 -0.00115425 -0.000118582 0.00115375 0.999997 -0.00209514 0.000121417 0.00209486 0.999998 0.00614374 0.0231264 -0.106807
FixedParameters: 0 0 0

#Transform 37
Transform: AffineTransform_float_3_3
Parameters: 0.999999 -0.000903682 0.000184564 0.000903317 0.999998 -0.00173083 -0.000182436 0.00173116 0.999998 0.0225039 0.0232643 -0.0222294
FixedParameters: 0 0 0

#Transform 38
Transform: AffineTransform_float_3_3
Parameters: 1 -0.00115301 0.00033344 0.00115399 0.999995 -0.00298162 -0.00033056 0.00298238 0.999996 0.0283971 0.049073 -0.0811656
FixedParameters: 0 0 0

#Transform 39
Transform: AffineTransform_float_3_3
Parameters: 0.999999 -0.00128436 0.000635322 0.00128564 0.999996 -0.00258419 -0.00063268 0.00258482 0.999997 0.0228025 0.00744909 -0.122547
FixedParameters: 0 0 0

#Transform 40
Transform: AffineTransform_float_3_3
Parameters: 0.999998 -0.00137592 0.000782674 0.00137708 0.999996 -0.00266793 -0.000779328 0.00266908 0.999996 0.0501327 0.000632996 -0.0873214
FixedParameters: 0 0 0

#Transform 41
Transform: AffineTransform_float_3_3
Parameters: 0.999999 -0.0013774 0.000235557 0.0013776 0.999995 -0.00258168 -0.000232443 0.00258232 0.999996 0.0402048 0.0167501 -0.0461414
FixedParameters: 0 0 0

#Transform 42
Transform: AffineTransform_float_3_3
Parameters: 0.999999 -0.00137572 0.000761138 0.00137728 0.999994 -0.00300495 -0.000756864 0.00300604 0.999995 0.0550529 0.0416877 -0.100726
FixedParameters: 0 0 0

#Transform 43
Transform: AffineTransform_float_3_3
Parameters: 0.999999 -0.00137624 0.000691522 0.00137776 0.999996 -0.00255705 -0.000688479 0.00255795 0.999997 0.0401418 0.00630029 -0.0989186
FixedParameters: 0 0 0

#Transform 44
Transform: AffineTransform_float_3_3
Parameters: 0.999998 -0.00187798 0.000822615 0.00188001 0.999995 -0.00245546 -0.000817383 0.00245754 0.999996 0.0405414 0.0313891 -0.0986155
FixedParameters: 0 0 0

#Transform 45
Transform: AffineTransform_float_3_3
Parameters: 0.999998 -0.00187727 0.000824245 0.00187973 0.999992 -0.00332346 -0.000817755 0.00332554 0.999994 0.0405801 0.0364542 -0.0384175
FixedParameters: 0 0 0

#Transform 46
Transform: AffineTransform_float_3_3
Parameters: 0.999998 -0.00187803 0.000515241 0.00187997 0.999991 -0.00385304 -0.00050776 0.00385396 0.999993 0.0448508 0.0497314 -0.125651
FixedParameters: 0 0 0

#Transform 47
Transform: AffineTransform_float_3_3
Parameters: 0.999998 -0.00187856 0.000456962 0.00188044 0.999993 -0.00317215 -0.000451037 0.00317285 0.999995 0.0405902 0.0161286 -0.0898933
FixedParameters: 0 0 0

#Transform 48
Transform: AffineTransform_float_3_3
Parameters: 0.999998 -0.00187854 0.00045703 0.00188046 0.999993 -0.00320815 -0.000450969 0.00320885 0.999994 0.0405644 0.0350058 -0.0683451
FixedParameters: 0 0 0

#Transform 49
Transform: AffineTransform_float_3_3
Parameters: 0.999998 -0.00187842 0.000457556 0.00188059 0.999992 -0.00348815 -0.000451442 0.00348885 0.999994 0.0405161 0.0513117 -0.103072
FixedParameters: 0 0 0

#Transform 50
Transform: AffineTransform_float_3_3
Parameters: 0.999998 -0.00195921 0.000561283 0.00196079 0.999993 -0.0032049 -0.000554717 0.00320609 0.999994 0.0385616 0.0260022 -0.100889
FixedParameters: 0 0 0

#Transform 51
Transform: AffineTransform_float_3_3
Parameters: 0.999998 -0.00187842 0.000457526 0.00188058 0.999992 -0.00347215 -0.000451473 0.00347285 0.999994 0.040544 0.0470563 -0.0544955
FixedParameters: 0 0 0

#Transform 52
Transform: AffineTransform_float_3_3
Parameters: 0.999998 -0.00187762 0.00061631 0.00188038 0.99999 -0.00388985 -0.000608689 0.00389115 0.999992 0.0404856 0.063894 -0.100723
FixedParameters: 0 0 0

#Transform 53
Transform: AffineTransform_float_3_3
Parameters: 0.999998 -0.00187757 0.000666898 0.00188044 0.999992 -0.00367076 -0.000660102 0.00367125 0.999993 0.0349418 0.088596 -0.0844572
FixedParameters: 0 0 0

#Transform 54
Transform: AffineTransform_float_3_3
Parameters: 0.999998 -0.00187825 0.000499638 0.00187975 0.999992 -0.00353207 -0.000492363 0.00353293 0.999993 0.0440863 0.13715 -0.0689065
FixedParameters: 0 0 0

#Transform 55
Transform: AffineTransform_float_3_3
Parameters: 0.999999 -0.00162026 0.000735072 0.00162274 0.999991 -0.00374381 -0.000728929 0.00374518 0.999992 0.0600382 0.152459 -0.0987405
FixedParameters: 0 0 0

#Transform 56
Transform: AffineTransform_float_3_3
Parameters: 0.999997 -0.00212811 0.000525691 0.00212988 0.999991 -0.00361189 -0.000517309 0.00361311 0.999994 0.0606203 0.123823 -0.0908107
FixedParameters: 0 0 0

#Transform 57
Transform: AffineTransform_float_3_3
Parameters: 0.999997 -0.00232459 0.000755457 0.00232741 0.999992 -0.00320525 -0.000748542 0.00320675 0.999994 0.0541431 0.130614 -0.0683202
FixedParameters: 0 0 0

#Transform 58
Transform: AffineTransform_float_3_3
Parameters: 0.999998 -0.00212705 0.000819695 0.00212995 0.999991 -0.00361426 -0.000812304 0.00361674 0.999993 0.0606796 0.151398 0.0115571
FixedParameters: 0 0 0

#Transform 59
Transform: AffineTransform_float_3_3
Parameters: 0.999997 -0.00264492 0.000196076 0.00264508 0.999997 -0.000406483 -0.000194923 0.000407517 1 0.0612564 0.212337 0.165822
FixedParameters: 0 0 0

#Transform 60
Transform: AffineTransform_float_3_3
Parameters: 0.999997 -0.0021301 -5.10167e-05 0.0021299 0.999996 -0.00187011 5.49829e-05 0.00186989 0.999999 0.0607639 0.186656 0.0666688
FixedParameters: 0 0 0

#Transform 61
Transform: AffineTransform_float_3_3
Parameters: 0.999996 -0.0025352 0.000381313 0.00253579 0.999994 -0.00209504 -0.000375684 0.00209696 0.999997 0.0611386 0.19235 0.0337044
FixedParameters: 0 0 0

#Transform 62
Transform: AffineTransform_float_3_3
Parameters: 0.999998 -0.00226063 0.000473762 0.00226137 0.999997 -0.000778931 -0.000472237 0.000780069 0.999999 0.0653069 0.104752 -0.0179479
FixedParameters: 0 0 0

#Transform 63
Transform: AffineTransform_float_3_3
Parameters: 0.999997 -0.0021291 0.00050876 0.00212989 0.999996 -0.00176492 -0.00050524 0.00176608 0.999999 0.0669364 0.164881 0.00891896
FixedParameters: 0 0 0

#Transform 64
Transform: AffineTransform_float_3_3
Parameters: 0.999996 -0.00260613 -5.40241e-05 0.00260587 0.999994 -0.00229315 5.99752e-05 0.00229285 0.999998 0.0527955 0.164239 0.0357021
FixedParameters: 0 0 0

#Transform 65
Transform: AffineTransform_float_3_3
Parameters: 0.999998 -0.00227315 0.000372199 0.00227484 0.999995 -0.00228616 -0.000366798 0.00228784 0.999998 0.0670962 0.195237 -0.00684097
FixedParameters: 0 0 0

#Transform 66
Transform: AffineTransform_float_3_3
Parameters: 0.999997 -0.00245504 0.000347816 0.00245595 0.999993 -0.00277515 -0.000340185 0.00277584 0.999996 0.0491532 0.139819 -0.0266012
FixedParameters: 0 0 0

#Transform 67
Transform: AffineTransform_float_3_3
Parameters: 0.999997 -0.00265201 -2.34589e-05 0.002652 0.999997 -0.000204063 2.35409e-05 0.000203938 1 0.0441234 0.123739 0.107359
FixedParameters: 0 0 0

#Transform 68
Transform: AffineTransform_float_3_3
Parameters: 0.999997 -0.00265716 0.000660389 0.00265884 0.999995 -0.00127425 -0.000656608 0.00127675 0.999999 0.0757837 0.164901 -0.00201127
FixedParameters: 0 0 0

#Transform 69
Transform: AffineTransform_float_3_3
Parameters: 0.999995 -0.00306396 0.000821882 0.00306504 0.999995 -0.00126549 -0.000818116 0.00126851 0.999999 0.0618245 0.122118 -0.00671023
FixedParameters: 0 0 0

#Transform 70
Transform: AffineTransform_float_3_3
Parameters: 0.999997 -0.0026573 0.000655828 0.0026587 0.999996 -0.00106326 -0.000653172 0.00106474 0.999999 0.0780114 0.122704 0.0493288
FixedParameters: 0 0 0

#Transform 71
Transform: AffineTransform_float_3_3
Parameters: 0.999997 -0.00230582 0.000555939 0.00230719 0.999995 -0.00214072 -0.000551062 0.00214128 0.999997 0.0687248 0.158572 -0.0319239
FixedParameters: 0 0 0

#Transform 72
Transform: AffineTransform_float_3_3
Parameters: 0.999997 -0.00265699 0.000617365 0.00265801 0.999995 -0.00164137 -0.000612637 0.00164263 0.999999 0.0774923 0.102948 0.00258313
FixedParameters: 0 0 0

#Transform 73
Transform: AffineTransform_float_3_3
Parameters: 0.999995 -0.00290758 0.000430871 0.00290842 0.999996 -0.000986752 -0.000428131 0.00098725 1 0.0708568 0.10892 0.0425624
FixedParameters: 0 0 0

#Transform 74
Transform: AffineTransform_float_3_3
Parameters: 0.999997 -0.00265724 0.000577517 0.00265876 0.999995 -0.00132247 -0.000574484 0.00132353 0.999999 0.0833013 0.139056 0.0253817
FixedParameters: 0 0 0

#Transform 75
Transform: AffineTransform_float_3_3
Parameters: 0.999994 -0.00307004 0.00104477 0.00307196 0.999993 -0.0018778 -0.00103923 0.0018812 0.999997 0.0914673 0.138651 -0.0237727
FixedParameters: 0 0 0

#Transform 76
Transform: AffineTransform_float_3_3
Parameters: 0.999994 -0.00315118 0.000892448 0.00315282 0.999993 -0.0020442 -0.000885553 0.0020468 0.999998 0.0954987 0.120325 -0.0523474
FixedParameters: 0 0 0

#Transform 77
Transform: AffineTransform_float_3_3
Parameters: 0.999996 -0.0028053 0.000356576 0.0028057 0.999994 -0.00198701 -0.000350424 0.00198799 0.999998 0.100251 0.12072 0.0219767
FixedParameters: 0 0 0

#Transform 78
Transform: AffineTransform_float_3_3
Parameters: 0.999997 -0.00265704 0.000458598 0.00265796 0.999995 -0.00210579 -0.000453402 0.00210721 0.999997 0.0869579 0.123018 0.0276077
FixedParameters: 0 0 0

#Transform 79
Transform: AffineTransform_float_3_3
Parameters: 0.999995 -0.00307826 0.000839416 0.00308074 0.999993 -0.00208243 -0.000833584 0.00208458 0.999998 0.0893014 0.117577 -0.0628734
FixedParameters: 0 0 0

#Transform 80
Transform: AffineTransform_float_3_3
Parameters: 0.999995 -0.00307802 0.000974283 0.00307998 0.999993 -0.00203901 -0.000968718 0.00204199 0.999998 0.0915521 0.120413 -0.0515899
FixedParameters: 0 0 0

#Transform 81
Transform: AffineTransform_float_3_3
Parameters: 0.999995 -0.00307779 0.000931345 0.00308022 0.999993 -0.00238414 -0.000924655 0.00238686 0.999996 0.107263 0.145296 -0.0178436
FixedParameters: 0 0 0

#Transform 82
Transform: AffineTransform_float_3_3
Parameters: 0.999994 -0.00307725 0.0010352 0.00308075 0.999991 -0.00266282 -0.00102779 0.00266618 0.999996 0.107139 0.148174 -0.0922773
FixedParameters: 0 0 0

#Transform 83
Transform: AffineTransform_float_3_3
Parameters: 0.999994 -0.00307803 0.0010329 0.00307998 0.999994 -0.00191583 -0.0010271 0.00191917 0.999997 0.0885493 0.0808011 0.0148639
FixedParameters: 0 0 0

#Transform 84
Transform: AffineTransform_float_3_3
Parameters: 0.999994 -0.00332714 0.00118107 0.00333085 0.999991 -0.00242208 -0.00117293 0.00242692 0.999997 0.0803958 0.136834 -0.0562566
FixedParameters: 0 0 0

#Transform 85
Transform: AffineTransform_float_3_3
Parameters: 0.999994 -0.00316571 0.0014532 0.00316929 0.999993 -0.00226941 -0.00144581 0.00227359 0.999997 0.0800202 0.102808 -0.0269351
FixedParameters: 0 0 0

#Transform 86
Transform: AffineTransform_float_3_3
Parameters: 0.999995 -0.0031292 0.00128232 0.00313281 0.99999 -0.002975 -0.00127368 0.002979 0.999995 0.107291 0.147095 -0.0527323
FixedParameters: 0 0 0

#Transform 87
Transform: AffineTransform_float_3_3
Parameters: 0.999995 -0.00319408 0.00108961 0.00319692 0.999992 -0.00269153 -0.00108039 0.00269547 0.999996 0.0980134 0.105138 -0.0828215
FixedParameters: 0 0 0

#Transform 88
Transform: AffineTransform_float_3_3
Parameters: 0.999995 -0.00315277 0.00117571 0.00315523 0.999991 -0.00275831 -0.0011663 0.00276169 0.999995 0.0981836 0.105221 -0.0359308
FixedParameters: 0 0 0

#Transform 89
Transform: AffineTransform_float_3_3
Parameters: 0.999993 -0.00350194 0.00125638 0.00350606 0.999988 -0.00324662 -0.00124462 0.00325038 0.999994 0.0914039 0.131943 -0.149151
FixedParameters: 0 0 0

#Transform 90
Transform: AffineTransform_float_3_3
Parameters: 0.999993 -0.00350304 0.0012561 0.00350696 0.999989 -0.00316362 -0.0012449 0.00316838 0.999994 0.0960884 0.0943878 -0.10137
FixedParameters: 0 0 0

#Transform 91
Transform: AffineTransform_float_3_3
Parameters: 0.999995 -0.00307653 0.00125357 0.00308048 0.999992 -0.00278116 -0.00124443 0.00278485 0.999996 0.107375 0.113656 -0.0453707
FixedParameters: 0 0 0

#Transform 92
Transform: AffineTransform_float_3_3
Parameters: 0.999993 -0.00347575 0.00125681 0.00348025 0.999988 -0.00339365 -0.00124419 0.00339735 0.999994 0.0913418 0.141751 -0.0731538
FixedParameters: 0 0 0

#Transform 93
Transform: AffineTransform_float_3_3
Parameters: 0.999995 -0.00307767 0.0008109 0.00308033 0.999991 -0.00288952 -0.0008021 0.00289148 0.999995 0.0901582 0.106543 -0.111773
FixedParameters: 0 0 0

#Transform 94
Transform: AffineTransform_float_3_3
Parameters: 0.999993 -0.00349859 0.00118312 0.0035024 0.999989 -0.00288788 -0.00117288 0.00289212 0.999995 0.0923736 0.100018 -0.0676173
FixedParameters: 0 0 0

#Transform 95
Transform: AffineTransform_float_3_3
Parameters: 0.999993 -0.0035393 0.00131699 0.0035427 0.99999 -0.00281835 -0.00130701 0.00282265 0.999995 0.103169 0.141807 -0.0727591
FixedParameters: 0 0 0

#Transform 96
Transform: AffineTransform_float_3_3
Parameters: 0.999992 -0.00363788 0.00132536 0.00364211 0.999988 -0.0031192 -0.00131364 0.0031238 0.999995 0.115497 0.141931 -0.113255
FixedParameters: 0 0 0

#Transform 97
Transform: AffineTransform_float_3_3
Parameters: 0.999992 -0.00357244 0.0016908 0.00357756 0.999988 -0.00329698 -0.0016792 0.00330303 0.999993 0.126152 0.131659 -0.143815
FixedParameters: 0 0 0

#Transform 98
Transform: AffineTransform_float_3_3
Parameters: 0.999993 -0.00352308 0.00107822 0.00352892 0.999983 -0.00459823 -0.00106178 0.00460177 0.999989 0.130958 0.120385 -0.0455461
FixedParameters: 0 0 0

#Transform 99
Transform: AffineTransform_float_3_3
Parameters: 0.999993 -0.00360241 0.00157555 0.0036066 0.999989 -0.00292334 -0.00156445 0.00292966 0.999995 0.106921 0.152895 -0.0840413
FixedParameters: 0 0 0

#Transform 100
Transform: AffineTransform_float_3_3
Parameters: 0.999991 -0.00377264 0.0015278 0.00377636 0.999989 -0.00285925 -0.0015172 0.00286475 0.999994 0.112712 0.131121 -0.0705542
FixedParameters: 0 0 0

#Transform 101
Transform: AffineTransform_float_3_3
Parameters: 0.999991 -0.00367031 0.00217106 0.00367769 0.999987 -0.00354905 -0.00215895 0.00355696 0.999992 0.118188 0.141842 -0.0522533
FixedParameters: 0 0 0

#Transform 102
Transform: AffineTransform_float_3_3
Parameters: 0.999994 -0.00307162 0.00121371 0.00307738 0.999986 -0.00445629 -0.00119929 0.00445971 0.99999 0.105165 0.182801 -0.0983626
FixedParameters: 0 0 0

#Transform 103
Transform: AffineTransform_float_3_3
Parameters: 0.999994 -0.00307129 0.00157914 0.0030777 0.999988 -0.00362216 -0.00156785 0.00362784 0.999992 0.0921034 0.138235 -0.0633321
FixedParameters: 0 0 0

#Transform 104
Transform: AffineTransform_float_3_3
Parameters: 0.999995 -0.00307201 0.0013395 0.00307699 0.999989 -0.0037379 -0.0013285 0.0037421 0.999992 0.0900274 0.178097 -0.0704745
FixedParameters: 0 0 0

#Transform 105
Transform: AffineTransform_float_3_3
Parameters: 0.999995 -0.00307158 0.00128504 0.00307743 0.999987 -0.00424007 -0.00127196 0.00424393 0.99999 0.0994924 0.166133 -0.169385
FixedParameters: 0 0 0

#Transform 106
Transform: AffineTransform_float_3_3
Parameters: 0.999993 -0.00342124 0.00100389 0.00342575 0.999987 -0.00376259 -0.00099111 0.00376642 0.999993 0.118905 0.14588 -0.0890846
FixedParameters: 0 0 0

#Transform 107
Transform: AffineTransform_float_3_3
Parameters: 0.999987 -0.00492312 0.0012937 0.00492787 0.99998 -0.00379267 -0.0012753 0.00379933 0.999992 0.189451 0.148782 0.0104588
FixedParameters: 0 0 0

#Transform 108
Transform: AffineTransform_float_3_3
Parameters: 0.999988 -0.00455493 0.00139103 0.00456107 0.99998 -0.00439071 -0.00137097 0.0043973 0.99999 0.188173 0.16341 0.00369182
FixedParameters: 0 0 0

#Transform 109
Transform: AffineTransform_float_3_3
Parameters: 0.999988 -0.00477621 0.00110726 0.00478278 0.999974 -0.00528177 -0.00108174 0.00528723 0.999986 0.184814 0.163478 -0.0387102
FixedParameters: 0 0 0

#Transform 110
Transform: AffineTransform_float_3_3
Parameters: 0.999987 -0.00488915 0.0016051 0.00489685 0.999976 -0.0049222 -0.0015809 0.00492979 0.999986 0.192679 0.147054 -0.117435
FixedParameters: 0 0 0

#Transform 111
Transform: AffineTransform_float_3_3
Parameters: 0.999984 -0.00537806 0.00181866 0.00538694 0.999974 -0.00494728 -0.00179134 0.00495772 0.999986 0.202999 0.125248 -0.107225
FixedParameters: 0 0 0

#Transform 112
Transform: AffineTransform_float_3_3
Parameters: 0.999985 -0.00513469 0.00200797 0.00514431 0.999976 -0.00465874 -0.00198403 0.00466926 0.999987 0.192586 0.146539 -0.0732154
FixedParameters: 0 0 0

#Transform 113
Transform: AffineTransform_float_3_3
Parameters: 0.999983 -0.00540861 0.00208776 0.0054204 0.99997 -0.00549078 -0.00205824 0.00550222 0.999982 0.178294 0.157618 -0.129485
FixedParameters: 0 0 0

#Transform 114
Transform: AffineTransform_float_3_3
Parameters: 0.999983 -0.0055596 0.00214085 0.0055714 0.99997 -0.00535817 -0.00211015 0.00536983 0.999984 0.183833 0.134795 -0.19306
FixedParameters: 0 0 0

#Transform 115
Transform: AffineTransform_float_3_3
Parameters: 0.99998 -0.00572941 0.00240817 0.00574258 0.999969 -0.00525227 -0.00237783 0.00526673 0.999984 0.192139 0.129139 -0.109349
FixedParameters: 0 0 0

#Transform 116
Transform: AffineTransform_float_3_3
Parameters: 0.999981 -0.00568569 0.00242544 0.00569931 0.999968 -0.00551628 -0.00239455 0.00553072 0.999982 0.234688 0.146204 -0.0846628
FixedParameters: 0 0 0

#Transform 117
Transform: AffineTransform_float_3_3
Parameters: 0.999976 -0.00604497 0.00318142 0.00606402 0.999963 -0.00600584 -0.00314458 0.00602515 0.999977 0.238447 0.150912 -0.104463
FixedParameters: 0 0 0

#Transform 118
Transform: AffineTransform_float_3_3
Parameters: 0.999976 -0.00625095 0.00315504 0.00627006 0.999962 -0.00606636 -0.00311696 0.00608663 0.999976 0.239196 0.131508 -0.172203
FixedParameters: 0 0 0

#Transform 119
Transform: AffineTransform_float_3_3
Parameters: 0.999973 -0.0064191 0.00339284 0.0064399 0.99996 -0.00618532 -0.00335316 0.00620669 0.999975 0.23948 0.11403 -0.137798
FixedParameters: 0 0 0

#Transform 120
Transform: AffineTransform_float_3_3
Parameters: 0.999974 -0.0062658 0.00338874 0.0062852 0.999964 -0.00568485 -0.00335326 0.00570616 0.999978 0.239415 0.127205 -0.0868181
FixedParameters: 0 0 0

#Transform 121
Transform: AffineTransform_float_3_3
Parameters: 0.999974 -0.00629498 0.00346135 0.00631702 0.999959 -0.00638829 -0.00342065 0.00640969 0.999973 0.239128 0.14581 -0.171475
FixedParameters: 0 0 0

#Transform 122
Transform: AffineTransform_float_3_3
Parameters: 0.999974 -0.00639753 0.00346705 0.00641748 0.999962 -0.00592691 -0.00342896 0.0059491 0.999977 0.239514 0.128628 -0.111084
FixedParameters: 0 0 0

#Transform 123
Transform: AffineTransform_float_3_3
Parameters: 0.999973 -0.00650132 0.00339484 0.00652268 0.999958 -0.00641403 -0.00335316 0.00643597 0.999973 0.239311 0.153776 -0.146064
FixedParameters: 0 0 0

#Transform 124
Transform: AffineTransform_float_3_3
Parameters: 0.999972 -0.00666653 0.00361056 0.00669048 0.999955 -0.00680904 -0.00356545 0.00683297 0.999971 0.23934 0.144437 -0.208162
FixedParameters: 0 0 0

#Transform 125
Transform: AffineTransform_float_3_3
Parameters: 0.99997 -0.00694982 0.00345503 0.00697318 0.999953 -0.00674311 -0.00340797 0.00676689 0.999972 0.255483 0.125429 -0.196242
FixedParameters: 0 0 0

#Transform 126
Transform: AffineTransform_float_3_3
Parameters: 0.999969 -0.00696349 0.0037164 0.00698751 0.999956 -0.00635223 -0.0036716 0.00637777 0.999973 0.239762 0.151456 -0.130136
FixedParameters: 0 0 0

#Transform 127
Transform: AffineTransform_float_3_3
Parameters: 0.999967 -0.00713082 0.00405221 0.00715818 0.999951 -0.00673322 -0.00400379 0.00676178 0.999969 0.258501 0.151493 -0.177412
FixedParameters: 0 0 0

#Transform 128
Transform: AffineTransform_float_3_3
Parameters: 0.999967 -0.00716085 0.0037899 0.00718615 0.999952 -0.00666398 -0.0037421 0.00669101 0.99997 0.263777 0.13997 -0.200419
FixedParameters: 0 0 0

#Transform 129
Transform: AffineTransform_float_3_3
Parameters: 0.999967 -0.00720497 0.00381284 0.00722802 0.999955 -0.00606064 -0.00376917 0.00608736 0.999975 0.26397 0.1438 -0.110311
FixedParameters: 0 0 0

#Transform 130
Transform: AffineTransform_float_3_3
Parameters: 0.999965 -0.00735643 0.00404386 0.00738156 0.999952 -0.00634437 -0.00399714 0.00637362 0.999971 0.257418 0.165656 -0.166342
FixedParameters: 0 0 0

#Transform 131
Transform: AffineTransform_float_3_3
Parameters: 0.999965 -0.00733896 0.0038303 0.00736504 0.999949 -0.00682802 -0.0037807 0.00685598 0.99997 0.270739 0.159344 -0.200991
FixedParameters: 0 0 0

#Transform 132
Transform: AffineTransform_float_3_3
Parameters: 0.999966 -0.00735662 0.00390232 0.00738138 0.999953 -0.00627141 -0.00385568 0.00629958 0.999972 0.258489 0.112681 -0.151834
FixedParameters: 0 0 0

#Transform 133
Transform: AffineTransform_float_3_3
Parameters: 0.999965 -0.00742436 0.00390514 0.00744964 0.999951 -0.00659314 -0.00385585 0.00662286 0.99997 0.267877 0.141871 -0.141971
FixedParameters: 0 0 0

#Transform 134
Transform: AffineTransform_float_3_3
Parameters: 0.999968 -0.00708187 0.00390562 0.00710914 0.999951 -0.00697847 -0.00385639 0.00700554 0.999968 0.285168 0.166709 -0.197581
FixedParameters: 0 0 0

#Transform 135
Transform: AffineTransform_float_3_3
Parameters: 0.999964 -0.0073913 0.00417641 0.00741871 0.999951 -0.00665626 -0.0041276 0.00668675 0.999969 0.285382 0.125987 -0.19678
FixedParameters: 0 0 0

#Transform 136
Transform: AffineTransform_float_3_3
Parameters: 0.999955 -0.00822045 0.00488561 0.00825556 0.999941 -0.00709499 -0.00482738 0.00713501 0.999963 0.290455 0.124209 -0.171075
FixedParameters: 0 0 0

#Transform 137
Transform: AffineTransform_float_3_3
Parameters: 0.999958 -0.0079739 0.00451734 0.0080051 0.999944 -0.00690913 -0.00446165 0.00694487 0.999966 0.309144 0.11997 -0.113901
FixedParameters: 0 0 0

#Transform 138
Transform: AffineTransform_float_3_3
Parameters: 0.99996 -0.00778403 0.00453212 0.00781697 0.999943 -0.00730387 -0.00447489 0.00733913 0.999963 0.312639 0.160095 -0.163188
FixedParameters: 0 0 0

#Transform 139
Transform: AffineTransform_float_3_3
Parameters: 0.999958 -0.00802817 0.00447099 0.00805783 0.999945 -0.00669425 -0.00441701 0.00672974 0.999967 0.307217 0.126081 -0.183544
FixedParameters: 0 0 0

#Transform 140
Transform: AffineTransform_float_3_3
Parameters: 0.999956 -0.00826917 0.0044726 0.00829984 0.999943 -0.00669317 -0.00441739 0.00672982 0.999967 0.307779 0.10766 -0.127662
FixedParameters: 0 0 0

#Transform 141
Transform: AffineTransform_float_3_3
Parameters: 0.999955 -0.00820118 0.00481283 0.00823582 0.999939 -0.00725969 -0.00475317 0.00729931 0.999962 0.318301 0.155552 -0.167057
FixedParameters: 0 0 0

#Transform 142
Transform: AffineTransform_float_3_3
Parameters: 0.999958 -0.00795631 0.00469825 0.0079907 0.99994 -0.00741177 -0.00463975 0.00744923 0.999962 0.307098 0.12245 -0.219829
FixedParameters: 0 0 0

#Transform 143
Transform: AffineTransform_float_3_3
Parameters: 0.999952 -0.00838268 0.00518906 0.00842232 0.999935 -0.00760166 -0.00512494 0.00764533 0.999957 0.332138 0.129011 -0.168462
FixedParameters: 0 0 0

#Transform 144
Transform: AffineTransform_float_3_3
Parameters: 0.999954 -0.00838882 0.00465629 0.00842218 0.999939 -0.00715311 -0.00459571 0.00719188 0.999963 0.307738 0.140993 -0.135261
FixedParameters: 0 0 0

#Transform 145
Transform: AffineTransform_float_3_3
Parameters: 0.999954 -0.00824441 0.00486795 0.00828359 0.999934 -0.00796104 -0.00480204 0.00800095 0.999956 0.307247 0.157008 -0.171238
FixedParameters: 0 0 0

#Transform 146
Transform: AffineTransform_float_3_3
Parameters: 0.999947 -0.00871771 0.00537885 0.00875829 0.999934 -0.00751229 -0.00531315 0.00755872 0.999958 0.311837 0.130367 -0.227467
FixedParameters: 0 0 0

#Transform 147
Transform: AffineTransform_float_3_3
Parameters: 0.999946 -0.00889285 0.00540692 0.00893513 0.999929 -0.00782011 -0.00533707 0.00786788 0.999955 0.323773 0.156677 -0.183389
FixedParameters: 0 0 0

#Transform 148
Transform: AffineTransform_float_3_3
Parameters: 0.999949 -0.00883037 0.00494832 0.00886464 0.999936 -0.0070215 -0.00488669 0.00706451 0.999963 0.32399 0.14996 -0.137432
FixedParameters: 0 0 0

#Transform 149
Transform: AffineTransform_float_3_3
Parameters: 0.999947 -0.00874222 0.00553002 0.00878279 0.999934 -0.00739483 -0.00546499 0.00744318 0.999958 0.331765 0.15576 -0.198743
FixedParameters: 0 0 0

#Transform 150
Transform: AffineTransform_float_3_3
Parameters: 0.999944 -0.00903296 0.00550723 0.00907604 0.999928 -0.00784146 -0.00543577 0.00789154 0.999954 0.340346 0.157138 -0.227019
FixedParameters: 0 0 0

#Transform 151
Transform: AffineTransform_float_3_3
Parameters: 0.999944 -0.0090569 0.0053564 0.00909711 0.999931 -0.00751069 -0.0052886 0.00755932 0.999958 0.341128 0.130814 -0.182529
FixedParameters: 0 0 0
