# transform file /out/sourcedata/freesurfer/sub-v2s3x28830_ses-1/mri/transforms/cc_up.lta
# created by oesteban on Fri Mar 13 04:15:30 2026

type      = 0 # LINEAR_VOX_TO_VOX
nxforms   = 1
mean      = 131.0000 88.0000 110.0000
sigma     = 10000.0000
1 4 4
9.919856786727905e-01 1.246188953518867e-01 2.084631659090519e-02 -1.506045913696289e+01 
-1.245913878083229e-01 9.922047257423401e-01 -2.618255093693733e-03 7.037886047363281e+01 
-2.101009525358677e-02 0.000000000000000e+00 9.997792243957520e-01 1.780710220336914e+01 
0.000000000000000e+00 0.000000000000000e+00 0.000000000000000e+00 1.000000000000000e+00 
src volume info
valid = 1  # volume info valid
filename = /out/sourcedata/freesurfer/sub-v2s3x28830_ses-1/mri/norm.mgz
volume = 256 256 256
voxelsize = 1.000000000000000e+00 1.000000000000000e+00 1.000000000000000e+00
xras   = -1.000000000000000e+00 0.000000000000000e+00 0.000000000000000e+00
yras   = 0.000000000000000e+00 0.000000000000000e+00 -1.000000000000000e+00
zras   = 0.000000000000000e+00 1.000000000000000e+00 0.000000000000000e+00
cras   = -2.335807800292969e+00 3.614892578125000e+01 -1.924194335937500e+00
dst volume info
valid = 1  # volume info valid
filename = /out/sourcedata/freesurfer/sub-v2s3x28830_ses-1/mri/norm.mgz
volume = 256 256 256
voxelsize = 1.000000000000000e+00 1.000000000000000e+00 1.000000000000000e+00
xras   = -1.000000000000000e+00 0.000000000000000e+00 0.000000000000000e+00
yras   = 0.000000000000000e+00 0.000000000000000e+00 -1.000000000000000e+00
zras   = 0.000000000000000e+00 1.000000000000000e+00 0.000000000000000e+00
cras   = -2.335807800292969e+00 3.614892578125000e+01 -1.924194335937500e+00
