#Insight Transform File V1.0
#Transform 0
Transform: AffineTransform_float_3_3
Parameters: 1 0.00111256 5.27333e-06 -0.00111302 0.999994 0.00307 -2.54105e-06 -0.00307 0.999996 -0.0163606 -0.142658 0.0395447
FixedParameters: 0 0 0

#Transform 1
Transform: AffineTransform_float_3_3
Parameters: 1 0.000438877 -0.000286948 -0.000438751 0.999998 0.00194013 0.000288511 -0.00193987 0.999998 -0.0226166 -0.109248 0.0324793
FixedParameters: 0 0 0

#Transform 2
Transform: AffineTransform_float_3_3
Parameters: 0.999999 0.000620078 -0.00059332 -0.000618204 0.999998 0.00217839 0.000593898 -0.00217862 0.999998 0.0239591 -0.0929075 -0.0462546
FixedParameters: 0 0 0

#Transform 3
Transform: AffineTransform_float_3_3
Parameters: 0.999999 0.000818787 -0.000215009 -0.000818318 0.999996 0.00273018 0.000217358 -0.00272982 0.999997 0.0140363 -0.1286 -0.018251
FixedParameters: 0 0 0

#Transform 4
Transform: AffineTransform_float_3_3
Parameters: 1 0.00054415 -6.20034e-05 -0.000543806 0.999998 0.00163905 6.27968e-05 -0.00163995 0.999998 0.0127173 -0.0640425 0.0357275
FixedParameters: 0 0 0

#Transform 5
Transform: AffineTransform_float_3_3
Parameters: 0.999999 -0.000146366 -0.000702665 0.00014801 0.999998 0.00187588 0.000701974 -0.00187512 0.999998 0.0210842 -0.0910006 -0.044111
FixedParameters: 0 0 0

#Transform 6
Transform: AffineTransform_float_3_3
Parameters: 0.999999 0.000340732 -0.00063327 -0.000339176 0.999998 0.00190022 0.000633432 -0.00189978 0.999998 0.0248932 -0.109097 0.0295144
FixedParameters: 0 0 0

#Transform 7
Transform: AffineTransform_float_3_3
Parameters: 0.999999 0.000305837 -0.000638323 -0.000304752 0.999999 0.00151719 0.00063812 -0.0015168 0.999998 0.0309916 -0.0711727 -0.0344299
FixedParameters: 0 0 0

#Transform 8
Transform: AffineTransform_float_3_3
Parameters: 1 6.84936e-05 -0.000437714 -6.76872e-05 0.999998 0.00205203 0.000437854 -0.00205197 0.999998 0.0156394 -0.115513 0.00781154
FixedParameters: 0 0 0

#Transform 9
Transform: AffineTransform_float_3_3
Parameters: 1 0.000100743 -0.000667467 -9.90242e-05 0.999999 0.00128707 0.000667724 -0.00128693 0.999999 0.0170179 -0.0451421 0.0240815
FixedParameters: 0 0 0

#Transform 10
Transform: AffineTransform_float_3_3
Parameters: 0.999999 -0.000146432 -0.000702651 0.000147944 0.999999 0.0017819 0.000701987 -0.0017821 0.999998 0.021087 -0.101267 -0.011778
FixedParameters: 0 0 0

#Transform 11
Transform: AffineTransform_float_3_3
Parameters: 1 3.0048e-05 -0.000168446 -2.94323e-05 0.999999 0.00182701 0.000168555 -0.001827 0.999999 0.0143039 -0.0898383 0.0231247
FixedParameters: 0 0 0

#Transform 12
Transform: AffineTransform_float_3_3
Parameters: 1 6.51368e-05 -0.000416986 -6.42084e-05 1 0.00111303 0.00041713 -0.00111297 1 0.0205864 -0.0112978 -0.00531839
FixedParameters: 0 0 0

#Transform 13
Transform: AffineTransform_float_3_3
Parameters: 1 2.10155e-05 -0.000105087 -2.06507e-05 0.999998 0.001735 0.00010516 -0.001735 0.999998 0.0124284 -0.0786086 -0.0259792
FixedParameters: 0 0 0

#Transform 14
Transform: AffineTransform_float_3_3
Parameters: 1 8.42611e-05 -0.000553657 -8.33574e-05 1 0.000691046 0.000552782 -0.000690953 0.999999 0.0402674 -0.0304791 -0.0177349
FixedParameters: 0 0 0

#Transform 15
Transform: AffineTransform_float_3_3
Parameters: 0.999999 -8.72176e-05 -0.000847312 8.76096e-05 1 -0.000353074 0.000847512 0.000352926 0.999999 0.0482575 0.0165614 -0.0522612
FixedParameters: 0 0 0

#Transform 16
Transform: AffineTransform_float_3_3
Parameters: 0.999999 0.000121649 -0.000818026 -0.000120427 0.999999 0.000746961 0.000818207 -0.000747039 1 0.0527622 -0.033453 -0.0152649
FixedParameters: 0 0 0

#Transform 17
Transform: AffineTransform_float_3_3
Parameters: 0.999999 -0.000183855 -0.000861005 0.000184074 1 0.000126842 0.000860958 -0.000127158 0.999999 0.046115 0.0217176 -0.00475497
FixedParameters: 0 0 0

#Transform 18
Transform: AffineTransform_float_3_3
Parameters: 1 6.81392e-05 -0.00044384 -6.77312e-05 1 -0.00065597 0.00044389 0.00065603 0.999999 0.0350628 0.0350958 -0.0097965
FixedParameters: 0 0 0

#Transform 19
Transform: AffineTransform_float_3_3
Parameters: 1 -0.000322854 -0.000303041 0.000323121 1 0.000440902 0.000302756 -0.000441098 1 0.0180923 -0.0205641 -0.0229887
FixedParameters: 0 0 0

#Transform 20
Transform: AffineTransform_float_3_3
Parameters: 1 0.000249125 6.6588e-05 -0.000249264 1 0.00104898 -6.60652e-05 -0.00104902 1 0.00154202 -0.030502 -0.00138135
FixedParameters: 0 0 0

#Transform 21
Transform: AffineTransform_float_3_3
Parameters: 1 -0.000293782 -0.000461273 0.000293656 1 -0.000288135 0.000460452 0.000287865 1 0.00630361 0.0512364 0.00309317
FixedParameters: 0 0 0

#Transform 22
Transform: AffineTransform_float_3_3
Parameters: 1 -0.00032823 -0.000215671 0.000328098 1 -0.000305071 0.000215872 0.000304929 1 0.0156545 0.0129407 -0.0546293
FixedParameters: 0 0 0

#Transform 23
Transform: AffineTransform_float_3_3
Parameters: 1 -0.000338062 -0.000144759 0.000338168 0.999999 0.00084695 0.000145176 -0.000847048 0.999999 0.0213116 -0.0634348 -0.0075965
FixedParameters: 0 0 0

#Transform 24
Transform: AffineTransform_float_3_3
Parameters: 1 -0.000414541 3.98724e-05 0.000414576 1 -0.000437964 -3.95097e-05 0.000437036 1 0.0195202 0.0281946 -0.0341202
FixedParameters: 0 0 0

#Transform 25
Transform: AffineTransform_float_3_3
Parameters: 1 -0.000333391 -0.000178988 0.000333236 1 -0.00043106 0.000179275 0.00043094 1 0.0313901 -0.0173371 0.00916911
FixedParameters: 0 0 0

#Transform 26
Transform: AffineTransform_float_3_3
Parameters: 1 -0.000180159 0.000333154 0.000180085 1 0.00011106 -0.000333194 -0.00011094 1 0.0135142 -0.0294701 0.0371953
FixedParameters: 0 0 0

#Transform 27
Transform: AffineTransform_float_3_3
Parameters: 1 -0.00038082 0.000159756 0.000381001 1 -0.000567939 -0.000159324 0.00056806 1 0.0225021 0.0141203 -0.0915813
FixedParameters: 0 0 0

#Transform 28
Transform: AffineTransform_float_3_3
Parameters: 1 -0.000333343 -0.000179077 0.000333284 1 -0.00016306 0.000179186 0.00016294 1 0.0314097 -0.0292168 -0.0784681
FixedParameters: 0 0 0

#Transform 29
Transform: AffineTransform_float_3_3
Parameters: 1 -0.000337436 -0.0001509 0.000337124 0.999999 -0.00149407 0.000150918 0.00149493 0.999999 0.0300549 0.0469759 -0.0140528
FixedParameters: 0 0 0

#Transform 30
Transform: AffineTransform_float_3_3
Parameters: 1 -0.000114322 3.74631e-05 0.000114328 1 -8.39957e-05 -3.74439e-05 8.40043e-05 1 0.028074 0.0499477 -0.0434135
FixedParameters: 0 0 0

#Transform 31
Transform: AffineTransform_float_3_3
Parameters: 1 -0.000335564 -0.000162536 0.000335795 0.999999 0.000710945 0.000162058 -0.000711054 0.999999 0.0135878 0.0173267 -0.0130161
FixedParameters: 0 0 0

#Transform 32
Transform: AffineTransform_float_3_3
Parameters: 1 -0.00051535 -0.000261189 0.000516093 0.999999 0.001691 0.000260435 -0.001691 0.999998 0.0127211 0.0834526 -0.0427679
FixedParameters: 0 0 0

#Transform 33
Transform: AffineTransform_float_3_3
Parameters: 1 -0.000227922 -0.000236509 0.00022881 0.999998 0.00188195 0.00023565 -0.00188205 0.999998 0.019714 0.00320894 -0.0627697
FixedParameters: 0 0 0

#Transform 34
Transform: AffineTransform_float_3_3
Parameters: 1 0.000403581 -9.60349e-05 -0.000404067 0.999998 0.00189604 9.64368e-05 -0.00189596 0.999998 0.0237607 -0.0138298 -0.036973
FixedParameters: 0 0 0

#Transform 35
Transform: AffineTransform_float_3_3
Parameters: 1 -3.03886e-05 -0.000277015 3.11148e-05 0.999999 0.00131099 0.000276935 -0.00131101 0.999999 0.0270601 0.0125254 -0.0692015
FixedParameters: 0 0 0

#Transform 36
Transform: AffineTransform_float_3_3
Parameters: 1 -6.71941e-05 -1.76056e-05 6.72361e-05 1 0.001198 1.74446e-05 -0.001198 1 0.0147682 -0.00653671 -0.0420322
FixedParameters: 0 0 0

#Transform 37
Transform: AffineTransform_float_3_3
Parameters: 1 -4.35002e-05 -0.000184926 4.38895e-05 1 0.00105299 0.000184834 -0.00105301 1 0.0326918 0.0205468 -0.0592692
FixedParameters: 0 0 0

#Transform 38
Transform: AffineTransform_float_3_3
Parameters: 1 -4.61475e-05 -0.000166119 4.65308e-05 1 0.00115399 0.000166012 -0.00115401 1 0.0217788 -0.0349061 -0.0780048
FixedParameters: 0 0 0

#Transform 39
Transform: AffineTransform_float_3_3
Parameters: 0.999999 0.000371213 -0.000738231 -0.000370445 1 0.00109727 0.000737915 -0.00109673 0.999999 0.0414559 -0.0180821 -0.0414715
FixedParameters: 0 0 0

#Transform 40
Transform: AffineTransform_float_3_3
Parameters: 1 0.000310279 -0.000145138 -0.000311176 1 0.000320045 0.000145198 -0.000319955 1 0.0138411 0.0654808 -0.0738081
FixedParameters: 0 0 0

#Transform 41
Transform: AffineTransform_float_3_3
Parameters: 1 0.000182274 -0.000537741 -0.00018199 1 0.0011851 0.000538033 -0.0011849 0.999999 0.0271359 -0.010272 -0.030326
FixedParameters: 0 0 0

#Transform 42
Transform: AffineTransform_float_3_3
Parameters: 0.999999 0.000434364 -0.000729384 -0.000433058 0.999999 0.000800178 0.000729088 -0.000799821 1 0.0319012 0.0413851 -0.00752978
FixedParameters: 0 0 0

#Transform 43
Transform: AffineTransform_float_3_3
Parameters: 1 0.000280789 0.000355964 -0.000280576 0.999999 0.0012869 -0.000356093 -0.0012871 0.999999 -0.00884725 -0.0350901 -0.0255225
FixedParameters: 0 0 0

#Transform 44
Transform: AffineTransform_float_3_3
Parameters: 1 0.000321427 6.96023e-05 -0.000321508 1 0.000581977 -6.92281e-05 -0.000582022 1 -0.0151925 0.0323143 0.0422354
FixedParameters: 0 0 0

#Transform 45
Transform: AffineTransform_float_3_3
Parameters: 1 -8.4083e-05 -0.000305756 8.44657e-05 1 0.000625974 0.000305651 -0.000626025 1 -0.00437868 0.0511938 0.00959478
FixedParameters: 0 0 0

#Transform 46
Transform: AffineTransform_float_3_3
Parameters: 1 0.00040859 0.000373996 -0.000409255 1 0.00107485 -0.000374107 -0.00107515 1 -0.0219359 0.010261 0.00751412
FixedParameters: 0 0 0

#Transform 47
Transform: AffineTransform_float_3_3
Parameters: 1 0.000351924 -0.000146182 -0.000351552 0.999999 0.000798051 0.000145753 -0.000797948 0.999999 -0.0145718 0.0428636 0.0599793
FixedParameters: 0 0 0

#Transform 48
Transform: AffineTransform_float_3_3
Parameters: 0.999999 0.000430108 -0.000696484 -0.000429119 0.999999 0.0013213 0.00069649 -0.0013207 0.999999 -0.00378927 0.0546253 0.0126443
FixedParameters: 0 0 0

#Transform 49
Transform: AffineTransform_float_3_3
Parameters: 1 0.000251776 -0.000492481 -0.000251285 0.999999 0.00150312 0.000493098 -0.00150288 0.999998 -0.0175463 0.0526138 0.0249714
FixedParameters: 0 0 0

#Transform 50
Transform: AffineTransform_float_3_3
Parameters: 1 0.00024588 -0.000288361 -0.000245102 1 0.00110907 0.000287915 -0.00110893 1 -0.028761 0.0265405 0.0289215
FixedParameters: 0 0 0

#Transform 51
Transform: AffineTransform_float_3_3
Parameters: 1 0.000267329 -0.000440931 -0.000266517 0.999999 0.000764117 0.000440348 -0.000763882 0.999999 -0.0270978 0.0571548 -0.03767
FixedParameters: 0 0 0

#Transform 52
Transform: AffineTransform_float_3_3
Parameters: 1 0.00026232 -0.000405266 -0.000261644 0.999999 0.000834105 0.000405703 -0.000833893 0.999999 -0.0271614 0.0109213 -0.0426203
FixedParameters: 0 0 0

#Transform 53
Transform: AffineTransform_float_3_3
Parameters: 1 0.000346811 -0.000487142 -0.000346628 0.999999 0.00120417 0.000487838 -0.00120383 0.999999 -0.0340314 0.019227 -0.0125227
FixedParameters: 0 0 0

#Transform 54
Transform: AffineTransform_float_3_3
Parameters: 0.999999 0.000305615 -0.000714358 -0.000305193 1 0.000295218 0.000714539 -0.000294782 0.999999 0.000870246 0.0478227 -0.0809994
FixedParameters: 0 0 0

#Transform 55
Transform: AffineTransform_float_3_3
Parameters: 1 0.000211788 -4.77888e-05 -0.000211693 0.999999 0.000990009 4.82081e-05 -0.000989989 0.999999 -0.0306228 0.0114264 -0.0557694
FixedParameters: 0 0 0

#Transform 56
Transform: AffineTransform_float_3_3
Parameters: 1 0.000260247 -0.00039148 -0.000259821 1 0.000544102 0.000391763 -0.000543898 1 -0.0306529 0.0502097 -0.0146122
FixedParameters: 0 0 0

#Transform 57
Transform: AffineTransform_float_3_3
Parameters: 0.999999 0.000302284 -0.000692688 -0.0003024 1 -8.37905e-05 0.000692637 8.42094e-05 1 -0.000134116 0.08368 -0.0889344
FixedParameters: 0 0 0

#Transform 58
Transform: AffineTransform_float_3_3
Parameters: 0.999999 0.000697633 -0.000504101 -0.000697324 0.999999 0.00114937 0.000504575 -0.00114963 0.999999 -0.0133007 -0.0113916 -0.0235274
FixedParameters: 0 0 0

#Transform 59
Transform: AffineTransform_float_3_3
Parameters: 0.999999 0.000655121 -0.000405375 -0.000654442 0.999999 0.000666284 0.000405258 -0.000666715 0.999999 -0.0164419 0.0493067 -0.00571995
FixedParameters: 0 0 0

#Transform 60
Transform: AffineTransform_float_3_3
Parameters: 0.999999 0.000334286 -0.000921489 -0.000334697 1 -0.000222692 0.000921339 0.000223308 0.999999 0.0106427 0.0958626 -0.0584859
FixedParameters: 0 0 0

#Transform 61
Transform: AffineTransform_float_3_3
Parameters: 1 0.000261876 -0.000404473 -0.00026181 1 8.21059e-05 0.000404516 -8.18941e-05 1 -0.0237954 0.0397675 -0.0514524
FixedParameters: 0 0 0

#Transform 62
Transform: AffineTransform_float_3_3
Parameters: 1 0.000261658 -0.000404615 -0.000262028 1 -0.000457894 0.000404375 0.000458106 1 -0.0137701 0.114957 -0.0653474
FixedParameters: 0 0 0

#Transform 63
Transform: AffineTransform_float_3_3
Parameters: 1 0.000261821 -0.000404509 -0.000261865 1 -5.48941e-05 0.000404481 5.51059e-05 1 -0.0137837 0.0553938 -0.0702799
FixedParameters: 0 0 0

#Transform 64
Transform: AffineTransform_float_3_3
Parameters: 0.999999 0.000321237 -0.000828396 -0.000321581 1 -0.000207734 0.000828262 0.000208266 0.999999 0.00627261 0.0699809 -0.0434572
FixedParameters: 0 0 0

#Transform 65
Transform: AffineTransform_float_3_3
Parameters: 1 0.00038284 -0.000469418 -0.000383231 1 -0.00041682 0.000469099 0.00041718 1 -0.0075622 0.0859695 -0.0752484
FixedParameters: 0 0 0

#Transform 66
Transform: AffineTransform_float_3_3
Parameters: 0.999999 0.000385925 -0.000639437 -0.000385596 1 0.000257266 0.000639635 -0.000257734 0.999999 -0.0101418 0.0413171 -0.0468879
FixedParameters: 0 0 0

#Transform 67
Transform: AffineTransform_float_3_3
Parameters: 1 0.000203035 -0.000476447 -0.00020252 1 -0.000498903 0.000476384 0.000499097 1 -0.012321 0.105493 -0.062968
FixedParameters: 0 0 0

#Transform 68
Transform: AffineTransform_float_3_3
Parameters: 1 0.000261842 -0.000404496 -0.000261844 1 -2.89409e-06 0.000404494 3.10591e-06 1 -0.0137825 0.0491193 -0.0773701
FixedParameters: 0 0 0

#Transform 69
Transform: AffineTransform_float_3_3
Parameters: 1 0.00028635 -0.000578776 -0.000286325 1 2.21657e-05 0.000578788 -2.18343e-05 1 -0.0055176 0.0807177 -0.0339552
FixedParameters: 0 0 0

#Transform 70
Transform: AffineTransform_float_3_3
Parameters: 0.999999 0.000243653 -0.00073629 -0.00024402 1 -0.00024882 0.000736168 0.000249179 0.999999 0.0193432 0.0996431 -0.0894755
FixedParameters: 0 0 0

#Transform 71
Transform: AffineTransform_float_3_3
Parameters: 1 0.00028848 -0.000400809 -0.00028868 1 -0.000248884 0.000400665 0.000249116 1 -0.00678227 0.0621726 -0.0670374
FixedParameters: 0 0 0

#Transform 72
Transform: AffineTransform_float_3_3
Parameters: 0.999999 0.000345277 -0.000803753 -0.00034517 1 6.72774e-05 0.000803799 -6.67225e-05 0.999999 0.0173083 0.0874062 -0.0274725
FixedParameters: 0 0 0

#Transform 73
Transform: AffineTransform_float_3_3
Parameters: 0.999999 0.000345301 -0.000805842 -0.000344712 1 -0.000248722 0.00080581 0.000249278 0.999999 0.006476 0.0985024 -0.0866319
FixedParameters: 0 0 0

#Transform 74
Transform: AffineTransform_float_3_3
Parameters: 1 0.000278416 -0.000328451 -0.000278425 1 -1.29086e-05 0.000328444 1.30914e-05 1 -0.0160768 0.067684 -0.0710286
FixedParameters: 0 0 0

#Transform 75
Transform: AffineTransform_float_3_3
Parameters: 1 0.000288421 -0.000400851 -0.000287749 1 -0.000395885 0.000400762 0.000396116 1 -0.0226868 0.0944674 -0.0599005
FixedParameters: 0 0 0

#Transform 76
Transform: AffineTransform_float_3_3
Parameters: 1 0.000357636 -0.000391235 -0.000358162 1 -0.00067184 0.000390755 0.000671159 0.999999 -0.0211303 0.0911112 -0.0889494
FixedParameters: 0 0 0

#Transform 77
Transform: AffineTransform_float_3_3
Parameters: 1 0.000288528 -0.000400775 -0.000288632 1 -0.000129884 0.0004007 0.000130116 1 -0.0255667 0.0667542 -0.0675776
FixedParameters: 0 0 0

#Transform 78
Transform: AffineTransform_float_3_3
Parameters: 0.999999 0.000417097 -0.000800895 -0.000417896 1 -0.000498665 0.000800479 0.000499334 0.999999 -0.000686072 0.114106 -0.044725
FixedParameters: 0 0 0

#Transform 79
Transform: AffineTransform_float_3_3
Parameters: 1 0.000600052 -0.000829188 -0.000600249 0.999999 -0.0013135 0.00082789 0.0013145 0.999999 -0.000255596 0.116048 -0.0795876
FixedParameters: 0 0 0

#Transform 80
Transform: AffineTransform_float_3_3
Parameters: 0.999998 0.00133667 -0.0013697 -0.00134187 0.999992 -0.00386827 0.00136413 0.00386973 0.999992 -0.00972716 0.256313 -0.045373
FixedParameters: 0 0 0

#Transform 81
Transform: AffineTransform_float_3_3
Parameters: 0.999999 0.00116733 -0.00139277 -0.0011724 0.999992 -0.00380735 0.00138766 0.00380964 0.999991 0.026607 0.267667 -0.129314
FixedParameters: 0 0 0

#Transform 82
Transform: AffineTransform_float_3_3
Parameters: 0.999999 0.000564329 -0.000674688 -0.000565396 0.999999 -0.00142162 0.000674211 0.00142238 0.999999 -0.011894 0.174065 -0.0869875
FixedParameters: 0 0 0

#Transform 83
Transform: AffineTransform_float_3_3
Parameters: 0.999999 0.000571925 -0.000734638 -0.00057351 0.999997 -0.00233456 0.000733233 0.00233444 0.999997 -0.0061199 0.210116 -0.0622984
FixedParameters: 0 0 0

#Transform 84
Transform: AffineTransform_float_3_3
Parameters: 0.999999 0.000708379 -0.000588421 -0.000708966 0.999997 -0.00206658 0.00058676 0.00206742 0.999997 -0.0138278 0.171317 -0.0729059
FixedParameters: 0 0 0

#Transform 85
Transform: AffineTransform_float_3_3
Parameters: 1 0.000572345 -0.00105115 -0.000574339 0.999999 -0.00135352 0.00105072 0.00135348 0.999999 -0.00528544 0.175575 -0.0854875
FixedParameters: 0 0 0

#Transform 86
Transform: AffineTransform_float_3_3
Parameters: 0.999999 0.000550794 -0.000609545 -0.000550517 0.999999 -0.000584664 0.00060904 0.000585335 0.999999 -0.0293149 0.15647 -0.0278769
FixedParameters: 0 0 0

#Transform 87
Transform: AffineTransform_float_3_3
Parameters: 0.999999 0.000512818 -0.000615098 -0.000513373 0.999999 -0.00114269 0.000615055 0.00114332 0.999999 -0.012886 0.16516 -0.0933724
FixedParameters: 0 0 0

#Transform 88
Transform: AffineTransform_float_3_3
Parameters: 1 0.00085174 -0.000567597 -0.000852787 1 -0.000800359 0.000567223 0.000800641 0.999999 -0.0194185 0.142829 -0.0334951
FixedParameters: 0 0 0

#Transform 89
Transform: AffineTransform_float_3_3
Parameters: 1 0.000561537 -0.00104063 -0.00056285 0.999998 -0.00158355 0.00103913 0.00158445 0.999998 0.00691457 0.189169 -0.0815805
FixedParameters: 0 0 0

#Transform 90
Transform: AffineTransform_float_3_3
Parameters: 0.999999 0.000566803 -0.000607962 -0.000568318 0.999998 -0.00194764 0.000606881 0.00194736 0.999998 -0.0117062 0.161898 -0.0743071
FixedParameters: 0 0 0

#Transform 91
Transform: AffineTransform_float_3_3
Parameters: 1 0.000253866 -0.000651303 -0.000255266 0.999999 -0.00183583 0.000650508 0.00183617 0.999998 -0.022537 0.188674 -0.0508555
FixedParameters: 0 0 0

#Transform 92
Transform: AffineTransform_float_3_3
Parameters: 1 0.000449946 -0.00103725 -0.000452425 0.999996 -0.00256067 0.00103635 0.00256133 0.999996 -2.88029e-06 0.230684 -0.0561551
FixedParameters: 0 0 0

#Transform 93
Transform: AffineTransform_float_3_3
Parameters: 1 0.000482913 -0.000790251 -0.000484361 0.999997 -0.00208176 0.000789506 0.00208224 0.999998 -0.0191657 0.193143 -0.038501
FixedParameters: 0 0 0

#Transform 94
Transform: AffineTransform_float_3_3
Parameters: 1 0.00096404 -0.000605671 -0.000965036 0.999997 -0.0022314 0.000603625 0.0022316 0.999998 -0.0277309 0.222523 0.0320588
FixedParameters: 0 0 0

#Transform 95
Transform: AffineTransform_float_3_3
Parameters: 0.999999 0.00102704 -0.00106133 -0.00102908 0.999997 -0.00223089 0.00105914 0.00223211 0.999997 0.0119396 0.235722 -0.0225333
FixedParameters: 0 0 0

#Transform 96
Transform: AffineTransform_float_3_3
Parameters: 0.999998 0.00100893 -0.00125161 -0.00101083 0.999997 -0.00223072 0.00124964 0.00223228 0.999996 0.0284917 0.208404 -0.0593859
FixedParameters: 0 0 0

#Transform 97
Transform: AffineTransform_float_3_3
Parameters: 0.999999 0.00063725 -0.00108617 -0.000640234 0.999997 -0.00267929 0.00108416 0.00267971 0.999996 0.00755078 0.241812 -0.0432725
FixedParameters: 0 0 0

#Transform 98
Transform: AffineTransform_float_3_3
Parameters: 0.999999 0.000540801 -0.000755967 -0.000542028 0.999998 -0.00203059 0.000755036 0.00203141 0.999997 -0.00991672 0.208335 -0.0569043
FixedParameters: 0 0 0

#Transform 99
Transform: AffineTransform_float_3_3
Parameters: 0.999999 0.000705718 -0.0010843 -0.00070768 0.999999 -0.00175421 0.00108309 0.00175479 0.999998 0.00386598 0.207346 -0.0216623
FixedParameters: 0 0 0

#Transform 100
Transform: AffineTransform_float_3_3
Parameters: 1 0.000715491 -0.000939848 -0.000717797 0.999998 -0.00220831 0.000937951 0.00220869 0.999997 -0.00934079 0.219664 -0.0836242
FixedParameters: 0 0 0

#Transform 101
Transform: AffineTransform_float_3_3
Parameters: 0.999999 0.000834747 -0.00113624 -0.00083764 0.999997 -0.00202219 0.00113511 0.00202381 0.999998 -0.0105074 0.202012 -0.0183516
FixedParameters: 0 0 0

#Transform 102
Transform: AffineTransform_float_3_3
Parameters: 0.999999 0.000674088 -0.00118999 -0.000677029 0.999997 -0.00242732 0.00118812 0.00242769 0.999997 0.00717707 0.227178 -0.0889111
FixedParameters: 0 0 0

#Transform 103
Transform: AffineTransform_float_3_3
Parameters: 0.999998 0.00100233 -0.00137272 -0.001005 0.999997 -0.00231674 0.00137061 0.00231826 0.999997 0.0146373 0.194905 -0.0594971
FixedParameters: 0 0 0

#Transform 104
Transform: AffineTransform_float_3_3
Parameters: 0.999998 0.000927125 -0.00137331 -0.000930864 0.999996 -0.00270384 0.00137082 0.00270516 0.999996 0.012219 0.228608 -0.0326074
FixedParameters: 0 0 0

#Transform 105
Transform: AffineTransform_float_3_3
Parameters: 0.999999 0.0010199 -0.00150057 -0.00102334 0.999996 -0.00237459 0.00149825 0.00237641 0.999996 0.0138003 0.201582 -0.0871455
FixedParameters: 0 0 0

#Transform 106
Transform: AffineTransform_float_3_3
Parameters: 0.999998 0.000984522 -0.00123846 -0.000986225 0.999998 -0.0017749 0.00123736 0.0017761 0.999998 0.00137886 0.189506 -0.0485798
FixedParameters: 0 0 0

#Transform 107
Transform: AffineTransform_float_3_3
Parameters: 0.999999 0.00102825 -0.00156099 -0.00103197 0.999996 -0.00237451 0.00155864 0.00237649 0.999996 0.0167074 0.235913 -0.112597
FixedParameters: 0 0 0

#Transform 108
Transform: AffineTransform_float_3_3
Parameters: 0.999998 0.00104952 -0.00171127 -0.00105301 0.999997 -0.00209444 0.0017094 0.00209556 0.999996 0.019766 0.163549 -0.0819124
FixedParameters: 0 0 0

#Transform 109
Transform: AffineTransform_float_3_3
Parameters: 0.999999 0.00108316 -0.00151792 -0.00108615 0.999997 -0.00219547 0.00151569 0.00219753 0.999997 -0.00362843 0.18009 -0.0327358
FixedParameters: 0 0 0

#Transform 110
Transform: AffineTransform_float_3_3
Parameters: 0.999998 0.00100857 -0.00141724 -0.00101128 0.999997 -0.00225667 0.00141522 0.00225733 0.999997 0.0160674 0.191601 -0.0806385
FixedParameters: 0 0 0

#Transform 111
Transform: AffineTransform_float_3_3
Parameters: 0.999999 0.000949286 -0.000987191 -0.000950763 0.999998 -0.00211305 0.000985574 0.00211396 0.999997 -0.00947812 0.172817 -0.0490659
FixedParameters: 0 0 0

#Transform 112
Transform: AffineTransform_float_3_3
Parameters: 0.999999 0.000970797 -0.00113718 -0.000972549 0.999998 -0.00151901 0.00113649 0.00151999 0.999998 -0.00234064 0.183945 -0.0616144
FixedParameters: 0 0 0

#Transform 113
Transform: AffineTransform_float_3_3
Parameters: 0.999999 0.000729487 -0.00111029 -0.000731592 0.999998 -0.00177719 0.00110896 0.00177881 0.999998 -0.0102375 0.150624 -0.0603842
FixedParameters: 0 0 0

#Transform 114
Transform: AffineTransform_float_3_3
Parameters: 0.999999 0.00096564 -0.00109725 -0.000966432 0.999999 -0.00119992 0.0010962 0.00120108 0.999998 -0.00419957 0.235865 -0.0521099
FixedParameters: 0 0 0

#Transform 115
Transform: AffineTransform_float_3_3
Parameters: 1 0.00062869 -0.00103139 -0.000630514 0.999998 -0.00177735 0.00103042 0.00177865 0.999998 -0.0163823 0.193285 -0.0852011
FixedParameters: 0 0 0

#Transform 116
Transform: AffineTransform_float_3_3
Parameters: 1 0.000378511 -0.00106601 -0.000380468 0.999999 -0.00138273 0.0010651 0.00138327 0.999999 -0.0218965 0.18205 -0.0452257
FixedParameters: 0 0 0

#Transform 117
Transform: AffineTransform_float_3_3
Parameters: 0.999998 0.000596195 -0.00147119 -0.000599775 0.999997 -0.0021794 0.00146999 0.0021806 0.999997 0.00169831 0.237896 -0.0229822
FixedParameters: 0 0 0

#Transform 118
Transform: AffineTransform_float_3_3
Parameters: 1 0.000507688 -0.00104824 -0.000508901 0.999998 -0.00192947 0.00104768 0.00193053 0.999997 -0.019116 0.194285 -0.0945161
FixedParameters: 0 0 0

#Transform 119
Transform: AffineTransform_float_3_3
Parameters: 0.999999 0.000850483 -0.00100068 -0.000852361 0.999998 -0.00186013 0.000998784 0.00186087 0.999997 -0.0159962 0.18935 -0.0655692
FixedParameters: 0 0 0

#Transform 120
Transform: AffineTransform_float_3_3
Parameters: 0.999999 0.00121379 -0.000950554 -0.00121605 0.999997 -0.00208283 0.000947751 0.00208417 0.999998 -0.00359121 0.229488 -0.0770356
FixedParameters: 0 0 0

#Transform 121
Transform: AffineTransform_float_3_3
Parameters: 0.999999 0.000962991 -0.0011111 -0.000964778 0.999999 -0.00163391 0.00110922 0.00163509 0.999998 0.00135027 0.177357 -0.100859
FixedParameters: 0 0 0

#Transform 122
Transform: AffineTransform_float_3_3
Parameters: 0.999999 0.00102811 -0.00155187 -0.00103159 0.999997 -0.0023075 0.00154966 0.0023085 0.999996 0.0172862 0.244899 -0.0568489
FixedParameters: 0 0 0

#Transform 123
Transform: AffineTransform_float_3_3
Parameters: 0.999999 0.0011909 -0.001359 -0.00119409 0.999996 -0.00253236 0.00135549 0.00253464 0.999996 0.013419 0.232731 -0.0752203
FixedParameters: 0 0 0

#Transform 124
Transform: AffineTransform_float_3_3
Parameters: 0.999999 0.000903623 -0.00110257 -0.000905674 0.999998 -0.00215199 0.00110107 0.00215302 0.999997 -0.00844656 0.209603 -0.0519276
FixedParameters: 0 0 0

#Transform 125
Transform: AffineTransform_float_3_3
Parameters: 0.999998 0.000941853 -0.00138002 -0.000944248 0.999997 -0.00225382 0.00137732 0.00225518 0.999997 0.00724681 0.252713 -0.0456023
FixedParameters: 0 0 0

#Transform 126
Transform: AffineTransform_float_3_3
Parameters: 0.999999 0.000951143 -0.00105523 -0.000952838 0.999998 -0.00167698 0.00105331 0.00167802 0.999998 -0.00236075 0.222765 -0.0326551
FixedParameters: 0 0 0

#Transform 127
Transform: AffineTransform_float_3_3
Parameters: 0.999998 0.00170007 -2.49742e-05 -0.00169986 0.99999 0.00396819 3.13942e-05 -0.00396781 0.999992 -0.0302228 0.0777923 0.138489
FixedParameters: 0 0 0

#Transform 128
Transform: AffineTransform_float_3_3
Parameters: 0.999997 0.00205808 -0.000750188 -0.002054 0.999988 0.00449673 0.000759207 -0.00449527 0.99999 -0.0372377 0.106713 0.0561786
FixedParameters: 0 0 0

#Transform 129
Transform: AffineTransform_float_3_3
Parameters: 0.999997 0.0021725 -0.000931618 -0.00216999 0.999993 0.00301834 0.000938221 -0.00301566 0.999995 -0.0479033 0.0443256 0.025417
FixedParameters: 0 0 0

#Transform 130
Transform: AffineTransform_float_3_3
Parameters: 0.999998 0.00214881 -0.000924676 -0.0021462 0.999994 0.00263719 0.000930631 -0.00263581 0.999996 -0.0391131 0.108569 0.0536024
FixedParameters: 0 0 0

#Transform 131
Transform: AffineTransform_float_3_3
Parameters: 0.999998 0.00218738 -0.000757933 -0.00218418 0.999992 0.00341 0.000765488 -0.003409 0.999993 -0.0425989 0.0757519 0.0363685
FixedParameters: 0 0 0

#Transform 132
Transform: AffineTransform_float_3_3
Parameters: 0.999998 0.00190359 -0.00053965 -0.00190158 0.999991 0.00369021 0.000546342 -0.00368979 0.999993 -0.0444446 0.0279538 0.0559859
FixedParameters: 0 0 0

#Transform 133
Transform: AffineTransform_float_3_3
Parameters: 0.999998 0.00180127 -0.000994584 -0.00179833 0.999995 0.00268197 0.000999856 -0.00268003 0.999996 -0.0275523 0.06576 -0.0260892
FixedParameters: 0 0 0

#Transform 134
Transform: AffineTransform_float_3_3
Parameters: 0.999998 0.00161744 -0.00102193 -0.00161491 0.999997 0.00199867 0.00102514 -0.00199633 0.999998 -0.0315898 0.0591565 0.0288574
FixedParameters: 0 0 0

#Transform 135
Transform: AffineTransform_float_3_3
Parameters: 0.999999 0.001485 -0.00104181 -0.0014831 0.999999 0.00125359 0.00104341 -0.00125241 0.999999 -0.0343248 0.116437 -0.016949
FixedParameters: 0 0 0

#Transform 136
Transform: AffineTransform_float_3_3
Parameters: 0.999999 0.00153278 -0.00103469 -0.00153038 0.999998 0.00150162 0.00103717 -0.00150037 0.999998 -0.0333816 0.0998142 0.0210887
FixedParameters: 0 0 0

#Transform 137
Transform: AffineTransform_float_3_3
Parameters: 0.999998 0.00151059 -0.00134416 -0.00151002 0.999999 0.000529069 0.00134462 -0.000526931 0.999999 -0.00339666 0.151867 -0.0274014
FixedParameters: 0 0 0

#Transform 138
Transform: AffineTransform_float_3_3
Parameters: 0.999999 0.00102385 -0.000948886 -0.00102416 0.999999 -0.000162147 0.000948553 0.000162853 1 -0.0171334 0.143868 -0.0427581
FixedParameters: 0 0 0

#Transform 139
Transform: AffineTransform_float_3_3
Parameters: 0.999998 0.00132531 -0.00106695 -0.00132631 0.999999 -0.000868547 0.00106577 0.000869452 0.999999 -0.0206862 0.20113 0.0153597
FixedParameters: 0 0 0

#Transform 140
Transform: AffineTransform_float_3_3
Parameters: 0.999998 0.00182488 -0.000673802 -0.00182499 0.999998 -0.000710615 0.000672335 0.000712386 1 -0.0477088 0.179672 0.00141531
FixedParameters: 0 0 0

#Transform 141
Transform: AffineTransform_float_3_3
Parameters: 0.999999 0.00115243 -0.000697449 -0.00115397 0.999999 -0.00100318 0.000696125 0.00100382 0.999999 -0.0553464 0.2206 0.0171866
FixedParameters: 0 0 0

#Transform 142
Transform: AffineTransform_float_3_3
Parameters: 0.999999 0.00135271 -0.00125733 -0.00135348 0.999999 -0.00030626 0.0012565 0.000307739 0.999999 -0.0116033 0.16929 -0.00191698
FixedParameters: 0 0 0

#Transform 143
Transform: AffineTransform_float_3_3
Parameters: 0.999999 0.00135196 -0.00125813 -0.00135338 0.999998 -0.000899279 0.00125683 0.00090172 0.999998 -0.0115098 0.232193 -0.00852396
FixedParameters: 0 0 0

#Transform 144
Transform: AffineTransform_float_3_3
Parameters: 0.999998 0.00132837 -0.00108176 -0.00132856 0.999999 -8.95436e-05 0.00108152 9.14562e-05 1 -0.0200004 0.159544 3.2282e-05
FixedParameters: 0 0 0

#Transform 145
Transform: AffineTransform_float_3_3
Parameters: 0.999998 0.00132502 -0.00106615 -0.00132646 0.999998 -0.00101157 0.00106558 0.00101343 0.999999 -0.0244703 0.219242 -0.0241233
FixedParameters: 0 0 0

#Transform 146
Transform: AffineTransform_float_3_3
Parameters: 0.999999 0.00135238 -0.00125769 -0.00135296 0.999999 -0.000568261 0.00125728 0.00056974 0.999999 -0.0125833 0.171131 0.00643058
FixedParameters: 0 0 0

#Transform 147
Transform: AffineTransform_float_3_3
Parameters: 0.999999 0.00135198 -0.00125812 -0.00135336 0.999999 -0.00088626 0.00125685 0.000887739 0.999998 -0.0112942 0.232437 -0.00561975
FixedParameters: 0 0 0

#Transform 148
Transform: AffineTransform_float_3_3
Parameters: 0.999998 0.00155435 -0.00128944 -0.00155475 0.999999 -0.000153957 0.00128895 0.000156043 0.999999 -0.00848291 0.160225 -0.0226194
FixedParameters: 0 0 0

#Transform 149
Transform: AffineTransform_float_3_3
Parameters: 0.999998 0.00162961 -0.00158079 -0.00163006 0.999999 -0.000140523 0.00158032 0.000143477 0.999999 0.00321521 0.19248 -0.01152
FixedParameters: 0 0 0

#Transform 150
Transform: AffineTransform_float_3_3
Parameters: 0.999998 0.00132348 -0.00104596 -0.00132343 1 2.1423e-05 0.00104602 -2.05769e-05 1 -0.0389793 0.169542 -0.048307
FixedParameters: 0 0 0

#Transform 151
Transform: AffineTransform_float_3_3
Parameters: 0.999997 0.00171027 -0.00128699 -0.0017111 0.999998 -0.00032076 0.00128589 0.000323239 0.999999 -0.00502422 0.17318 0.00550452
FixedParameters: 0 0 0
