# transform file /out/sourcedata/freesurfer/sub-v2s3x28835_ses-1/mri/transforms/cc_up.lta
# created by oesteban on Fri Mar 13 04:27:48 2026

type      = 0 # LINEAR_VOX_TO_VOX
nxforms   = 1
mean      = 128.0000 92.0000 121.0000
sigma     = 10000.0000
1 4 4
9.967236518859863e-01 1.073228009045124e-02 -8.016740530729294e-02 8.137359619140625e+00 
-1.069773361086845e-02 9.999424219131470e-01 8.604286122135818e-04 5.428215408325195e+01 
8.017201721668243e-02 0.000000000000000e+00 9.967810511589050e-01 -2.967222690582275e+00 
0.000000000000000e+00 0.000000000000000e+00 0.000000000000000e+00 1.000000000000000e+00 
src volume info
valid = 1  # volume info valid
filename = /out/sourcedata/freesurfer/sub-v2s3x28835_ses-1/mri/norm.mgz
volume = 256 256 256
voxelsize = 1.000000000000000e+00 1.000000000000000e+00 1.000000000000000e+00
xras   = -1.000000000000000e+00 0.000000000000000e+00 0.000000000000000e+00
yras   = 0.000000000000000e+00 0.000000000000000e+00 -1.000000000000000e+00
zras   = 0.000000000000000e+00 1.000000000000000e+00 0.000000000000000e+00
cras   = -2.335807800292969e+00 3.541429138183594e+01 -4.167175292968750e-02
dst volume info
valid = 1  # volume info valid
filename = /out/sourcedata/freesurfer/sub-v2s3x28835_ses-1/mri/norm.mgz
volume = 256 256 256
voxelsize = 1.000000000000000e+00 1.000000000000000e+00 1.000000000000000e+00
xras   = -1.000000000000000e+00 0.000000000000000e+00 0.000000000000000e+00
yras   = 0.000000000000000e+00 0.000000000000000e+00 -1.000000000000000e+00
zras   = 0.000000000000000e+00 1.000000000000000e+00 0.000000000000000e+00
cras   = -2.335807800292969e+00 3.541429138183594e+01 -4.167175292968750e-02
