# transform file /out/sourcedata/freesurfer/sub-v2s3x28749_ses-1/mri/transforms/cc_up.lta
# created by oesteban on Fri Mar 13 00:32:36 2026

type      = 0 # LINEAR_VOX_TO_VOX
nxforms   = 1
mean      = 128.0000 137.0000 111.0000
sigma     = 10000.0000
1 4 4
9.979757070541382e-01 -5.351630598306656e-02 -3.435555845499039e-02 1.003061294555664e+01 
5.348461866378784e-02 9.985669255256653e-01 -1.841221121139824e-03 5.457589626312256e+00 
3.440485894680023e-02 0.000000000000000e+00 9.994078874588013e-01 1.862236213684082e+01 
0.000000000000000e+00 0.000000000000000e+00 0.000000000000000e+00 1.000000000000000e+00 
src volume info
valid = 1  # volume info valid
filename = /out/sourcedata/freesurfer/sub-v2s3x28749_ses-1/mri/norm.mgz
volume = 256 256 256
voxelsize = 1.000000000000000e+00 1.000000000000000e+00 1.000000000000000e+00
xras   = -1.000000000000000e+00 0.000000000000000e+00 0.000000000000000e+00
yras   = 0.000000000000000e+00 0.000000000000000e+00 -1.000000000000000e+00
zras   = 0.000000000000000e+00 1.000000000000000e+00 0.000000000000000e+00
cras   = 3.923027038574219e+00 -2.538516235351562e+01 4.534266662597656e+01
dst volume info
valid = 1  # volume info valid
filename = /out/sourcedata/freesurfer/sub-v2s3x28749_ses-1/mri/norm.mgz
volume = 256 256 256
voxelsize = 1.000000000000000e+00 1.000000000000000e+00 1.000000000000000e+00
xras   = -1.000000000000000e+00 0.000000000000000e+00 0.000000000000000e+00
yras   = 0.000000000000000e+00 0.000000000000000e+00 -1.000000000000000e+00
zras   = 0.000000000000000e+00 1.000000000000000e+00 0.000000000000000e+00
cras   = 3.923027038574219e+00 -2.538516235351562e+01 4.534266662597656e+01
