# transform file /out/sourcedata/freesurfer/sub-v2s3x28742_ses-1/mri/transforms/cc_up.lta
# created by oesteban on Fri Mar 13 00:54:39 2026

type      = 0 # LINEAR_VOX_TO_VOX
nxforms   = 1
mean      = 129.0000 117.0000 108.0000
sigma     = 10000.0000
1 4 4
9.993818998336792e-01 -5.954977590590715e-03 -3.464944288134575e-02 4.203539848327637e+00 
5.951401777565479e-03 9.999823570251465e-01 -2.063403080683202e-04 2.825507736206055e+01 
3.465005755424500e-02 1.455191696309033e-11 9.993996620178223e-01 2.159139442443848e+01 
0.000000000000000e+00 0.000000000000000e+00 0.000000000000000e+00 1.000000000000000e+00 
src volume info
valid = 1  # volume info valid
filename = /out/sourcedata/freesurfer/sub-v2s3x28742_ses-1/mri/norm.mgz
volume = 256 256 256
voxelsize = 1.000000000000000e+00 1.000000000000000e+00 1.000000000000000e+00
xras   = -1.000000000000000e+00 0.000000000000000e+00 0.000000000000000e+00
yras   = 0.000000000000000e+00 0.000000000000000e+00 -1.000000000000000e+00
zras   = 0.000000000000000e+00 1.000000000000000e+00 0.000000000000000e+00
cras   = -1.682807922363281e+00 1.874870300292969e+00 -4.899475097656250e+00
dst volume info
valid = 1  # volume info valid
filename = /out/sourcedata/freesurfer/sub-v2s3x28742_ses-1/mri/norm.mgz
volume = 256 256 256
voxelsize = 1.000000000000000e+00 1.000000000000000e+00 1.000000000000000e+00
xras   = -1.000000000000000e+00 0.000000000000000e+00 0.000000000000000e+00
yras   = 0.000000000000000e+00 0.000000000000000e+00 -1.000000000000000e+00
zras   = 0.000000000000000e+00 1.000000000000000e+00 0.000000000000000e+00
cras   = -1.682807922363281e+00 1.874870300292969e+00 -4.899475097656250e+00
