# transform file /out/sourcedata/freesurfer/sub-v2s3x28825_ses-1/mri/transforms/cc_up.lta
# created by oesteban on Fri Mar 13 03:39:47 2026

type      = 0 # LINEAR_VOX_TO_VOX
nxforms   = 1
mean      = 128.0000 110.0000 109.0000
sigma     = 10000.0000
1 4 4
9.928361773490906e-01 -1.194834038615227e-01 4.745011101476848e-04 1.257032108306885e+01 
1.194833889603615e-01 9.928362965583801e-01 5.710408368031494e-05 1.552177810668945e+01 
-4.779248556587845e-04 0.000000000000000e+00 9.999999403953552e-01 2.506070327758789e+01 
0.000000000000000e+00 0.000000000000000e+00 0.000000000000000e+00 1.000000000000000e+00 
src volume info
valid = 1  # volume info valid
filename = /out/sourcedata/freesurfer/sub-v2s3x28825_ses-1/mri/norm.mgz
volume = 256 256 256
voxelsize = 1.000000000000000e+00 1.000000000000000e+00 1.000000000000000e+00
xras   = -1.000000000000000e+00 0.000000000000000e+00 0.000000000000000e+00
yras   = 0.000000000000000e+00 0.000000000000000e+00 -1.000000000000000e+00
zras   = 0.000000000000000e+00 1.000000000000000e+00 0.000000000000000e+00
cras   = 9.161499023437500e+00 4.218751525878906e+01 1.075096130371094e+00
dst volume info
valid = 1  # volume info valid
filename = /out/sourcedata/freesurfer/sub-v2s3x28825_ses-1/mri/norm.mgz
volume = 256 256 256
voxelsize = 1.000000000000000e+00 1.000000000000000e+00 1.000000000000000e+00
xras   = -1.000000000000000e+00 0.000000000000000e+00 0.000000000000000e+00
yras   = 0.000000000000000e+00 0.000000000000000e+00 -1.000000000000000e+00
zras   = 0.000000000000000e+00 1.000000000000000e+00 0.000000000000000e+00
cras   = 9.161499023437500e+00 4.218751525878906e+01 1.075096130371094e+00
