# transform file /out/sourcedata/freesurfer/sub-v2s3x28816_ses-1/mri/transforms/cc_up.lta
# created by oesteban on Fri Mar 13 03:29:22 2026

type      = 0 # LINEAR_VOX_TO_VOX
nxforms   = 1
mean      = 126.0000 129.0000 105.0000
sigma     = 10000.0000
1 4 4
9.981270432472229e-01 1.229001954197884e-02 -5.992816016077995e-02 5.114377021789551e+00 
-1.226792670786381e-02 9.999244809150696e-01 7.365738274529576e-04 8.501247406005859e+00 
5.993268638849258e-02 0.000000000000000e+00 9.982024431228638e-01 2.253412818908691e+01 
0.000000000000000e+00 0.000000000000000e+00 0.000000000000000e+00 1.000000000000000e+00 
src volume info
valid = 1  # volume info valid
filename = /out/sourcedata/freesurfer/sub-v2s3x28816_ses-1/mri/norm.mgz
volume = 256 256 256
voxelsize = 1.000000000000000e+00 1.000000000000000e+00 1.000000000000000e+00
xras   = -1.000000000000000e+00 0.000000000000000e+00 0.000000000000000e+00
yras   = 0.000000000000000e+00 0.000000000000000e+00 -1.000000000000000e+00
zras   = 0.000000000000000e+00 1.000000000000000e+00 0.000000000000000e+00
cras   = 7.325149536132812e+00 3.957826232910156e+01 2.125823974609375e+00
dst volume info
valid = 1  # volume info valid
filename = /out/sourcedata/freesurfer/sub-v2s3x28816_ses-1/mri/norm.mgz
volume = 256 256 256
voxelsize = 1.000000000000000e+00 1.000000000000000e+00 1.000000000000000e+00
xras   = -1.000000000000000e+00 0.000000000000000e+00 0.000000000000000e+00
yras   = 0.000000000000000e+00 0.000000000000000e+00 -1.000000000000000e+00
zras   = 0.000000000000000e+00 1.000000000000000e+00 0.000000000000000e+00
cras   = 7.325149536132812e+00 3.957826232910156e+01 2.125823974609375e+00
