# transform file /out/sourcedata/freesurfer/sub-v2s3x28789_ses-1/mri/transforms/cc_up.lta
# created by oesteban on Fri Mar 13 01:32:49 2026

type      = 0 # LINEAR_VOX_TO_VOX
nxforms   = 1
mean      = 129.0000 105.0000 106.0000
sigma     = 10000.0000
1 4 4
9.978323578834534e-01 4.035725723952055e-03 -6.568445265293121e-02 6.071938514709473e+00 
-4.027010407298803e-03 9.999919533729553e-01 2.650865644682199e-04 4.149136734008789e+01 
6.568498909473419e-02 2.910383392618066e-11 9.978404641151428e-01 1.476962280273438e+01 
0.000000000000000e+00 0.000000000000000e+00 0.000000000000000e+00 1.000000000000000e+00 
src volume info
valid = 1  # volume info valid
filename = /out/sourcedata/freesurfer/sub-v2s3x28789_ses-1/mri/norm.mgz
volume = 256 256 256
voxelsize = 1.000000000000000e+00 1.000000000000000e+00 1.000000000000000e+00
xras   = -1.000000000000000e+00 0.000000000000000e+00 0.000000000000000e+00
yras   = 0.000000000000000e+00 0.000000000000000e+00 -1.000000000000000e+00
zras   = 0.000000000000000e+00 1.000000000000000e+00 0.000000000000000e+00
cras   = -7.909286499023438e+00 5.288771057128906e+01 7.527618408203125e+00
dst volume info
valid = 1  # volume info valid
filename = /out/sourcedata/freesurfer/sub-v2s3x28789_ses-1/mri/norm.mgz
volume = 256 256 256
voxelsize = 1.000000000000000e+00 1.000000000000000e+00 1.000000000000000e+00
xras   = -1.000000000000000e+00 0.000000000000000e+00 0.000000000000000e+00
yras   = 0.000000000000000e+00 0.000000000000000e+00 -1.000000000000000e+00
zras   = 0.000000000000000e+00 1.000000000000000e+00 0.000000000000000e+00
cras   = -7.909286499023438e+00 5.288771057128906e+01 7.527618408203125e+00
