# transform file /out/sourcedata/freesurfer/sub-v2s3x28746_ses-1/mri/transforms/cc_up.lta
# created by oesteban on Fri Mar 13 01:01:56 2026

type      = 0 # LINEAR_VOX_TO_VOX
nxforms   = 1
mean      = 129.0000 124.0000 96.0000
sigma     = 10000.0000
1 4 4
9.979652166366577e-01 6.276783347129822e-02 -1.120859570801258e-02 -7.664659500122070e+00 
-6.276386976242065e-02 9.980281591415405e-01 7.049291743896902e-04 3.025988578796387e+01 
1.123074162751436e-02 0.000000000000000e+00 9.999369382858276e-01 3.555366516113281e+01 
0.000000000000000e+00 0.000000000000000e+00 0.000000000000000e+00 1.000000000000000e+00 
src volume info
valid = 1  # volume info valid
filename = /out/sourcedata/freesurfer/sub-v2s3x28746_ses-1/mri/norm.mgz
volume = 256 256 256
voxelsize = 1.000000000000000e+00 1.000000000000000e+00 1.000000000000000e+00
xras   = -1.000000000000000e+00 0.000000000000000e+00 0.000000000000000e+00
yras   = 0.000000000000000e+00 0.000000000000000e+00 -1.000000000000000e+00
zras   = 0.000000000000000e+00 1.000000000000000e+00 0.000000000000000e+00
cras   = -2.635940551757812e+00 -4.476310729980469e+00 1.487842559814453e+01
dst volume info
valid = 1  # volume info valid
filename = /out/sourcedata/freesurfer/sub-v2s3x28746_ses-1/mri/norm.mgz
volume = 256 256 256
voxelsize = 1.000000000000000e+00 1.000000000000000e+00 1.000000000000000e+00
xras   = -1.000000000000000e+00 0.000000000000000e+00 0.000000000000000e+00
yras   = 0.000000000000000e+00 0.000000000000000e+00 -1.000000000000000e+00
zras   = 0.000000000000000e+00 1.000000000000000e+00 0.000000000000000e+00
cras   = -2.635940551757812e+00 -4.476310729980469e+00 1.487842559814453e+01
