# transform file /out/sourcedata/freesurfer/sub-v2s3x28809_ses-1/mri/transforms/cc_up.lta
# created by oesteban on Fri Mar 13 02:43:38 2026

type      = 0 # LINEAR_VOX_TO_VOX
nxforms   = 1
mean      = 132.0000 93.0000 128.0000
sigma     = 10000.0000
1 4 4
9.889416694641113e-01 9.054221212863922e-02 -1.174575984477997e-01 1.498576998710632e+00 
-8.991027623414993e-02 9.958925247192383e-01 1.067873463034630e-02 6.218338394165039e+01 
1.179420351982117e-01 0.000000000000000e+00 9.930204153060913e-01 -6.091609477996826e+00 
0.000000000000000e+00 0.000000000000000e+00 0.000000000000000e+00 1.000000000000000e+00 
src volume info
valid = 1  # volume info valid
filename = /out/sourcedata/freesurfer/sub-v2s3x28809_ses-1/mri/norm.mgz
volume = 256 256 256
voxelsize = 1.000000000000000e+00 1.000000000000000e+00 1.000000000000000e+00
xras   = -1.000000000000000e+00 0.000000000000000e+00 0.000000000000000e+00
yras   = 0.000000000000000e+00 0.000000000000000e+00 -1.000000000000000e+00
zras   = 0.000000000000000e+00 1.000000000000000e+00 0.000000000000000e+00
cras   = -2.318443298339844e+00 2.212713623046875e+01 -3.250045776367188e+00
dst volume info
valid = 1  # volume info valid
filename = /out/sourcedata/freesurfer/sub-v2s3x28809_ses-1/mri/norm.mgz
volume = 256 256 256
voxelsize = 1.000000000000000e+00 1.000000000000000e+00 1.000000000000000e+00
xras   = -1.000000000000000e+00 0.000000000000000e+00 0.000000000000000e+00
yras   = 0.000000000000000e+00 0.000000000000000e+00 -1.000000000000000e+00
zras   = 0.000000000000000e+00 1.000000000000000e+00 0.000000000000000e+00
cras   = -2.318443298339844e+00 2.212713623046875e+01 -3.250045776367188e+00
