#Insight Transform File V1.0
#Transform 0
Transform: AffineTransform_float_3_3
Parameters: 0.999999 -0.000355374 -0.00146126 0.000358217 0.999999 0.00170845 0.00146066 -0.00170855 0.999997 0.0239306 -0.0860548 -0.0463755
FixedParameters: 0 0 0

#Transform 1
Transform: AffineTransform_float_3_3
Parameters: 0.999998 -0.00051827 -0.00196817 0.000523302 0.999998 0.00207473 0.00196645 -0.00207527 0.999996 0.03101 -0.0947803 -0.0526937
FixedParameters: 0 0 0

#Transform 2
Transform: AffineTransform_float_3_3
Parameters: 0.999999 -0.000567717 -0.00172932 0.000569284 0.999999 0.00107381 0.00172872 -0.0010752 0.999998 0.0240241 -0.0318009 -0.00797722
FixedParameters: 0 0 0

#Transform 3
Transform: AffineTransform_float_3_3
Parameters: 0.999998 -0.00076262 -0.00145651 0.000766369 0.999998 0.00214985 0.0014558 -0.00215115 0.999996 0.0168914 -0.0672145 -0.0324757
FixedParameters: 0 0 0

#Transform 4
Transform: AffineTransform_float_3_3
Parameters: 1 0.000280818 -9.3119e-05 -0.000281602 1 0.00106703 9.35369e-05 -0.00106697 1 -0.0368461 -0.0221739 -0.0839197
FixedParameters: 0 0 0

#Transform 5
Transform: AffineTransform_float_3_3
Parameters: 1 -0.000242064 -0.000598703 0.000242896 0.999998 0.00166768 0.000598695 -0.00166832 0.999999 0.0144134 -0.113744 -0.0180245
FixedParameters: 0 0 0

#Transform 6
Transform: AffineTransform_float_3_3
Parameters: 1 -0.000104469 -0.000263604 0.000105024 1 0.00105197 0.000263384 -0.00105203 1 0.0105072 -0.0499305 -0.0274086
FixedParameters: 0 0 0

#Transform 7
Transform: AffineTransform_float_3_3
Parameters: 0.999999 -0.000524395 -0.000586942 0.000524316 1 0.000925693 0.000586771 -0.000926309 1 0.00591806 -0.0799506 -0.0760641
FixedParameters: 0 0 0

#Transform 8
Transform: AffineTransform_float_3_3
Parameters: 0.999999 0.000177486 -0.000704443 -0.000177154 1 0.000235125 0.000704526 -0.000234875 0.999999 -0.0449869 -0.0652844 -0.13297
FixedParameters: 0 0 0

#Transform 9
Transform: AffineTransform_float_3_3
Parameters: 0.999999 -0.000495743 -0.000745531 0.000495284 0.999999 -0.000430402 0.000744974 0.000430597 0.999999 0.0082623 -0.0545871 -0.0671273
FixedParameters: 0 0 0

#Transform 10
Transform: AffineTransform_float_3_3
Parameters: 1 -0.000440056 -0.00104193 0.000440126 0.999999 0.000505329 0.0010413 -0.000505671 1 0.029833 -0.0711755 -0.059042
FixedParameters: 0 0 0

#Transform 11
Transform: AffineTransform_float_3_3
Parameters: 0.999999 -0.000523522 -0.000596756 0.000522528 1 -0.000986313 0.000596804 0.000985689 1 0.00919239 -0.0154639 -0.0312474
FixedParameters: 0 0 0

#Transform 12
Transform: AffineTransform_float_3_3
Parameters: 1 -0.00062433 -0.00102938 0.00062659 0.999998 0.00175232 0.00102898 -0.00175268 0.999998 0.0241173 -0.104973 -0.00626791
FixedParameters: 0 0 0

#Transform 13
Transform: AffineTransform_float_3_3
Parameters: 1 -0.000618756 -8.01613e-05 0.000618778 1 0.00013895 7.99893e-05 -0.000139049 1 0.00208955 -0.0261345 -0.0461788
FixedParameters: 0 0 0

#Transform 14
Transform: AffineTransform_float_3_3
Parameters: 0.999999 -0.000526411 -0.000580211 0.000525833 0.999999 -0.000655305 0.000579917 0.000654694 0.999999 0.0164468 -0.0442085 0.00474616
FixedParameters: 0 0 0

#Transform 15
Transform: AffineTransform_float_3_3
Parameters: 1 -0.000618373 -8.22682e-05 0.000618433 0.999999 0.000365949 8.18155e-05 -0.000366051 1 0.00215177 -0.032925 -0.016274
FixedParameters: 0 0 0

#Transform 16
Transform: AffineTransform_float_3_3
Parameters: 1 -0.000199187 0.000158359 0.000199185 1 6.03154e-06 -0.000158361 -5.96846e-06 1 -0.0485673 -0.0434232 -0.0776444
FixedParameters: 0 0 0

#Transform 17
Transform: AffineTransform_float_3_3
Parameters: 0.999999 -3.04232e-05 0.000984861 3.1477e-05 1 -0.000535149 -0.000984828 0.000534851 1 -0.0757276 -0.00559644 -0.0274124
FixedParameters: 0 0 0

#Transform 18
Transform: AffineTransform_float_3_3
Parameters: 1 2.62713e-05 0.000673172 -2.63555e-05 0.999999 0.000792803 -0.000672948 -0.000793197 1 -0.0253521 -0.0617043 0.0272032
FixedParameters: 0 0 0

#Transform 19
Transform: AffineTransform_float_3_3
Parameters: 1 0.000237982 -0.000465367 -0.000237588 1 0.00042311 0.000465568 -0.000422889 1 0.0263196 -0.0454013 -0.0161725
FixedParameters: 0 0 0

#Transform 20
Transform: AffineTransform_float_3_3
Parameters: 1 3.42467e-05 0.000632838 -3.43037e-05 1 4.49783e-05 -0.000632835 -4.50217e-05 1 -0.035198 -0.0261399 -0.00686802
FixedParameters: 0 0 0

#Transform 21
Transform: AffineTransform_float_3_3
Parameters: 1 -0.000549874 6.8161e-05 0.000549486 0.999998 0.00150804 -6.88356e-05 -0.00150796 0.999999 0.0335629 -0.0891771 0.0157832
FixedParameters: 0 0 0

#Transform 22
Transform: AffineTransform_float_3_3
Parameters: 0.999998 -0.000192556 -0.00192528 0.000192338 1 -5.67619e-05 0.0019253 5.62379e-05 0.999998 0.0486599 -0.076358 0.0955916
FixedParameters: 0 0 0

#Transform 23
Transform: AffineTransform_float_3_3
Parameters: 1 -0.000390664 -0.00109146 0.000390705 1 1.83944e-05 0.00109144 -1.96055e-05 1 0.033718 -0.0371768 0.0431654
FixedParameters: 0 0 0

#Transform 24
Transform: AffineTransform_float_3_3
Parameters: 1 -0.000326284 -0.000477601 0.00032666 1 0.000393844 0.000477344 -0.000394156 1 0.0133057 -0.0233793 0.0460823
FixedParameters: 0 0 0

#Transform 25
Transform: AffineTransform_float_3_3
Parameters: 0.999999 -0.000246199 -0.000897076 0.000248383 0.999995 0.0029646 0.000896046 -0.0029654 0.999995 0.0303841 -0.0544498 -0.00678689
FixedParameters: 0 0 0

#Transform 26
Transform: AffineTransform_float_3_3
Parameters: 0.999999 -0.000750633 -0.00112373 0.00075224 0.999999 0.00123412 0.00112268 -0.00123488 0.999998 0.0549503 -0.0591231 0.107425
FixedParameters: 0 0 0

#Transform 27
Transform: AffineTransform_float_3_3
Parameters: 0.999999 0.00030439 -0.0012505 -0.000304453 1 -0.000417799 0.00125043 0.000418202 0.999999 0.0326538 0.0253343 -0.0877954
FixedParameters: 0 0 0

#Transform 28
Transform: AffineTransform_float_3_3
Parameters: 1 -0.000431353 -0.000251114 0.000430531 0.999999 0.000683892 0.000251325 -0.000684108 0.999999 0.0639334 -0.0569302 0.0915406
FixedParameters: 0 0 0

#Transform 29
Transform: AffineTransform_float_3_3
Parameters: 0.999999 -0.000357119 -0.000653796 0.000356533 1 -0.000448233 0.000654116 0.000447766 0.999999 0.0459673 0.00251146 0.0578759
FixedParameters: 0 0 0

#Transform 30
Transform: AffineTransform_float_3_3
Parameters: 1 -0.000276039 -0.0010905 0.000275825 1 -9.848e-05 0.00109055 9.75199e-05 1 0.0881357 -0.0105833 0.0268397
FixedParameters: 0 0 0

#Transform 31
Transform: AffineTransform_float_3_3
Parameters: 1 -0.000278371 -0.00108897 0.000276007 0.999997 -0.00207151 0.0010895 0.00207149 0.999998 0.088035 0.0256107 0.0428921
FixedParameters: 0 0 0

#Transform 32
Transform: AffineTransform_float_3_3
Parameters: 0.999999 -0.000244624 -0.00126438 0.000242743 0.999999 -0.000744486 0.00126474 0.000743512 0.999999 0.0793277 0.0225484 -0.0114969
FixedParameters: 0 0 0

#Transform 33
Transform: AffineTransform_float_3_3
Parameters: 0.999999 -0.000331255 -0.000790733 0.000330581 1 0.000310739 0.000791328 -0.000311262 0.999999 0.0793573 0.0173009 0.0216952
FixedParameters: 0 0 0

#Transform 34
Transform: AffineTransform_float_3_3
Parameters: 0.999999 -0.000310676 -0.000906424 0.000309327 0.999999 -0.00074446 0.000906885 0.000743539 1 0.082689 0.0356525 0.0035785
FixedParameters: 0 0 0

#Transform 35
Transform: AffineTransform_float_3_3
Parameters: 1 -0.00030622 -0.000933755 0.000304748 0.999999 -0.00141228 0.000933817 0.00141171 0.999998 0.0835408 0.0321817 0.0731263
FixedParameters: 0 0 0

#Transform 36
Transform: AffineTransform_float_3_3
Parameters: 0.999999 -0.000341394 -0.00133555 0.000341377 1 -6.66827e-06 0.00133555 6.33172e-06 0.999999 0.120499 0.00318356 0.0842028
FixedParameters: 0 0 0

#Transform 37
Transform: AffineTransform_float_3_3
Parameters: 0.999999 -0.00106064 -0.00138582 0.00105753 0.999997 -0.00202554 0.00138752 0.00202447 0.999997 0.12573 0.0613759 0.0354822
FixedParameters: 0 0 0

#Transform 38
Transform: AffineTransform_float_3_3
Parameters: 1 -0.000553658 -0.00102953 0.000551554 0.999998 -0.00215357 0.00103031 0.00215243 0.999997 0.0952906 0.0629203 0.0450704
FixedParameters: 0 0 0

#Transform 39
Transform: AffineTransform_float_3_3
Parameters: 0.999999 -0.000671061 -0.00129461 0.000669571 0.999998 -0.00147608 0.00129499 0.00147492 0.999998 0.0945176 0.00765905 0.0214344
FixedParameters: 0 0 0

#Transform 40
Transform: AffineTransform_float_3_3
Parameters: 0.999999 -0.000477763 -0.00137622 0.00047664 0.999999 -0.00118869 0.00137674 0.00118831 0.999998 0.125728 0.0676923 0.110685
FixedParameters: 0 0 0

#Transform 41
Transform: AffineTransform_float_3_3
Parameters: 0.999999 -0.000653404 -0.00138738 0.000652793 0.999999 -0.00099494 0.00138806 0.000994061 0.999998 0.122307 0.0499412 0.0727553
FixedParameters: 0 0 0

#Transform 42
Transform: AffineTransform_float_3_3
Parameters: 0.999999 -0.000408341 -0.00119525 0.000408732 1 -0.000247701 0.00119563 0.0002473 1 0.0882655 0.0477084 0.0959479
FixedParameters: 0 0 0

#Transform 43
Transform: AffineTransform_float_3_3
Parameters: 0.999999 -0.000824055 -0.00127236 0.000823876 1 -7.10816e-05 0.00127248 6.99184e-05 1 0.0865023 0.0166373 0.0631503
FixedParameters: 0 0 0

#Transform 44
Transform: AffineTransform_float_3_3
Parameters: 0.999997 -0.000259505 -0.00241563 0.00025894 1 -0.00011723 0.00241569 0.00011677 0.999997 0.088734 0.044794 0.0310191
FixedParameters: 0 0 0

#Transform 45
Transform: AffineTransform_float_3_3
Parameters: 0.999999 -0.000424749 -0.00123472 0.000423453 0.999999 -0.000524736 0.00123516 0.000524263 0.999999 0.0941619 0.0482429 0.115644
FixedParameters: 0 0 0

#Transform 46
Transform: AffineTransform_float_3_3
Parameters: 0.999999 -0.00042353 -0.00124158 0.000423104 0.999999 -0.000567738 0.00124224 0.000567262 0.999999 0.094431 0.0769327 0.0820985
FixedParameters: 0 0 0

#Transform 47
Transform: AffineTransform_float_3_3
Parameters: 0.999999 -0.000263246 -0.000929444 0.000260719 0.999997 -0.00251442 0.000930142 0.00251358 0.999997 0.0917931 0.0967293 0.0860894
FixedParameters: 0 0 0

#Transform 48
Transform: AffineTransform_float_3_3
Parameters: 0.999998 0.00145982 -0.000856029 -0.00145991 0.999999 -0.000522685 0.000855667 0.000523316 1 0.0680598 0.035029 0.0625362
FixedParameters: 0 0 0

#Transform 49
Transform: AffineTransform_float_3_3
Parameters: 0.999993 0.00349004 0.000672183 -0.00348788 0.999989 -0.00307629 -0.000682824 0.00307371 0.999995 0.0270053 0.0897331 0.0420237
FixedParameters: 0 0 0

#Transform 50
Transform: AffineTransform_float_3_3
Parameters: 0.999998 0.00190194 -0.00119056 -0.00190569 0.999994 -0.00250967 0.00118548 0.00251233 0.999996 0.0772058 0.0657671 0.0458228
FixedParameters: 0 0 0

#Transform 51
Transform: AffineTransform_float_3_3
Parameters: 0.999996 0.00236312 -0.00149343 -0.00236699 0.999992 -0.00290938 0.00148665 0.00291362 0.999995 0.0947225 0.0543225 0.0707886
FixedParameters: 0 0 0

#Transform 52
Transform: AffineTransform_float_3_3
Parameters: 0.999998 0.00162654 -0.00153978 -0.00162943 0.999997 -0.00177961 0.00153649 0.00178239 0.999997 0.0832262 0.0594355 0.101205
FixedParameters: 0 0 0

#Transform 53
Transform: AffineTransform_float_3_3
Parameters: 0.999992 0.000144942 -0.00384696 -0.000138619 0.999999 0.00174023 0.00384716 -0.00173978 0.999991 0.153672 -0.099511 0.0758651
FixedParameters: 0 0 0

#Transform 54
Transform: AffineTransform_float_3_3
Parameters: 0.99999 0.00065265 -0.00429306 -0.000649538 0.999999 0.000821972 0.0042934 -0.00081903 0.999991 0.148721 0.00343772 0.0849703
FixedParameters: 0 0 0

#Transform 55
Transform: AffineTransform_float_3_3
Parameters: 0.999991 0.000627279 -0.00421216 -0.000628568 1 -0.000385001 0.00421203 0.000388 0.999991 0.13387 0.0797008 0.074209
FixedParameters: 0 0 0

#Transform 56
Transform: AffineTransform_float_3_3
Parameters: 0.999994 0.000387789 -0.00365031 -0.000389338 1 -0.000480869 0.0036503 0.000482132 0.999993 0.14413 0.0283885 0.0958371
FixedParameters: 0 0 0

#Transform 57
Transform: AffineTransform_float_3_3
Parameters: 0.999997 0.000193518 -0.00219123 -0.000195452 1 -0.000889933 0.00219125 0.000890069 0.999997 0.10658 0.0563163 0.108723
FixedParameters: 0 0 0

#Transform 58
Transform: AffineTransform_float_3_3
Parameters: 0.999997 0.000657476 -0.00211117 -0.000662681 0.999997 -0.00235393 0.00210995 0.00235507 0.999995 0.118181 0.0658862 0.098175
FixedParameters: 0 0 0

#Transform 59
Transform: AffineTransform_float_3_3
Parameters: 0.999997 0.000216594 -0.00219177 -0.000222378 0.999997 -0.00244088 0.00219161 0.00244112 0.999994 0.086929 0.0711103 0.0771524
FixedParameters: 0 0 0

#Transform 60
Transform: AffineTransform_float_3_3
Parameters: 0.999997 0.000138905 -0.00220633 -0.000141759 1 -0.00109208 0.00220639 0.00109292 0.999997 0.0905239 0.0559007 0.0525163
FixedParameters: 0 0 0

#Transform 61
Transform: AffineTransform_float_3_3
Parameters: 0.999999 0.000138852 -0.00175086 -0.000140807 0.999999 -0.000839113 0.0017508 0.000838886 0.999998 0.105279 0.0588256 0.105571
FixedParameters: 0 0 0

#Transform 62
Transform: AffineTransform_float_3_3
Parameters: 0.999998 0.000174383 -0.0019576 -0.000178664 0.999997 -0.00214501 0.00195659 0.00214499 0.999996 0.0863872 0.0941092 0.043109
FixedParameters: 0 0 0

#Transform 63
Transform: AffineTransform_float_3_3
Parameters: 0.999999 7.83998e-05 -0.00142735 -8.03915e-05 0.999999 -0.0013861 0.0014275 0.0013869 0.999998 0.0726125 0.0866715 0.0936192
FixedParameters: 0 0 0

#Transform 64
Transform: AffineTransform_float_3_3
Parameters: 0.999998 6.09522e-05 -0.00169414 -6.24261e-05 1 -0.000435253 0.00169409 0.000434746 0.999999 0.0975713 0.0368681 0.102963
FixedParameters: 0 0 0

#Transform 65
Transform: AffineTransform_float_3_3
Parameters: 0.999999 -0.00151133 -0.000401265 0.00151076 0.999998 -0.00115743 0.000402795 0.00115657 1 0.119589 0.0780098 0.112424
FixedParameters: 0 0 0

#Transform 66
Transform: AffineTransform_float_3_3
Parameters: 0.999998 0.000866243 -0.00188065 -0.000869792 0.999998 -0.00194069 0.00187899 0.00194231 0.999996 0.11246 0.0484319 0.117789
FixedParameters: 0 0 0

#Transform 67
Transform: AffineTransform_float_3_3
Parameters: 1 3.92383e-05 -0.000549102 -3.91399e-05 0.999999 0.000984842 0.000548997 -0.000985158 1 0.0813166 0.0490258 0.119047
FixedParameters: 0 0 0

#Transform 68
Transform: AffineTransform_float_3_3
Parameters: 0.999998 0.000187038 -0.00162411 -0.000187025 1 4.12461e-06 0.00162411 -3.87538e-06 0.999998 0.0900603 0.0613136 0.0940498
FixedParameters: 0 0 0

#Transform 69
Transform: AffineTransform_float_3_3
Parameters: 0.999999 0.00016059 -0.00148053 -0.000160272 1 0.000108025 0.00148057 -0.000106975 0.999999 0.111186 0.0770611 0.147608
FixedParameters: 0 0 0

#Transform 70
Transform: AffineTransform_float_3_3
Parameters: 0.999999 0.000137424 -0.00136368 -0.000138111 0.999999 -0.000972991 0.00136377 0.000973008 0.999998 0.0943526 0.109838 0.136609
FixedParameters: 0 0 0

#Transform 71
Transform: AffineTransform_float_3_3
Parameters: 0.999998 0.000127771 -0.0016056 -0.000127566 1 6.40257e-05 0.00160562 -6.39741e-05 0.999998 0.116472 0.025825 0.163256
FixedParameters: 0 0 0

#Transform 72
Transform: AffineTransform_float_3_3
Parameters: 0.999999 6.33978e-05 -0.000968411 -6.56538e-05 0.999997 -0.00218012 0.000968494 0.00217988 0.999997 0.0735064 0.128883 0.136208
FixedParameters: 0 0 0

#Transform 73
Transform: AffineTransform_float_3_3
Parameters: 0.999999 0.000140282 -0.00138242 -0.000142176 0.999999 -0.00139598 0.00138239 0.00139602 0.999998 0.0840467 0.0944048 0.141132
FixedParameters: 0 0 0

#Transform 74
Transform: AffineTransform_float_3_3
Parameters: 0.999999 0.000240207 -0.00136406 -0.00024087 1 -0.000242851 0.00136395 0.000243149 0.999999 0.0907959 0.0703092 0.157688
FixedParameters: 0 0 0

#Transform 75
Transform: AffineTransform_float_3_3
Parameters: 0.999999 4.29085e-05 -0.00085528 -4.42377e-05 0.999998 -0.001926 0.000855476 0.001927 0.999998 0.0700593 0.132182 0.142628
FixedParameters: 0 0 0

#Transform 76
Transform: AffineTransform_float_3_3
Parameters: 0.999999 9.99258e-05 -0.000790928 -0.000101632 0.999998 -0.00232192 0.000790824 0.00232208 0.999997 0.0812932 0.153651 0.167491
FixedParameters: 0 0 0

#Transform 77
Transform: AffineTransform_float_3_3
Parameters: 0.999999 0.00016368 -0.000949051 -0.000164608 0.999999 -0.00100702 0.000948903 0.00100698 0.999999 0.0876844 0.065948 0.202928
FixedParameters: 0 0 0

#Transform 78
Transform: AffineTransform_float_3_3
Parameters: 1 0.000392338 -0.0011093 -0.000393903 1 -0.00114856 0.00110858 0.00114944 0.999998 0.0685352 0.138086 0.169454
FixedParameters: 0 0 0

#Transform 79
Transform: AffineTransform_float_3_3
Parameters: 0.999998 -0.00187797 -0.000944778 0.00189034 0.999916 0.0127614 0.000919989 -0.0127636 0.999918 -0.000804089 -0.0788579 0.0680625
FixedParameters: 0 0 0

#Transform 80
Transform: AffineTransform_float_3_3
Parameters: 0.999978 -0.00577356 -0.00305664 0.00588308 0.999295 0.0370846 0.00284082 -0.0371014 0.999308 -0.0300962 -0.522001 -0.546774
FixedParameters: 0 0 0

#Transform 81
Transform: AffineTransform_float_3_3
Parameters: 0.999991 -0.00313362 -0.00260208 0.00317886 0.999846 0.0172404 0.00254718 -0.0172486 0.999848 0.0254961 -0.239785 -0.119347
FixedParameters: 0 0 0

#Transform 82
Transform: AffineTransform_float_3_3
Parameters: 0.999994 -0.00240735 -0.00245348 0.00244835 0.999855 0.0168863 0.00241265 -0.0168918 0.999855 0.0139388 -0.168344 -0.114174
FixedParameters: 0 0 0

#Transform 83
Transform: AffineTransform_float_3_3
Parameters: 0.999995 -0.00175714 -0.00259357 0.00180791 0.999803 0.0198053 0.00255819 -0.0198098 0.999801 -0.0316061 -0.198092 -0.250103
FixedParameters: 0 0 0

#Transform 84
Transform: AffineTransform_float_3_3
Parameters: 0.999995 -0.00287898 -0.000510772 0.00288766 0.99984 0.0176805 0.000460116 -0.0176815 0.999843 0.0307612 -0.264754 -0.0988536
FixedParameters: 0 0 0

#Transform 85
Transform: AffineTransform_float_3_3
Parameters: 0.999998 -0.00193469 -0.000512976 0.00194309 0.999863 0.0164754 0.000481164 -0.0164766 0.999864 -0.00539178 -0.166645 -0.115323
FixedParameters: 0 0 0

#Transform 86
Transform: AffineTransform_float_3_3
Parameters: 0.999997 -0.00222411 -0.0008274 0.00223761 0.999864 0.0163747 0.000791586 -0.0163763 0.999865 0.00620822 -0.199586 -0.0578185
FixedParameters: 0 0 0

#Transform 87
Transform: AffineTransform_float_3_3
Parameters: 0.999997 -0.0020044 -0.00078066 0.00201594 0.99988 0.0153128 0.000750445 -0.0153142 0.999882 -0.000950304 -0.161699 -0.0859821
FixedParameters: 0 0 0

#Transform 88
Transform: AffineTransform_float_3_3
Parameters: 0.999998 -0.00168904 -0.00120333 0.0017069 0.999885 0.0150853 0.00117825 -0.0150867 0.999885 0.0441773 -0.173996 -0.0515276
FixedParameters: 0 0 0

#Transform 89
Transform: AffineTransform_float_3_3
Parameters: 0.999999 -0.00153041 -8.97592e-05 0.00153122 0.999941 0.0108062 7.27708e-05 -0.0108058 0.999941 -0.011911 -0.0534674 -0.106081
FixedParameters: 0 0 0

#Transform 90
Transform: AffineTransform_float_3_3
Parameters: 0.999999 -0.000887334 0.000980997 0.000876412 0.999936 0.0112839 -0.000990663 -0.0112821 0.999936 -0.0254087 -0.110199 -0.0174535
FixedParameters: 0 0 0

#Transform 91
Transform: AffineTransform_float_3_3
Parameters: 1 -0.00119694 -0.000148706 0.00119874 0.99992 0.012582 0.000133494 -0.012582 0.999921 0.0109085 -0.160058 0.0011891
FixedParameters: 0 0 0

#Transform 92
Transform: AffineTransform_float_3_3
Parameters: 0.999999 -0.000762563 -0.000201682 0.000763525 0.999967 0.00809985 0.000196021 -0.00810015 0.999967 0.0100646 -0.0537342 -0.0144001
FixedParameters: 0 0 0

#Transform 93
Transform: AffineTransform_float_3_3
Parameters: 1 -0.000618814 0.000249875 0.000616754 0.999967 0.00812815 -0.000254455 -0.00812784 0.999967 0.0187124 0.00058556 0.0503016
FixedParameters: 0 0 0

#Transform 94
Transform: AffineTransform_float_3_3
Parameters: 0.999999 -0.000706584 -0.000346344 0.000710218 0.999947 0.0102938 0.000339261 -0.0102942 0.999947 0.0233493 -0.098448 0.0535934
FixedParameters: 0 0 0

#Transform 95
Transform: AffineTransform_float_3_3
Parameters: 1 -0.000430725 -0.000453931 0.000433922 0.999971 0.00759977 0.000450746 -0.00759923 0.999971 0.0338126 -0.00924479 -0.0195534
FixedParameters: 0 0 0

#Transform 96
Transform: AffineTransform_float_3_3
Parameters: 1 -0.000983194 -0.000696951 0.000987046 0.999978 0.00653149 0.000690235 -0.0065325 0.999978 0.0234657 -0.00470229 0.0233893
FixedParameters: 0 0 0

#Transform 97
Transform: AffineTransform_float_3_3
Parameters: 1 -0.00103782 -0.000379272 0.00104029 0.999967 0.00810879 0.000370905 -0.00810922 0.999967 0.0402042 -0.0590138 0.0461492
FixedParameters: 0 0 0

#Transform 98
Transform: AffineTransform_float_3_3
Parameters: 0.999999 -0.000826513 -0.000569782 0.000829645 0.99998 0.00616753 0.000563936 -0.00616847 0.999981 0.0314611 0.0203331 0.017806
FixedParameters: 0 0 0

#Transform 99
Transform: AffineTransform_float_3_3
Parameters: 1 -0.000557531 -0.000965768 0.000564044 0.999976 0.00691146 0.000961839 -0.00691254 0.999975 0.0585475 -0.0626719 0.0757335
FixedParameters: 0 0 0

#Transform 100
Transform: AffineTransform_float_3_3
Parameters: 1 0.000185845 0.000573014 -0.0001899 0.999986 0.00541989 -0.000571597 -0.00542011 0.999985 -0.00587238 0.0152973 0.00140132
FixedParameters: 0 0 0

#Transform 101
Transform: AffineTransform_float_3_3
Parameters: 0.999999 -0.000182087 -0.000907245 0.000186671 0.999985 0.00543883 0.000906295 -0.00543917 0.999985 0.0922405 -0.00358017 0.135352
FixedParameters: 0 0 0

#Transform 102
Transform: AffineTransform_float_3_3
Parameters: 1 -0.000137288 -0.00114488 0.000143468 0.999988 0.00492863 0.00114357 -0.00492837 0.999988 0.0914074 0.0166121 0.0998454
FixedParameters: 0 0 0

#Transform 103
Transform: AffineTransform_float_3_3
Parameters: 1 -0.000250228 -0.000550656 0.000252768 0.999986 0.00532186 0.000549399 -0.00532214 0.999985 0.0858213 0.0101974 0.106709
FixedParameters: 0 0 0

#Transform 104
Transform: AffineTransform_float_3_3
Parameters: 0.999999 -0.000197956 -0.00082752 0.000202286 0.99999 0.00461984 0.000827091 -0.00462017 0.999989 0.0771638 0.0389319 0.0713947
FixedParameters: 0 0 0

#Transform 105
Transform: AffineTransform_float_3_3
Parameters: 0.999999 -0.000210349 -0.000760801 0.000214848 0.999988 0.00502084 0.000759103 -0.00502116 0.999987 0.0792605 0.012768 0.0988955
FixedParameters: 0 0 0

#Transform 106
Transform: AffineTransform_float_3_3
Parameters: 0.999999 0.000607635 -0.000384129 -0.000605926 0.999995 0.00302424 0.000385651 -0.00302377 0.999996 0.0639942 0.0826615 0.0800176
FixedParameters: 0 0 0

#Transform 107
Transform: AffineTransform_float_3_3
Parameters: 1 0.000293232 -0.000463594 -0.000291628 0.999994 0.00365114 0.000464381 -0.00365087 0.999993 0.067216 0.0378168 0.100215
FixedParameters: 0 0 0

#Transform 108
Transform: AffineTransform_float_3_3
Parameters: 1 -0.000166928 -0.000662932 0.0001702 0.999987 0.00496771 0.000662677 -0.00496829 0.999988 0.113657 0.0269422 0.133152
FixedParameters: 0 0 0

#Transform 109
Transform: AffineTransform_float_3_3
Parameters: 0.999999 -0.000300118 -0.000746973 0.000302986 0.999992 0.00414078 0.000745895 -0.00414123 0.999991 0.107435 0.0401343 0.13741
FixedParameters: 0 0 0

#Transform 110
Transform: AffineTransform_float_3_3
Parameters: 0.999999 -0.000719124 -0.000383025 0.000720941 0.999989 0.00462373 0.000380117 -0.00462428 0.999989 0.0647224 0.0522817 0.0755473
FixedParameters: 0 0 0

#Transform 111
Transform: AffineTransform_float_3_3
Parameters: 0.999999 -0.000506133 -0.000522891 0.000508759 0.999987 0.00492473 0.000520478 -0.00492526 0.999987 0.0848702 0.0195561 0.0944373
FixedParameters: 0 0 0

#Transform 112
Transform: AffineTransform_float_3_3
Parameters: 1 -0.000442253 -0.000191175 0.000443206 0.999996 0.00298009 0.00018952 -0.00297991 0.999995 0.0875274 0.103561 0.0705023
FixedParameters: 0 0 0

#Transform 113
Transform: AffineTransform_float_3_3
Parameters: 0.999999 -0.000502433 -0.000803383 0.000504935 0.999993 0.00373559 0.000802023 -0.0037364 0.999992 0.105169 0.025626 0.114797
FixedParameters: 0 0 0

#Transform 114
Transform: AffineTransform_float_3_3
Parameters: 0.999999 -0.000376184 -0.000702058 0.000378829 0.999993 0.0035467 0.000700982 -0.00354629 0.999993 0.0852042 0.0603176 0.0897099
FixedParameters: 0 0 0

#Transform 115
Transform: AffineTransform_float_3_3
Parameters: 0.999999 -0.000379908 -0.000830348 0.000383635 0.999991 0.00424465 0.000828527 -0.00424435 0.99999 0.0969789 0.0361603 0.113002
FixedParameters: 0 0 0

#Transform 116
Transform: AffineTransform_float_3_3
Parameters: 0.999999 -0.000446966 -0.000765952 0.000449116 0.999995 0.00292648 0.000764931 -0.00292752 0.999996 0.0814125 0.102399 0.11557
FixedParameters: 0 0 0

#Transform 117
Transform: AffineTransform_float_3_3
Parameters: 0.999999 -0.000240068 -0.000839304 0.000243455 0.999993 0.0038868 0.000837861 -0.0038872 0.999992 0.106292 0.0288505 0.134474
FixedParameters: 0 0 0

#Transform 118
Transform: AffineTransform_float_3_3
Parameters: 1 -0.000273279 -0.000380222 0.000274511 0.999995 0.0031569 0.000379294 -0.0031571 0.999995 0.0731561 0.0618078 0.109983
FixedParameters: 0 0 0

#Transform 119
Transform: AffineTransform_float_3_3
Parameters: 0.999999 -0.000387771 -0.00074718 0.000390284 0.999993 0.00390371 0.000745562 -0.00390429 0.999992 0.0828736 0.0506945 0.106241
FixedParameters: 0 0 0

#Transform 120
Transform: AffineTransform_float_3_3
Parameters: 0.999999 -0.000528518 -0.000706884 0.00053102 0.999991 0.00424862 0.000704785 -0.00424937 0.99999 0.0792268 0.0528382 0.113797
FixedParameters: 0 0 0

#Transform 121
Transform: AffineTransform_float_3_3
Parameters: 1 -0.000222956 -0.00056009 0.00022461 0.999994 0.00339688 0.000559188 -0.00339713 0.999994 0.0718484 0.0593121 0.0988889
FixedParameters: 0 0 0

#Transform 122
Transform: AffineTransform_float_3_3
Parameters: 0.999999 -0.000688751 -0.000543821 0.00069075 0.999991 0.00416063 0.000540667 -0.00416138 0.999991 0.112853 0.0367166 0.109571
FixedParameters: 0 0 0

#Transform 123
Transform: AffineTransform_float_3_3
Parameters: 0.999999 0.000627349 -0.00173025 -0.000618614 0.999988 0.00474072 0.00173372 -0.00473928 0.999987 0.0771903 0.0625133 0.0886051
FixedParameters: 0 0 0

#Transform 124
Transform: AffineTransform_float_3_3
Parameters: 0.999998 -2.13331e-05 -0.00172354 3.04893e-05 0.999986 0.0053286 0.00172359 -0.0053294 0.999985 0.107336 -0.00258184 0.172881
FixedParameters: 0 0 0

#Transform 125
Transform: AffineTransform_float_3_3
Parameters: 0.999999 4.44156e-05 -0.00083224 -4.12343e-05 0.999993 0.00368404 0.000832009 -0.00368396 0.999993 0.0811191 0.0432451 0.140905
FixedParameters: 0 0 0

#Transform 126
Transform: AffineTransform_float_3_3
Parameters: 1 0.000134882 0.000180186 -0.00013501 0.999993 0.00359197 -0.000180017 -0.00359202 0.999993 0.057806 0.0611913 0.134169
FixedParameters: 0 0 0

#Transform 127
Transform: AffineTransform_float_3_3
Parameters: 1 -0.000137785 -0.000557333 0.000139856 0.999993 0.00378692 0.0005569 -0.00378708 0.999992 0.0721402 0.0515941 0.116742
FixedParameters: 0 0 0

#Transform 128
Transform: AffineTransform_float_3_3
Parameters: 1 -0.00031726 -0.00111259 0.000322293 0.999991 0.00419564 0.00111115 -0.00419635 0.99999 0.117275 0.0251786 0.180321
FixedParameters: 0 0 0

#Transform 129
Transform: AffineTransform_float_3_3
Parameters: 0.999999 -6.53666e-05 -0.000802042 6.76083e-05 0.999995 0.00334995 0.000802034 -0.00335006 0.999994 0.0851786 0.0412928 0.116371
FixedParameters: 0 0 0

#Transform 130
Transform: AffineTransform_float_3_3
Parameters: 1 -7.09721e-05 -0.00064745 7.3686e-05 0.999993 0.00361677 0.000646563 -0.00361722 0.999993 0.107532 0.0379095 0.172309
FixedParameters: 0 0 0

#Transform 131
Transform: AffineTransform_float_3_3
Parameters: 1 0.000301066 -0.000432869 -0.000299955 0.999997 0.00241613 0.000434139 -0.00241587 0.999997 0.0878695 0.0955458 0.13736
FixedParameters: 0 0 0

#Transform 132
Transform: AffineTransform_float_3_3
Parameters: 0.999999 2.51326e-05 -0.000708673 -2.28353e-05 0.999993 0.00370302 0.000708304 -0.00370298 0.999993 0.10602 0.0303407 0.183655
FixedParameters: 0 0 0

#Transform 133
Transform: AffineTransform_float_3_3
Parameters: 1 0.000265473 -0.000345911 -0.000264481 0.999996 0.00259009 0.000346118 -0.00258991 0.999996 0.100293 0.0951528 0.159087
FixedParameters: 0 0 0

#Transform 134
Transform: AffineTransform_float_3_3
Parameters: 1 0.000389601 -0.000989868 -0.000386274 0.999993 0.00357324 0.000990928 -0.00357376 0.999993 0.136584 0.0420785 0.213006
FixedParameters: 0 0 0

#Transform 135
Transform: AffineTransform_float_3_3
Parameters: 1 0.000223022 -0.000223755 -0.000222124 0.999998 0.00200205 0.000224646 -0.00200195 0.999998 0.0752505 0.112886 0.161419
FixedParameters: 0 0 0

#Transform 136
Transform: AffineTransform_float_3_3
Parameters: 1 0.000223847 -0.000538826 -0.000222166 0.999995 0.00338115 0.00053997 -0.00338185 0.999994 0.110044 0.0418064 0.200191
FixedParameters: 0 0 0

#Transform 137
Transform: AffineTransform_float_3_3
Parameters: 1 0.000191729 -0.00036992 -0.000190447 0.999996 0.00281507 0.000369831 -0.00281493 0.999996 0.0899053 0.0712319 0.142043
FixedParameters: 0 0 0

#Transform 138
Transform: AffineTransform_float_3_3
Parameters: 0.999999 0.000254875 -0.00070396 -0.000252176 0.999995 0.00318321 0.000704226 -0.00318379 0.999994 0.106388 0.0620319 0.180535
FixedParameters: 0 0 0

#Transform 139
Transform: AffineTransform_float_3_3
Parameters: 0.999999 0.000269856 -0.000784614 -0.000267253 0.999995 0.00291003 0.000785812 -0.00290997 0.999996 0.103097 0.0628922 0.162409
FixedParameters: 0 0 0

#Transform 140
Transform: AffineTransform_float_3_3
Parameters: 1 0.000537964 -0.000243093 -0.000537798 0.999998 0.00198616 0.000244065 -0.00198684 0.999998 0.0667017 0.111953 0.156516
FixedParameters: 0 0 0

#Transform 141
Transform: AffineTransform_float_3_3
Parameters: 1 0.000375323 -0.00053879 -0.000373724 0.999995 0.0031372 0.000539792 -0.0031368 0.999995 0.0924473 0.0432603 0.141063
FixedParameters: 0 0 0

#Transform 142
Transform: AffineTransform_float_3_3
Parameters: 1 0.000180057 -0.000310199 -0.000179088 0.999999 0.00156205 0.00031076 -0.00156194 0.999998 0.0713883 0.11916 0.143209
FixedParameters: 0 0 0

#Transform 143
Transform: AffineTransform_float_3_3
Parameters: 1 5.88568e-05 -0.00101365 -5.53827e-05 0.999995 0.00316906 0.00101346 -0.00316894 0.999994 0.116324 0.0265731 0.168427
FixedParameters: 0 0 0

#Transform 144
Transform: AffineTransform_float_3_3
Parameters: 1 0.000180082 -0.000310185 -0.000179063 0.999998 0.00164005 0.000310774 -0.00163994 0.999998 0.0656014 0.126834 0.13135
FixedParameters: 0 0 0

#Transform 145
Transform: AffineTransform_float_3_3
Parameters: 1 0.00014823 -0.000140189 -0.000147876 0.999999 0.00126002 0.000140562 -0.00125998 0.999999 0.0984914 0.0711988 0.154121
FixedParameters: 0 0 0

#Transform 146
Transform: AffineTransform_float_3_3
Parameters: 1 0.000432677 0.000167186 -0.000432904 0.999999 0.00122193 -0.000167112 -0.00122207 0.999999 0.0666923 0.0967248 0.128894
FixedParameters: 0 0 0

#Transform 147
Transform: AffineTransform_float_3_3
Parameters: 1 0.000507969 -0.000120168 -0.000508114 0.999996 0.00271206 0.000121759 -0.00271194 0.999997 0.0808202 0.0496125 0.175416
FixedParameters: 0 0 0

#Transform 148
Transform: AffineTransform_float_3_3
Parameters: 1 0.000479816 0.000206508 -0.000481392 0.999986 0.0051649 -0.000204493 -0.00516509 0.999986 0.081963 -0.00376449 0.184979
FixedParameters: 0 0 0

#Transform 149
Transform: AffineTransform_float_3_3
Parameters: 1 0.000649681 0.000225206 -0.000649222 0.999998 0.00157285 -0.000223964 -0.00157314 0.999998 0.061005 0.110766 0.132621
FixedParameters: 0 0 0

#Transform 150
Transform: AffineTransform_float_3_3
Parameters: 1 0.000162 -0.00021166 -0.000160527 0.999996 0.00304904 0.000211661 -0.00304897 0.999996 0.0798661 0.0333888 0.170115
FixedParameters: 0 0 0

#Transform 151
Transform: AffineTransform_float_3_3
Parameters: 1 0.000268278 -0.000323004 -0.000267605 0.999996 0.00256009 0.000324194 -0.00255991 0.999996 0.0820435 0.0973505 0.143525
FixedParameters: 0 0 0
