#Insight Transform File V1.0
#Transform 0
Transform: AffineTransform_float_3_3
Parameters: 0.99999 -0.00115089 -0.00435279 0.0011798 0.999976 0.00671776 0.00434482 -0.00672323 0.999968 0.06078 -0.226552 -0.31309
FixedParameters: 0 0 0

#Transform 1
Transform: AffineTransform_float_3_3
Parameters: 0.999996 0.00113989 0.00249705 -0.00115301 0.999986 0.00526589 -0.00249036 -0.00526912 0.999983 -0.229599 0.020663 0.158744
FixedParameters: 0 0 0

#Transform 2
Transform: AffineTransform_float_3_3
Parameters: 0.999995 0.00135345 0.00309281 -0.00135784 0.999998 0.00131401 -0.00309123 -0.00131798 0.999994 0.0283279 0.0963779 0.444908
FixedParameters: 0 0 0

#Transform 3
Transform: AffineTransform_float_3_3
Parameters: 0.999998 0.00140413 0.00183773 -0.00140383 0.999999 -8.2557e-05 -0.00183796 8.04426e-05 0.999999 0.0659011 0.126705 0.444097
FixedParameters: 0 0 0

#Transform 4
Transform: AffineTransform_float_3_3
Parameters: 0.999999 0.00139395 0.00104906 -0.00139446 0.999999 0.000379732 -0.00104896 -0.000381268 0.999999 0.0718209 0.151212 0.326467
FixedParameters: 0 0 0

#Transform 5
Transform: AffineTransform_float_3_3
Parameters: 0.999997 0.00233348 0.000304162 -0.00233423 0.999996 0.00110394 -0.000302168 -0.00110506 1 0.118091 0.146321 0.346174
FixedParameters: 0 0 0

#Transform 6
Transform: AffineTransform_float_3_3
Parameters: 0.999998 0.00144479 0.000870631 -0.00144628 0.999997 0.00190994 -0.000867685 -0.00191106 0.999998 0.0941906 0.0983491 0.286943
FixedParameters: 0 0 0

#Transform 7
Transform: AffineTransform_float_3_3
Parameters: 1 3.22625e-05 0.000653386 -3.3348e-05 0.999999 0.00178589 -0.000653933 -0.00178511 0.999999 0.0685169 0.0752995 0.234689
FixedParameters: 0 0 0

#Transform 8
Transform: AffineTransform_float_3_3
Parameters: 1 -5.93262e-05 0.000642906 5.87603e-05 1 0.00118404 -0.000642754 -0.00118396 0.999999 0.0652468 0.103889 0.215925
FixedParameters: 0 0 0

#Transform 9
Transform: AffineTransform_float_3_3
Parameters: 1 -2.87979e-05 0.000542516 2.81758e-05 0.999999 0.00172302 -0.000543278 -0.00172299 0.999999 0.068086 0.0789851 0.227741
FixedParameters: 0 0 0

#Transform 10
Transform: AffineTransform_float_3_3
Parameters: 1 -8.10244e-05 0.000702212 7.96424e-05 0.999998 0.00166478 -0.000702187 -0.00166522 0.999999 0.063304 0.109631 0.258329
FixedParameters: 0 0 0

#Transform 11
Transform: AffineTransform_float_3_3
Parameters: 0.999999 -0.000199449 0.000699267 0.000198922 0.999999 0.00174506 -0.000699377 -0.00174395 0.999999 0.0589199 0.162009 0.286067
FixedParameters: 0 0 0

#Transform 12
Transform: AffineTransform_float_3_3
Parameters: 0.999997 -0.000564047 0.00213883 0.00055718 0.999995 0.00316964 -0.00214034 -0.00316836 0.999992 -0.00660337 0.0306035 0.323547
FixedParameters: 0 0 0

#Transform 13
Transform: AffineTransform_float_3_3
Parameters: 0.999998 -0.00124065 0.000984495 0.00123906 0.999997 0.00196803 -0.000986584 -0.00196697 0.999998 -0.0103582 0.0734973 0.233055
FixedParameters: 0 0 0

#Transform 14
Transform: AffineTransform_float_3_3
Parameters: 0.999999 8.72693e-05 0.000898541 -8.92615e-05 0.999997 0.00217364 -0.000897573 -0.00217436 0.999997 0.0880624 0.0689361 0.332198
FixedParameters: 0 0 0

#Transform 15
Transform: AffineTransform_float_3_3
Parameters: 0.999999 -0.000390538 0.000624616 0.00038894 0.999996 0.00257496 -0.000625082 -0.00257504 0.999997 0.0849004 0.0797905 0.300146
FixedParameters: 0 0 0

#Transform 16
Transform: AffineTransform_float_3_3
Parameters: 0.999999 -0.000667474 -0.000234758 0.000668061 0.999998 0.00187984 0.000233203 -0.00188016 0.999998 0.0398594 0.0542151 0.194482
FixedParameters: 0 0 0

#Transform 17
Transform: AffineTransform_float_3_3
Parameters: 0.999999 -0.0013679 -0.000264362 0.00136818 0.999995 0.00276992 0.000260608 -0.00277008 0.999996 -0.00571985 0.0455412 0.0883237
FixedParameters: 0 0 0

#Transform 18
Transform: AffineTransform_float_3_3
Parameters: 0.999998 -0.00211275 3.64975e-05 0.0021127 0.999995 0.00265473 -4.13914e-05 -0.00265428 0.999997 -0.0882491 0.0066325 0.0542528
FixedParameters: 0 0 0

#Transform 19
Transform: AffineTransform_float_3_3
Parameters: 0.999998 -0.00171128 0.000847915 0.00170837 0.999995 0.00271563 -0.000852497 -0.00271438 0.999996 -0.111039 -0.0105112 -0.0701438
FixedParameters: 0 0 0

#Transform 20
Transform: AffineTransform_float_3_3
Parameters: 0.999999 -0.00157186 -7.88109e-05 0.00157212 0.999994 0.00311825 7.3124e-05 -0.00311875 0.999995 -0.0687082 -0.046949 -0.0989076
FixedParameters: 0 0 0

#Transform 21
Transform: AffineTransform_float_3_3
Parameters: 0.999998 -0.00175218 0.000980923 0.00174905 0.999995 0.00260489 -0.000986294 -0.0026031 0.999996 -0.0783188 -0.0467081 -0.0612726
FixedParameters: 0 0 0

#Transform 22
Transform: AffineTransform_float_3_3
Parameters: 0.999998 -0.00195571 0.000559595 0.0019538 0.999995 0.00235455 -0.000564388 -0.00235345 0.999997 -0.0698628 -0.0126054 0.0156407
FixedParameters: 0 0 0

#Transform 23
Transform: AffineTransform_float_3_3
Parameters: 0.999999 -0.00154657 0.000315271 0.00154514 0.999996 0.00237586 -0.000319454 -0.00237514 0.999997 -0.070808 -0.0195128 0.0120968
FixedParameters: 0 0 0

#Transform 24
Transform: AffineTransform_float_3_3
Parameters: 0.999999 -0.00145609 -0.00101639 0.00145806 0.999996 0.00249 0.00101237 -0.002491 0.999996 -0.0533524 -0.071458 -0.00790443
FixedParameters: 0 0 0

#Transform 25
Transform: AffineTransform_float_3_3
Parameters: 0.999999 -0.00173597 8.08756e-05 0.00173535 0.999995 0.00248342 -8.53773e-05 -0.00248257 0.999997 -0.0786984 -0.0302945 0.00498381
FixedParameters: 0 0 0

#Transform 26
Transform: AffineTransform_float_3_3
Parameters: 0.999999 -0.00137722 -0.000234483 0.00137757 0.999993 0.00327596 0.000229284 -0.00327604 0.999994 -0.0645073 0.0831182 0.168014
FixedParameters: 0 0 0

#Transform 27
Transform: AffineTransform_float_3_3
Parameters: 0.99987 0.0134689 -0.00893823 -0.0103036 0.957082 0.289636 0.0124548 -0.289505 0.957095 0.909372 -3.56782 -5.32633
FixedParameters: 0 0 0

#Transform 28
Transform: AffineTransform_float_3_3
Parameters: 0.999722 0.0179447 -0.0153058 -0.0139418 0.973048 0.23018 0.0190239 -0.229902 0.973028 1.12105 -2.70972 -5.23473
FixedParameters: 0 0 0

#Transform 29
Transform: AffineTransform_float_3_3
Parameters: 0.999926 0.00679809 -0.0100189 -0.00566661 0.99403 0.108962 0.0106989 -0.108897 0.993996 0.518805 -0.831784 -1.84818
FixedParameters: 0 0 0

#Transform 30
Transform: AffineTransform_float_3_3
Parameters: 0.999964 0.00522033 -0.00670928 -0.00456778 0.995567 0.0939398 0.00717032 -0.0939062 0.995555 0.46907 -0.333918 -1.01685
FixedParameters: 0 0 0

#Transform 31
Transform: AffineTransform_float_3_3
Parameters: 0.999987 0.004 -0.00319761 -0.00368795 0.995731 0.0922326 0.00355346 -0.0922194 0.995732 0.391273 -0.203412 -0.908306
FixedParameters: 0 0 0

#Transform 32
Transform: AffineTransform_float_3_3
Parameters: 0.999984 0.00419632 -0.00362259 -0.00382806 0.995341 0.0963452 0.00400968 -0.0963298 0.995341 0.421337 -0.31739 -0.953755
FixedParameters: 0 0 0

#Transform 33
Transform: AffineTransform_float_3_3
Parameters: 0.999989 0.00403107 -0.0021151 -0.00382016 0.995798 0.0914886 0.00247476 -0.0914794 0.995804 0.397745 -0.257186 -0.915687
FixedParameters: 0 0 0

#Transform 34
Transform: AffineTransform_float_3_3
Parameters: 0.999981 0.00574865 0.00188108 -0.00586612 0.997561 0.0695583 -0.00147678 -0.0695678 0.997577 0.379544 -0.185662 -1.03955
FixedParameters: 0 0 0

#Transform 35
Transform: AffineTransform_float_3_3
Parameters: 0.999986 0.00503192 0.00158584 -0.00512966 0.99755 0.0697668 -0.00123053 -0.0697742 0.997562 0.346774 -0.142784 -1.04265
FixedParameters: 0 0 0

#Transform 36
Transform: AffineTransform_float_3_3
Parameters: 0.999987 0.00490166 0.00130864 -0.00497924 0.997675 0.0679692 -0.000972214 -0.0679749 0.997687 0.33239 -0.108155 -1.1206
FixedParameters: 0 0 0

#Transform 37
Transform: AffineTransform_float_3_3
Parameters: 0.999997 0.00201528 -0.000814488 -0.00191784 0.994397 0.105684 0.00102276 -0.105682 0.994399 0.519071 -1.37067 -1.65761
FixedParameters: 0 0 0

#Transform 38
Transform: AffineTransform_float_3_3
Parameters: 0.99964 0.0210137 0.0166762 -0.0254341 0.940086 0.339988 -0.00853261 -0.34029 0.940282 1.14575 -5.18338 -8.62937
FixedParameters: 0 0 0

#Transform 39
Transform: AffineTransform_float_3_3
Parameters: 0.999638 0.0248691 0.0102852 -0.0268774 0.941802 0.335092 -0.00135323 -0.335246 0.942129 1.26609 -5.48094 -9.06502
FixedParameters: 0 0 0

#Transform 40
Transform: AffineTransform_float_3_3
Parameters: 0.999579 0.0238672 0.0165376 -0.0280076 0.942798 0.332186 -0.00766316 -0.332509 0.943069 1.16838 -5.23173 -8.84449
FixedParameters: 0 0 0

#Transform 41
Transform: AffineTransform_float_3_3
Parameters: 0.999559 0.0246447 0.0165613 -0.0287101 0.944463 0.327362 -0.00757439 -0.327692 0.944754 1.16273 -5.0171 -8.60731
FixedParameters: 0 0 0

#Transform 42
Transform: AffineTransform_float_3_3
Parameters: 0.999576 0.0253296 0.0143595 -0.0285995 0.946644 0.321011 -0.00546169 -0.321285 0.946967 1.21826 -4.79771 -8.41217
FixedParameters: 0 0 0

#Transform 43
Transform: AffineTransform_float_3_3
Parameters: 0.999591 0.0248942 0.0140842 -0.0280895 0.947199 0.319414 -0.00538936 -0.319679 0.947511 1.19201 -4.69605 -8.37127
FixedParameters: 0 0 0

#Transform 44
Transform: AffineTransform_float_3_3
Parameters: 0.999642 0.0228692 0.0138954 -0.0260118 0.952349 0.3039 -0.00628311 -0.304153 0.952602 1.13344 -4.33024 -7.64931
FixedParameters: 0 0 0

#Transform 45
Transform: AffineTransform_float_3_3
Parameters: 0.999754 0.0183995 0.0123829 -0.0211125 0.960551 0.277301 -0.00679248 -0.277494 0.960704 1.03267 -3.64074 -6.66057
FixedParameters: 0 0 0

#Transform 46
Transform: AffineTransform_float_3_3
Parameters: 0.999926 0.00886051 -0.00832341 -0.00679668 0.975138 0.221492 0.0100796 -0.22142 0.975127 0.820305 -2.56502 -4.59687
FixedParameters: 0 0 0

#Transform 47
Transform: AffineTransform_float_3_3
Parameters: 0.999808 0.00828817 -0.0177618 -0.00413444 0.97499 0.222208 0.0191593 -0.222092 0.974838 0.884173 -2.28781 -4.69899
FixedParameters: 0 0 0

#Transform 48
Transform: AffineTransform_float_3_3
Parameters: 0.999973 0.00307991 -0.00677639 -0.00163 0.978887 0.204394 0.00726303 -0.204377 0.978865 0.563336 -1.97571 -3.91312
FixedParameters: 0 0 0

#Transform 49
Transform: AffineTransform_float_3_3
Parameters: 0.999995 0.00290539 -0.000503921 -0.0027467 0.979943 0.199262 0.00107332 -0.19926 0.979946 0.554079 -1.89407 -3.6211
FixedParameters: 0 0 0

#Transform 50
Transform: AffineTransform_float_3_3
Parameters: 0.999983 0.00527578 -0.00269611 -0.00466503 0.981641 0.190685 0.00365269 -0.190668 0.981647 0.560437 -1.72521 -3.59019
FixedParameters: 0 0 0

#Transform 51
Transform: AffineTransform_float_3_3
Parameters: 0.999991 0.00320313 -0.00252381 -0.00269718 0.983653 0.180052 0.00305909 -0.180044 0.983654 0.58407 -1.56439 -3.27296
FixedParameters: 0 0 0

#Transform 52
Transform: AffineTransform_float_3_3
Parameters: 0.9999 -0.00517198 0.0131272 0.00303214 0.987417 0.158108 -0.0137799 -0.158053 0.987334 0.220857 -1.14687 -2.81091
FixedParameters: 0 0 0

#Transform 53
Transform: AffineTransform_float_3_3
Parameters: 0.999591 -0.0024025 0.0285137 0.00162427 0.999626 0.0272803 -0.0285686 -0.0272227 0.999221 0.699488 0.100818 -0.550247
FixedParameters: 0 0 0

#Transform 54
Transform: AffineTransform_float_3_3
Parameters: 0.999352 0.00958743 0.0347129 -0.00987246 0.999919 0.00802957 -0.0346328 -0.00836641 0.999365 0.933097 0.527119 0.251411
FixedParameters: 0 0 0

#Transform 55
Transform: AffineTransform_float_3_3
Parameters: 0.99942 0.00520306 0.033658 -0.00552373 0.99994 0.00944258 -0.0336062 -0.00962342 0.999389 0.81626 0.46865 0.0683837
FixedParameters: 0 0 0

#Transform 56
Transform: AffineTransform_float_3_3
Parameters: 0.999312 0.0013774 0.0370431 -0.0016379 0.999974 0.00701431 -0.0370319 -0.0070707 0.999289 0.647059 0.543478 0.174944
FixedParameters: 0 0 0

#Transform 57
Transform: AffineTransform_float_3_3
Parameters: 0.999339 0.000625171 0.0363678 -0.000929848 0.999964 0.00838437 -0.0363614 -0.00841265 0.999303 0.615247 0.507313 0.198796
FixedParameters: 0 0 0

#Transform 58
Transform: AffineTransform_float_3_3
Parameters: 0.999482 -0.000596148 0.0321977 -0.000246303 0.999659 0.0261402 -0.0322026 -0.0261348 0.99914 0.627956 0.3509 0.314391
FixedParameters: 0 0 0

#Transform 59
Transform: AffineTransform_float_3_3
Parameters: 0.999509 0.000548928 0.0313456 -0.0018049 0.999196 0.0400331 -0.0312984 -0.0400699 0.998706 0.622609 0.228866 0.226859
FixedParameters: 0 0 0

#Transform 60
Transform: AffineTransform_float_3_3
Parameters: 0.999485 0.000760376 0.032062 -0.00202234 0.999223 0.0393519 -0.0320077 -0.0393962 0.998711 0.598937 0.24682 0.235038
FixedParameters: 0 0 0

#Transform 61
Transform: AffineTransform_float_3_3
Parameters: 0.999655 0.00155976 0.0262429 -0.00249045 0.999367 0.0354698 -0.0261711 -0.0355232 0.999026 0.638338 0.364333 0.306825
FixedParameters: 0 0 0

#Transform 62
Transform: AffineTransform_float_3_3
Parameters: 0.9996 0.00162695 0.0282315 -0.00248855 0.999531 0.0305011 -0.0281688 -0.0305589 0.999136 0.644523 0.376215 0.551232
FixedParameters: 0 0 0

#Transform 63
Transform: AffineTransform_float_3_3
Parameters: 0.999569 0.000843759 0.0293218 -0.00172536 0.999547 0.0300428 -0.0292836 -0.0300802 0.999118 0.604219 0.420272 0.548216
FixedParameters: 0 0 0

#Transform 64
Transform: AffineTransform_float_3_3
Parameters: 0.99954 0.000448926 0.0303467 -0.00129683 0.999609 0.027914 -0.0303223 -0.027941 0.99915 0.562374 0.467218 0.500753
FixedParameters: 0 0 0

#Transform 65
Transform: AffineTransform_float_3_3
Parameters: 0.99952 0.00220524 0.0308989 -0.00289697 0.999746 0.0223434 -0.0308412 -0.0224226 0.999273 0.612626 0.506019 0.744997
FixedParameters: 0 0 0

#Transform 66
Transform: AffineTransform_float_3_3
Parameters: 0.999517 0.00207406 0.0309876 -0.00289703 0.999644 0.0265427 -0.0309216 -0.0266193 0.999167 0.570956 0.544149 0.542007
FixedParameters: 0 0 0

#Transform 67
Transform: AffineTransform_float_3_3
Parameters: 0.999571 0.00124796 0.0292396 -0.00216348 0.999508 0.0313034 -0.0291863 -0.0313527 0.999083 0.598965 0.445681 0.620762
FixedParameters: 0 0 0

#Transform 68
Transform: AffineTransform_float_3_3
Parameters: 0.99971 0.00297117 0.0239056 -0.00355008 0.9997 0.0242214 -0.0238263 -0.0242996 0.999421 0.574646 0.467401 0.505242
FixedParameters: 0 0 0

#Transform 69
Transform: AffineTransform_float_3_3
Parameters: 0.999593 0.00116341 0.0284841 -0.00180042 0.999748 0.0223575 -0.0284508 -0.0223995 0.999344 0.596844 0.509094 0.273869
FixedParameters: 0 0 0

#Transform 70
Transform: AffineTransform_float_3_3
Parameters: 0.999616 0.00157287 0.0276573 -0.00231451 0.999638 0.0268006 -0.0276045 -0.0268544 0.999258 0.604055 0.485714 0.310556
FixedParameters: 0 0 0

#Transform 71
Transform: AffineTransform_float_3_3
Parameters: 0.99965 0.0016643 0.0264074 -0.00239111 0.999619 0.0274843 -0.0263522 -0.0275377 0.999273 0.636544 0.501086 0.25832
FixedParameters: 0 0 0

#Transform 72
Transform: AffineTransform_float_3_3
Parameters: 0.999632 0.00186115 0.0270632 -0.00266021 0.999562 0.0294938 -0.0269974 -0.0295542 0.999198 0.622443 0.432703 0.315939
FixedParameters: 0 0 0

#Transform 73
Transform: AffineTransform_float_3_3
Parameters: 0.999637 0.00110941 0.0268953 -0.00190814 0.999557 0.0296982 -0.0268509 -0.0297388 0.999197 0.593104 0.438043 0.287661
FixedParameters: 0 0 0

#Transform 74
Transform: AffineTransform_float_3_3
Parameters: 0.99965 0.00113202 0.0264347 -0.00189095 0.999587 0.0286992 -0.0263909 -0.0287388 0.999239 0.582933 0.447592 0.205079
FixedParameters: 0 0 0

#Transform 75
Transform: AffineTransform_float_3_3
Parameters: 0.999546 -0.000834514 0.0301379 8.57368e-05 0.999692 0.0248157 -0.0301497 -0.0248013 0.999237 0.508613 0.41639 0.283615
FixedParameters: 0 0 0

#Transform 76
Transform: AffineTransform_float_3_3
Parameters: 0.99948 -0.00166591 0.0322212 0.000778651 0.999621 0.0275087 -0.0322549 -0.0274693 0.999103 0.439848 0.416295 -0.110901
FixedParameters: 0 0 0

#Transform 77
Transform: AffineTransform_float_3_3
Parameters: 0.999613 0.00393282 0.0275407 -0.00443113 0.999827 0.0180482 -0.0274649 -0.0181638 0.999458 0.658182 0.391787 0.207818
FixedParameters: 0 0 0

#Transform 78
Transform: AffineTransform_float_3_3
Parameters: 0.999662 0.00490318 0.0255332 -0.00523448 0.999903 0.0129093 -0.0254669 -0.0130387 0.999591 0.741502 0.540391 0.813522
FixedParameters: 0 0 0

#Transform 79
Transform: AffineTransform_float_3_3
Parameters: 0.999452 0.00140967 0.033074 -0.00344797 0.998092 0.0616462 -0.0329237 -0.0617258 0.99755 0.440067 0.261749 -0.556026
FixedParameters: 0 0 0

#Transform 80
Transform: AffineTransform_float_3_3
Parameters: 0.999282 0.000371181 0.0378807 -0.000968112 0.999876 0.0157423 -0.0378695 -0.0157667 0.999158 0.498833 0.79779 0.563149
FixedParameters: 0 0 0

#Transform 81
Transform: AffineTransform_float_3_3
Parameters: 0.999257 -0.000995663 0.0385269 0.000218434 0.999797 0.0201477 -0.0385392 -0.0201243 0.999055 0.529852 0.55148 0.804217
FixedParameters: 0 0 0

#Transform 82
Transform: AffineTransform_float_3_3
Parameters: 0.999322 -0.000787859 0.0367922 -4.60713e-05 0.999743 0.0226439 -0.0368001 -0.0226311 0.999067 0.486466 0.610955 0.757993
FixedParameters: 0 0 0

#Transform 83
Transform: AffineTransform_float_3_3
Parameters: 0.999257 0.00055981 0.0385388 -0.00101745 0.999929 0.0118587 -0.0385296 -0.0118883 0.999187 0.657252 0.803586 0.0110374
FixedParameters: 0 0 0

#Transform 84
Transform: AffineTransform_float_3_3
Parameters: 0.997359 0.0024963 0.0725957 0.00317504 0.996956 -0.0779011 -0.0725691 0.077925 0.994315 0.844322 -0.150363 0.970828
FixedParameters: 0 0 0

#Transform 85
Transform: AffineTransform_float_3_3
Parameters: 0.998774 0.0185413 0.0459005 -0.0176528 0.99965 -0.0197022 -0.0462499 0.0188678 0.998751 0.841164 0.200034 0.363305
FixedParameters: 0 0 0

#Transform 86
Transform: AffineTransform_float_3_3
Parameters: 0.999088 0.0065523 0.0421798 -0.00631358 0.999963 -0.00578055 -0.0422165 0.00550943 0.999093 0.29043 0.338165 0.555843
FixedParameters: 0 0 0

#Transform 87
Transform: AffineTransform_float_3_3
Parameters: 0.999195 0.0199961 0.0347977 -0.0199973 0.9998 -0.000313032 -0.0347969 -0.000383033 0.999394 0.353005 0.269676 0.376234
FixedParameters: 0 0 0

#Transform 88
Transform: AffineTransform_float_3_3
Parameters: 0.99919 0.0166831 0.0366406 -0.0164355 0.99984 -0.00703373 -0.0367517 0.00642626 0.999303 0.600357 0.524444 0.675256
FixedParameters: 0 0 0

#Transform 89
Transform: AffineTransform_float_3_3
Parameters: 0.999303 0.0157659 0.0338193 -0.0154823 0.999843 -0.00861757 -0.0339493 0.00808842 0.99939 0.654558 0.615442 0.554722
FixedParameters: 0 0 0

#Transform 90
Transform: AffineTransform_float_3_3
Parameters: 0.999343 0.015208 0.0328765 -0.0148957 0.999842 -0.00973995 -0.0330197 0.00924407 0.999412 0.672438 0.612826 0.508616
FixedParameters: 0 0 0

#Transform 91
Transform: AffineTransform_float_3_3
Parameters: 0.999236 0.015794 0.0357293 -0.0151796 0.999734 -0.0174014 -0.0359949 0.0168456 0.99921 0.701879 0.722567 0.424374
FixedParameters: 0 0 0

#Transform 92
Transform: AffineTransform_float_3_3
Parameters: 0.9991 0.0158947 0.0393279 -0.0148064 0.999503 -0.0278181 -0.0397511 0.0272108 0.998839 0.932181 0.566746 -0.10784
FixedParameters: 0 0 0

#Transform 93
Transform: AffineTransform_float_3_3
Parameters: 0.998483 -0.0143407 0.0531705 0.022924 0.986107 -0.164522 -0.0500725 0.165491 0.984939 -1.24197 -1.16511 -3.44889
FixedParameters: 0 0 0

#Transform 94
Transform: AffineTransform_float_3_3
Parameters: 0.99834 -0.0146025 0.0557126 0.0210016 0.993019 -0.116067 -0.0536284 0.117045 0.991678 -0.804672 -0.239089 -0.867986
FixedParameters: 0 0 0

#Transform 95
Transform: AffineTransform_float_3_3
Parameters: 0.999315 -0.0055463 0.0365835 0.00723549 0.998906 -0.0462059 -0.0362868 0.0464391 0.998262 0.0432195 0.143872 0.00898388
FixedParameters: 0 0 0

#Transform 96
Transform: AffineTransform_float_3_3
Parameters: 0.999308 -0.00399102 0.0369658 0.00573418 0.99887 -0.0471687 -0.0367355 0.0473482 0.998202 0.0589704 0.324872 0.378733
FixedParameters: 0 0 0

#Transform 97
Transform: AffineTransform_float_3_3
Parameters: 0.999282 -0.00396449 0.0376814 0.00565373 0.998978 -0.0448332 -0.0374654 0.0450138 0.998284 0.0502625 0.38641 0.20418
FixedParameters: 0 0 0

#Transform 98
Transform: AffineTransform_float_3_3
Parameters: 0.999323 -0.00398819 0.036575 0.00570149 0.998884 -0.0468762 -0.0363467 0.0470529 0.998231 0.161205 0.363992 0.398169
FixedParameters: 0 0 0

#Transform 99
Transform: AffineTransform_float_3_3
Parameters: 0.999246 -0.00237115 0.0387504 0.00438071 0.998645 -0.0518573 -0.0385747 0.0519878 0.997903 0.127667 0.30692 0.654267
FixedParameters: 0 0 0

#Transform 100
Transform: AffineTransform_float_3_3
Parameters: 0.999676 0.00100066 0.025431 -0.000411248 0.999731 -0.0231742 -0.0254474 0.0231559 0.999409 0.42012 0.563037 0.523662
FixedParameters: 0 0 0

#Transform 101
Transform: AffineTransform_float_3_3
Parameters: 0.999558 -0.00217345 0.0296454 0.00279424 0.999777 -0.0209137 -0.0295941 0.0209863 0.999342 0.375063 0.585933 0.0712295
FixedParameters: 0 0 0

#Transform 102
Transform: AffineTransform_float_3_3
Parameters: 0.999484 -0.00392753 0.0318751 0.00459317 0.999772 -0.02086 -0.0317857 0.020996 0.999274 0.158894 0.393886 0.000452932
FixedParameters: 0 0 0

#Transform 103
Transform: AffineTransform_float_3_3
Parameters: 0.999483 -0.00267706 0.0320607 0.00351105 0.999657 -0.0259645 -0.0319807 0.0260635 0.999149 0.182985 0.504775 0.497279
FixedParameters: 0 0 0

#Transform 104
Transform: AffineTransform_float_3_3
Parameters: 0.99948 -0.0031487 0.0320967 0.00394378 0.999686 -0.0247361 -0.0320091 0.0248489 0.999179 0.184354 0.537853 0.466638
FixedParameters: 0 0 0

#Transform 105
Transform: AffineTransform_float_3_3
Parameters: 0.999504 -0.00303201 0.0313611 0.00379217 0.9997 -0.0241849 -0.0312791 0.0242921 0.999216 0.174983 0.546491 0.472809
FixedParameters: 0 0 0

#Transform 106
Transform: AffineTransform_float_3_3
Parameters: 0.999525 -0.00235446 0.030715 0.00301439 0.999765 -0.0214745 -0.0306573 0.0215566 0.999298 0.177753 0.514865 0.497318
FixedParameters: 0 0 0

#Transform 107
Transform: AffineTransform_float_3_3
Parameters: 0.999596 -0.00557369 0.0278685 0.00591813 0.999907 -0.0123084 -0.0277971 0.0124676 0.999535 -0.0694798 0.378943 0.294406
FixedParameters: 0 0 0

#Transform 108
Transform: AffineTransform_float_3_3
Parameters: 0.999575 -0.00453697 0.0287884 0.00496211 0.99988 -0.0147115 -0.0287183 0.0148475 0.999478 0.0729218 0.434615 0.381697
FixedParameters: 0 0 0

#Transform 109
Transform: AffineTransform_float_3_3
Parameters: 0.999494 -0.0048586 0.0314513 0.00540667 0.999834 -0.0173567 -0.0313623 0.0175182 0.999354 0.0232188 0.430465 0.415241
FixedParameters: 0 0 0

#Transform 110
Transform: AffineTransform_float_3_3
Parameters: 0.99949 -0.00414777 0.0316598 0.0046699 0.999854 -0.0164418 -0.0315871 0.0165813 0.999364 0.0548925 0.44726 0.393607
FixedParameters: 0 0 0

#Transform 111
Transform: AffineTransform_float_3_3
Parameters: 0.999494 -0.00214933 0.0317368 0.00268142 0.999857 -0.0167227 -0.0316959 0.0168003 0.999356 0.131485 0.52007 0.313903
FixedParameters: 0 0 0

#Transform 112
Transform: AffineTransform_float_3_3
Parameters: 0.999509 -0.00321512 0.0311691 0.00364848 0.999898 -0.0138503 -0.0311213 0.0139577 0.999419 0.0758869 0.407201 0.272958
FixedParameters: 0 0 0

#Transform 113
Transform: AffineTransform_float_3_3
Parameters: 0.999516 -0.0030936 0.0309737 0.00354289 0.999889 -0.0144794 -0.0309261 0.0145816 0.999415 0.10308 0.461408 0.309002
FixedParameters: 0 0 0

#Transform 114
Transform: AffineTransform_float_3_3
Parameters: 0.999368 -0.00429677 0.035266 0.00509096 0.999736 -0.0224419 -0.0351599 0.0226071 0.999126 0.0443197 0.566634 0.772641
FixedParameters: 0 0 0

#Transform 115
Transform: AffineTransform_float_3_3
Parameters: 0.999416 -0.00471453 0.0338406 0.00527569 0.999849 -0.0165289 -0.0337576 0.0166981 0.999291 0.080817 0.485613 0.358233
FixedParameters: 0 0 0

#Transform 116
Transform: AffineTransform_float_3_3
Parameters: 0.999574 -0.00141978 0.0291459 0.00187135 0.999878 -0.0154805 -0.0291212 0.0155275 0.999455 0.238484 0.588853 0.21055
FixedParameters: 0 0 0

#Transform 117
Transform: AffineTransform_float_3_3
Parameters: 0.999426 -0.00250018 0.0337715 0.00305356 0.999861 -0.0163546 -0.0337254 0.0164483 0.999296 0.155976 0.563236 0.388034
FixedParameters: 0 0 0

#Transform 118
Transform: AffineTransform_float_3_3
Parameters: 0.99945 -0.00411288 0.0328874 0.00469951 0.999831 -0.0177837 -0.032808 0.0179283 0.9993 0.16198 0.529509 0.402603
FixedParameters: 0 0 0

#Transform 119
Transform: AffineTransform_float_3_3
Parameters: 0.999469 -0.00283093 0.0324804 0.00338545 0.999849 -0.0170357 -0.0324266 0.0171373 0.999327 0.174804 0.498244 0.46581
FixedParameters: 0 0 0

#Transform 120
Transform: AffineTransform_float_3_3
Parameters: 0.999514 -0.00231323 0.0310635 0.00286646 0.999838 -0.017786 -0.0310171 0.017866 0.999359 0.222609 0.560888 0.501884
FixedParameters: 0 0 0

#Transform 121
Transform: AffineTransform_float_3_3
Parameters: 0.999671 -0.000381065 0.0256213 0.00121126 0.999475 -0.0323859 -0.0255954 0.0324061 0.999147 0.263677 0.659339 0.424803
FixedParameters: 0 0 0

#Transform 122
Transform: AffineTransform_float_3_3
Parameters: 0.998715 -0.00303555 0.0505902 0.00847559 0.994151 -0.107672 -0.0499677 0.107963 0.992899 0.492159 0.0532601 1.13659
FixedParameters: 0 0 0

#Transform 123
Transform: AffineTransform_float_3_3
Parameters: 0.999178 -0.00114705 0.0405068 0.000934801 0.999986 0.00526437 -0.0405123 -0.00522164 0.999165 0.199928 -0.125343 0.563847
FixedParameters: 0 0 0

#Transform 124
Transform: AffineTransform_float_3_3
Parameters: 0.999737 0.0176735 0.0146635 -0.0208652 0.965785 0.258504 -0.00959322 -0.258741 0.965899 1.1041 -3.78617 -6.16963
FixedParameters: 0 0 0

#Transform 125
Transform: AffineTransform_float_3_3
Parameters: 0.999729 0.016138 0.0167907 -0.0197911 0.968754 0.247234 -0.0122761 -0.247499 0.96881 0.975495 -3.76842 -5.89438
FixedParameters: 0 0 0

#Transform 126
Transform: AffineTransform_float_3_3
Parameters: 0.999808 0.00709522 0.0182292 -0.00773791 0.999342 0.0354361 -0.0179648 -0.0355709 0.999205 0.582515 -0.0442667 -0.712656
FixedParameters: 0 0 0

#Transform 127
Transform: AffineTransform_float_3_3
Parameters: 0.999756 0.00297503 0.0219155 -0.00411368 0.998633 0.0521013 -0.0217307 -0.0521786 0.998401 0.409863 0.220059 -0.0709853
FixedParameters: 0 0 0

#Transform 128
Transform: AffineTransform_float_3_3
Parameters: 0.999868 0.000566076 0.0162808 -0.00221587 0.994834 0.101488 -0.0161395 -0.10151 0.994704 0.300888 -0.481424 -1.34395
FixedParameters: 0 0 0

#Transform 129
Transform: AffineTransform_float_3_3
Parameters: 0.99971 0.00165938 0.0240515 -0.00372444 0.99628 0.0860989 -0.0238199 -0.0861631 0.995996 0.29439 -1.03531 -1.14553
FixedParameters: 0 0 0

#Transform 130
Transform: AffineTransform_float_3_3
Parameters: 0.999788 0.0021823 0.020477 -0.00385066 0.996644 0.081763 -0.02023 -0.081825 0.996441 0.400344 -1.20593 -0.671528
FixedParameters: 0 0 0

#Transform 131
Transform: AffineTransform_float_3_3
Parameters: 0.999867 -0.000973806 0.0162918 0.000129055 0.998661 0.0517321 -0.01632 -0.0517229 0.998528 0.296985 -0.154157 0.21669
FixedParameters: 0 0 0

#Transform 132
Transform: AffineTransform_float_3_3
Parameters: 0.999819 -0.000750673 0.0189778 -9.34891e-05 0.999011 0.0444542 -0.0189924 -0.0444477 0.998831 0.280582 0.196025 0.504406
FixedParameters: 0 0 0

#Transform 133
Transform: AffineTransform_float_3_3
Parameters: 0.999785 -0.000403783 0.0207271 -0.000391114 0.999264 0.0383491 -0.0207269 -0.0383489 0.999049 0.273751 0.352526 0.571654
FixedParameters: 0 0 0

#Transform 134
Transform: AffineTransform_float_3_3
Parameters: 0.999805 4.43408e-05 0.0197165 -0.000771457 0.99932 0.0368492 -0.0197017 -0.0368578 0.999126 0.294202 0.338211 0.523054
FixedParameters: 0 0 0

#Transform 135
Transform: AffineTransform_float_3_3
Parameters: 0.99997 -0.00276375 0.00723751 0.00244363 0.999033 0.0438971 -0.00735145 -0.0438769 0.99901 0.204489 0.379765 0.0332964
FixedParameters: 0 0 0

#Transform 136
Transform: AffineTransform_float_3_3
Parameters: 0.99994 0.00262774 0.0106209 -0.00306769 0.999126 0.0416768 -0.0105026 -0.0417073 0.999075 0.287154 0.177272 0.740482
FixedParameters: 0 0 0

#Transform 137
Transform: AffineTransform_float_3_3
Parameters: 0.999938 0.00516837 0.00986775 -0.00548501 0.999463 0.0323101 -0.00969525 -0.0323619 0.999429 0.494204 0.456704 0.728496
FixedParameters: 0 0 0

#Transform 138
Transform: AffineTransform_float_3_3
Parameters: 0.999868 0.00346635 0.0159115 -0.00393645 0.999553 0.029622 -0.0158011 -0.029681 0.999435 0.392505 0.504245 0.83496
FixedParameters: 0 0 0

#Transform 139
Transform: AffineTransform_float_3_3
Parameters: 0.999904 0.0112077 0.00815765 -0.0112181 0.999937 0.00125281 -0.00814303 -0.00134419 0.999966 0.561494 0.880955 0.480104
FixedParameters: 0 0 0

#Transform 140
Transform: AffineTransform_float_3_3
Parameters: 0.998177 0.0374394 0.047326 -0.0270556 0.978683 -0.203589 -0.0539388 0.201937 0.977912 1.33154 0.21748 1.31338
FixedParameters: 0 0 0

#Transform 141
Transform: AffineTransform_float_3_3
Parameters: 0.997974 0.0358257 0.0525809 -0.0222674 0.970809 -0.238819 -0.0596011 0.237165 0.96964 1.19906 -0.129696 -0.750865
FixedParameters: 0 0 0

#Transform 142
Transform: AffineTransform_float_3_3
Parameters: 0.99672 0.0236187 0.0774021 -0.00433837 0.97068 -0.240335 -0.080809 0.23921 0.967599 0.737231 -0.424593 -1.69343
FixedParameters: 0 0 0

#Transform 143
Transform: AffineTransform_float_3_3
Parameters: 0.998152 0.00692613 0.0603586 2.57736e-05 0.993432 -0.114422 -0.0607541 0.114212 0.991597 0.6793 0.147008 1.478
FixedParameters: 0 0 0

#Transform 144
Transform: AffineTransform_float_3_3
Parameters: 0.997572 0.0107357 0.0688089 -0.000281564 0.98866 -0.150172 -0.0696402 0.149789 0.986262 0.742558 0.187582 1.22831
FixedParameters: 0 0 0

#Transform 145
Transform: AffineTransform_float_3_3
Parameters: 0.999107 0.0108541 0.0408185 -0.00573316 0.992322 -0.123548 -0.0418453 0.123204 0.991499 0.0439523 0.0105909 -3.88682
FixedParameters: 0 0 0

#Transform 146
Transform: AffineTransform_float_3_3
Parameters: 0.998717 0.0310796 0.0399985 -0.0211018 0.973141 -0.229241 -0.0460487 0.228103 0.972547 -0.613214 -1.40865 -2.64101
FixedParameters: 0 0 0

#Transform 147
Transform: AffineTransform_float_3_3
Parameters: 0.999338 0.0287419 0.0223341 -0.0243141 0.983726 -0.178021 -0.0270873 0.177361 0.983773 -0.969285 -1.22837 -2.33277
FixedParameters: 0 0 0

#Transform 148
Transform: AffineTransform_float_3_3
Parameters: 0.999432 0.012243 0.0313751 -0.00610634 0.982018 -0.188685 -0.033121 0.188387 0.981536 -0.988884 -1.41127 -2.0843
FixedParameters: 0 0 0

#Transform 149
Transform: AffineTransform_float_3_3
Parameters: 0.999168 -0.00377553 0.0406249 0.00758077 0.995551 -0.0939167 -0.0400901 0.0941472 0.994751 0.162971 0.262542 -0.254491
FixedParameters: 0 0 0

#Transform 150
Transform: AffineTransform_float_3_3
Parameters: 0.999022 0.0015698 0.0441828 0.00255134 0.995657 -0.0930586 -0.0441371 0.0930804 0.99468 0.265659 0.657664 0.215614
FixedParameters: 0 0 0

#Transform 151
Transform: AffineTransform_float_3_3
Parameters: 0.997972 0.00670188 0.0632995 -0.00196819 0.997215 -0.0745578 -0.0636225 0.0742821 0.995205 1.03308 1.45777 -0.833213
FixedParameters: 0 0 0
