# transform file /out/sourcedata/freesurfer/sub-v2s3x28806_ses-1/mri/transforms/cc_up.lta
# created by oesteban on Fri Mar 13 02:46:52 2026

type      = 0 # LINEAR_VOX_TO_VOX
nxforms   = 1
mean      = 126.0000 117.0000 114.0000
sigma     = 10000.0000
1 4 4
9.988928437232971e-01 -3.430504584684968e-03 4.691797122359276e-02 -2.859241008758545e+00 
3.426726674661040e-03 9.999940991401672e-01 1.609532628208399e-04 2.555048370361328e+01 
-4.691824689507484e-02 0.000000000000000e+00 9.988986849784851e-01 2.003725051879883e+01 
0.000000000000000e+00 0.000000000000000e+00 0.000000000000000e+00 1.000000000000000e+00 
src volume info
valid = 1  # volume info valid
filename = /out/sourcedata/freesurfer/sub-v2s3x28806_ses-1/mri/norm.mgz
volume = 256 256 256
voxelsize = 1.000000000000000e+00 1.000000000000000e+00 1.000000000000000e+00
xras   = -1.000000000000000e+00 0.000000000000000e+00 0.000000000000000e+00
yras   = 0.000000000000000e+00 0.000000000000000e+00 -1.000000000000000e+00
zras   = 0.000000000000000e+00 1.000000000000000e+00 0.000000000000000e+00
cras   = -7.872337341308594e+00 3.911601257324219e+01 3.093553161621094e+01
dst volume info
valid = 1  # volume info valid
filename = /out/sourcedata/freesurfer/sub-v2s3x28806_ses-1/mri/norm.mgz
volume = 256 256 256
voxelsize = 1.000000000000000e+00 1.000000000000000e+00 1.000000000000000e+00
xras   = -1.000000000000000e+00 0.000000000000000e+00 0.000000000000000e+00
yras   = 0.000000000000000e+00 0.000000000000000e+00 -1.000000000000000e+00
zras   = 0.000000000000000e+00 1.000000000000000e+00 0.000000000000000e+00
cras   = -7.872337341308594e+00 3.911601257324219e+01 3.093553161621094e+01
