#Insight Transform File V1.0
#Transform 0
Transform: AffineTransform_float_3_3
Parameters: 0.999994 -0.00146899 -0.00320008 0.00148001 0.999993 0.00344128 0.00319592 -0.00344572 0.999989 0.113845 -0.282642 -0.0726528
FixedParameters: 0 0 0

#Transform 1
Transform: AffineTransform_float_3_3
Parameters: 0.999995 -0.00129427 -0.00294374 0.00130473 0.999993 0.00364518 0.00293826 -0.00364882 0.999989 0.111183 -0.289103 -0.0343122
FixedParameters: 0 0 0

#Transform 2
Transform: AffineTransform_float_3_3
Parameters: 0.999997 -0.00121364 -0.00176869 0.00121836 0.999994 0.00303185 0.00176431 -0.00303415 0.999994 0.0775771 -0.253869 0.000251144
FixedParameters: 0 0 0

#Transform 3
Transform: AffineTransform_float_3_3
Parameters: 0.999998 -0.00146443 -0.00120159 0.00146957 0.999991 0.00381224 0.0011954 -0.00381476 0.999992 0.043245 -0.271962 -0.0204158
FixedParameters: 0 0 0

#Transform 4
Transform: AffineTransform_float_3_3
Parameters: 0.999998 -0.00170335 -0.00119976 0.00170564 0.999996 0.00220696 0.00119524 -0.00220904 0.999997 0.0375962 -0.192909 0.00255694
FixedParameters: 0 0 0

#Transform 5
Transform: AffineTransform_float_3_3
Parameters: 0.999998 -0.00170338 -0.00119973 0.00170562 0.999996 0.00218696 0.00119527 -0.00218904 0.999997 0.0375918 -0.191879 0.00730392
FixedParameters: 0 0 0

#Transform 6
Transform: AffineTransform_float_3_3
Parameters: 0.999998 -0.00114792 -0.00119799 0.00115008 0.999998 0.00173562 0.001195 -0.00173637 0.999998 0.0608901 -0.144102 0.00550748
FixedParameters: 0 0 0

#Transform 7
Transform: AffineTransform_float_3_3
Parameters: 0.999999 -0.000581234 -0.00119637 0.000582766 0.999999 0.000640303 0.00119563 -0.000640695 0.999999 0.0497362 -0.0884683 0.0163721
FixedParameters: 0 0 0

#Transform 8
Transform: AffineTransform_float_3_3
Parameters: 0.999999 -0.000580757 -0.0011966 0.000582243 1 0.0010393 0.0011954 -0.0010397 0.999998 0.0367041 -0.0914045 0.01452
FixedParameters: 0 0 0

#Transform 9
Transform: AffineTransform_float_3_3
Parameters: 0.999999 -0.000580826 -0.000683999 0.000582174 0.999999 0.0017176 0.000683001 -0.0017184 0.999999 0.0338734 -0.101087 -0.0129346
FixedParameters: 0 0 0

#Transform 10
Transform: AffineTransform_float_3_3
Parameters: 1 -0.000581342 -0.000656584 0.000582659 1 0.00100362 0.000655416 -0.00100438 1 0.0326221 -0.0794579 -0.0259658
FixedParameters: 0 0 0

#Transform 11
Transform: AffineTransform_float_3_3
Parameters: 1 -0.000981543 0.000548031 0.000980458 0.999999 0.000988538 -0.00054897 -0.000988462 1 -0.0290203 -0.0686948 -0.0158212
FixedParameters: 0 0 0

#Transform 12
Transform: AffineTransform_float_3_3
Parameters: 1 -0.000832236 0.000775746 0.000832763 0.999999 0.000305646 -0.000776254 -0.000304354 0.999999 -0.0343699 -0.0333815 0.0132105
FixedParameters: 0 0 0

#Transform 13
Transform: AffineTransform_float_3_3
Parameters: 1 -0.000996579 0.000531917 0.000995421 0.999999 0.00108753 -0.000533083 -0.00108747 1 -0.0266337 -0.0512248 0.0259028
FixedParameters: 0 0 0

#Transform 14
Transform: AffineTransform_float_3_3
Parameters: 1 -0.0010503 0.000465327 0.0010497 0.999999 0.000641489 -0.000466673 -0.00064051 0.999999 -0.0173323 -0.0269867 0.0175983
FixedParameters: 0 0 0

#Transform 15
Transform: AffineTransform_float_3_3
Parameters: 1 -0.00108419 0.000300305 0.00108381 0.999999 0.000641326 -0.000300695 -0.000640674 0.999999 -0.00976946 -0.0210522 0.0213031
FixedParameters: 0 0 0

#Transform 16
Transform: AffineTransform_float_3_3
Parameters: 0.999999 -0.000905281 0.000363299 0.000904719 1 0.000774329 -0.0003637 -0.000773671 0.999999 -0.0181093 -0.0266474 0.0301873
FixedParameters: 0 0 0

#Transform 17
Transform: AffineTransform_float_3_3
Parameters: 1 -0.00108404 5.52498e-05 0.00108396 0.999999 0.00069206 -5.67501e-05 -0.000691939 1 -0.0138048 -0.00646931 0.0152678
FixedParameters: 0 0 0

#Transform 18
Transform: AffineTransform_float_3_3
Parameters: 0.999999 -0.000930228 0.000227066 0.000929771 0.999999 0.00100421 -0.000227933 -0.00100379 0.999999 -0.0189164 -0.0274948 0.0154345
FixedParameters: 0 0 0

#Transform 19
Transform: AffineTransform_float_3_3
Parameters: 1 -0.000173185 0.000244869 0.000172815 0.999999 0.000754042 -0.00024513 -0.000753957 0.999999 -0.0021131 -0.0212022 -0.0108404
FixedParameters: 0 0 0

#Transform 20
Transform: AffineTransform_float_3_3
Parameters: 1 0.000216281 -0.000361832 -0.000215719 0.999999 0.000777078 0.000362168 -0.000777921 0.999999 0.037305 -0.0199935 -0.0268223
FixedParameters: 0 0 0

#Transform 21
Transform: AffineTransform_float_3_3
Parameters: 1 -0.000332876 -0.000249166 0.000333124 1 0.000499917 0.000248834 -0.000499083 1 0.00953918 -0.0353054 -0.0211786
FixedParameters: 0 0 0

#Transform 22
Transform: AffineTransform_float_3_3
Parameters: 1 0.000201045 0.000515982 -0.000200955 1 -8.71037e-05 -0.000516017 8.68963e-05 1 -0.00917296 -0.0152391 0.0254712
FixedParameters: 0 0 0

#Transform 23
Transform: AffineTransform_float_3_3
Parameters: 1 7.16399e-05 0.000656931 -7.13601e-05 1 -0.000974048 -0.00065707 0.000973954 1 -0.0268679 0.0389598 0.0482659
FixedParameters: 0 0 0

#Transform 24
Transform: AffineTransform_float_3_3
Parameters: 1 0.000240356 0.00024465 -0.000239643 0.999999 -0.00145506 -0.000245349 0.00145494 0.999999 -0.0191148 0.0687466 0.0728738
FixedParameters: 0 0 0

#Transform 25
Transform: AffineTransform_float_3_3
Parameters: 1 0.000230402 0.000244622 -0.000230597 0.999998 -0.00164206 -0.000245379 0.00164194 0.999998 -0.0193084 0.0953629 0.0216626
FixedParameters: 0 0 0

#Transform 26
Transform: AffineTransform_float_3_3
Parameters: 0.999999 0.000231059 0.00101376 -0.00022994 1 -0.00104523 -0.00101424 0.00104477 0.999999 -0.0413102 0.0680579 0.00883971
FixedParameters: 0 0 0

#Transform 27
Transform: AffineTransform_float_3_3
Parameters: 1 0.000230961 0.0011278 -0.000230039 0.999999 -0.00085226 -0.0011282 0.00085174 0.999999 -0.0449018 0.0444777 0.00872272
FixedParameters: 0 0 0

#Transform 28
Transform: AffineTransform_float_3_3
Parameters: 1 0.000232166 0.00114456 -0.000230833 0.999998 -0.00189226 -0.00114544 0.00189173 0.999997 -0.0524707 0.0995911 0.0330932
FixedParameters: 0 0 0

#Transform 29
Transform: AffineTransform_float_3_3
Parameters: 0.999999 0.000115407 0.000743783 -0.000113592 0.999998 -0.00189209 -0.000744216 0.00189191 0.999998 -0.0419515 0.106236 0.030576
FixedParameters: 0 0 0

#Transform 30
Transform: AffineTransform_float_3_3
Parameters: 1 0.00023237 0.00115853 -0.000230629 0.999998 -0.00204527 -0.00115947 0.00204473 0.999997 -0.0599268 0.121762 0.0367557
FixedParameters: 0 0 0

#Transform 31
Transform: AffineTransform_float_3_3
Parameters: 0.999999 0.000464196 0.00115812 -0.000461805 0.999998 -0.00189554 -0.00115888 0.00189546 0.999997 -0.0481043 0.114464 0.0229044
FixedParameters: 0 0 0

#Transform 32
Transform: AffineTransform_float_3_3
Parameters: 1 0.000566935 0.000965867 -0.000565066 0.999998 -0.00200155 -0.000967133 0.00200145 0.999997 -0.0474273 0.109442 0.0251088
FixedParameters: 0 0 0

#Transform 33
Transform: AffineTransform_float_3_3
Parameters: 0.999999 0.000638675 0.0013282 -0.000637324 0.999999 -0.00126185 -0.0013288 0.00126015 0.999999 -0.0661496 0.108783 0.0247272
FixedParameters: 0 0 0

#Transform 34
Transform: AffineTransform_float_3_3
Parameters: 0.999999 0.00105905 0.00107699 -0.00105695 0.999997 -0.00190214 -0.00107901 0.00190086 0.999997 -0.042615 0.115801 0.0571224
FixedParameters: 0 0 0

#Transform 35
Transform: AffineTransform_float_3_3
Parameters: 0.999999 0.000638909 0.00107787 -0.000637092 0.999998 -0.00176969 -0.00107913 0.00176931 0.999998 -0.0466496 0.139098 0.0393157
FixedParameters: 0 0 0

#Transform 36
Transform: AffineTransform_float_3_3
Parameters: 0.999999 0.000695639 0.00107794 -0.000694361 0.999998 -0.00151975 -0.00107906 0.00151925 0.999999 -0.0453165 0.122133 0.0389963
FixedParameters: 0 0 0

#Transform 37
Transform: AffineTransform_float_3_3
Parameters: 0.999998 0.00127144 0.000947069 -0.00127056 0.999998 -0.00152021 -0.000948933 0.0015198 0.999999 -0.0321367 0.112638 0.0389998
FixedParameters: 0 0 0

#Transform 38
Transform: AffineTransform_float_3_3
Parameters: 0.999999 0.000952639 0.00107755 -0.000951363 0.999999 -0.00152003 -0.00107845 0.00151898 0.999999 -0.0498002 0.0988549 0.0187033
FixedParameters: 0 0 0

#Transform 39
Transform: AffineTransform_float_3_3
Parameters: 0.999998 0.00127191 0.00107675 -0.00127009 0.999997 -0.00177037 -0.00107925 0.00176963 0.999998 -0.0381097 0.115892 0.0361068
FixedParameters: 0 0 0

#Transform 40
Transform: AffineTransform_float_3_3
Parameters: 0.999998 0.00124015 0.00107652 -0.00123785 0.999997 -0.00200034 -0.00107848 0.00199867 0.999998 -0.0497414 0.131714 0.0595678
FixedParameters: 0 0 0

#Transform 41
Transform: AffineTransform_float_3_3
Parameters: 0.999998 0.0012313 0.0010072 -0.0012287 0.999996 -0.00228024 -0.0010098 0.00227876 0.999997 -0.0311489 0.151638 0.0495055
FixedParameters: 0 0 0

#Transform 42
Transform: AffineTransform_float_3_3
Parameters: 0.999999 0.00100038 0.000984586 -0.000998618 0.999997 -0.00241599 -0.000987415 0.00241502 0.999996 -0.0330595 0.145302 -0.00920668
FixedParameters: 0 0 0

#Transform 43
Transform: AffineTransform_float_3_3
Parameters: 0.999999 0.00101872 0.00107737 -0.00101728 0.999998 -0.0016001 -0.00107863 0.0015989 0.999998 -0.0403823 0.133458 0.00569571
FixedParameters: 0 0 0

#Transform 44
Transform: AffineTransform_float_3_3
Parameters: 0.999999 0.00103272 0.00107735 -0.00103128 0.999998 -0.00160011 -0.00107865 0.00159889 0.999998 -0.0546374 0.138881 -0.0144293
FixedParameters: 0 0 0

#Transform 45
Transform: AffineTransform_float_3_3
Parameters: 0.999999 0.00115199 0.00107687 -0.00115001 0.999997 -0.00185024 -0.00107913 0.00184976 0.999997 -0.0339787 0.152204 -0.00509992
FixedParameters: 0 0 0

#Transform 46
Transform: AffineTransform_float_3_3
Parameters: 0.999999 0.00115173 0.00107716 -0.00115028 0.999998 -0.00160024 -0.00107884 0.00159976 0.999998 -0.0340003 0.139631 -0.0145215
FixedParameters: 0 0 0

#Transform 47
Transform: AffineTransform_float_3_3
Parameters: 0.999999 0.00108499 0.00107699 -0.00108301 0.999997 -0.00185017 -0.001079 0.00184883 0.999997 -0.0355537 0.151793 -0.0092878
FixedParameters: 0 0 0

#Transform 48
Transform: AffineTransform_float_3_3
Parameters: 0.999998 0.00107393 0.00120828 -0.00107206 0.999998 -0.0016003 -0.00121072 0.0015997 0.999998 -0.0423737 0.139156 0.0121301
FixedParameters: 0 0 0

#Transform 49
Transform: AffineTransform_float_3_3
Parameters: 0.999999 0.000792348 0.00107728 -0.000789653 0.999998 -0.00217785 -0.00107872 0.00217715 0.999997 -0.0194946 0.140978 0.0079894
FixedParameters: 0 0 0

#Transform 50
Transform: AffineTransform_float_3_3
Parameters: 0.999998 0.00111106 0.00125029 -0.00110794 0.999997 -0.00244539 -0.00125371 0.00244361 0.999996 -0.0275588 0.181629 0.0158843
FixedParameters: 0 0 0

#Transform 51
Transform: AffineTransform_float_3_3
Parameters: 0.999999 0.00111154 0.00107535 -0.00110746 0.999994 -0.00328519 -0.00107864 0.00328481 0.999994 -0.0349363 0.17207 0.0423766
FixedParameters: 0 0 0

#Transform 52
Transform: AffineTransform_float_3_3
Parameters: 0.999999 0.000855438 0.00107628 -0.000851562 0.999994 -0.00319092 -0.00107872 0.00319008 0.999995 -0.0232086 0.176745 0.061985
FixedParameters: 0 0 0

#Transform 53
Transform: AffineTransform_float_3_3
Parameters: 0.999989 0.00113503 0.00451229 -0.00110797 0.999982 -0.00598807 -0.00451871 0.00598294 0.999972 -0.150309 0.278458 0.0847263
FixedParameters: 0 0 0

#Transform 54
Transform: AffineTransform_float_3_3
Parameters: 0.999993 0.0013284 0.00333408 -0.00131659 0.999992 -0.00372042 -0.00333892 0.00371559 0.999988 -0.113405 0.247423 0.0731709
FixedParameters: 0 0 0

#Transform 55
Transform: AffineTransform_float_3_3
Parameters: 0.999993 0.00186631 0.00328691 -0.00185168 0.999989 -0.00435312 -0.00329509 0.00434688 0.999985 -0.116677 0.254435 0.0598169
FixedParameters: 0 0 0

#Transform 56
Transform: AffineTransform_float_3_3
Parameters: 0.999994 0.00200111 0.00282977 -0.00198789 0.999988 -0.00462966 -0.00283923 0.00462335 0.999986 -0.109181 0.269881 0.0792669
FixedParameters: 0 0 0

#Transform 57
Transform: AffineTransform_float_3_3
Parameters: 0.999994 0.00191198 0.00282961 -0.00189802 0.999986 -0.0049344 -0.00283939 0.0049286 0.999984 -0.10722 0.297475 0.0566567
FixedParameters: 0 0 0

#Transform 58
Transform: AffineTransform_float_3_3
Parameters: 0.999994 0.00189374 0.00282919 -0.00187826 0.999984 -0.00520434 -0.00283881 0.00519865 0.999983 -0.116654 0.303291 0.0507556
FixedParameters: 0 0 0

#Transform 59
Transform: AffineTransform_float_3_3
Parameters: 0.999994 0.00233572 0.00282691 -0.00232128 0.999984 -0.0051986 -0.0028391 0.00519241 0.999983 -0.113145 0.282974 0.0432002
FixedParameters: 0 0 0

#Transform 60
Transform: AffineTransform_float_3_3
Parameters: 0.999993 0.00233509 0.00288063 -0.00232091 0.999986 -0.00488572 -0.00289236 0.00487828 0.999984 -0.107259 0.287912 0.0566432
FixedParameters: 0 0 0

#Transform 61
Transform: AffineTransform_float_3_3
Parameters: 0.999994 0.00233466 0.00282778 -0.00232134 0.999985 -0.0048256 -0.00283923 0.0048184 0.999985 -0.0994585 0.284938 0.0623818
FixedParameters: 0 0 0

#Transform 62
Transform: AffineTransform_float_3_3
Parameters: 0.999994 0.00202524 0.00282957 -0.00201176 0.999987 -0.00467372 -0.00283943 0.00466828 0.999985 -0.113414 0.301503 0.0342725
FixedParameters: 0 0 0

#Transform 63
Transform: AffineTransform_float_3_3
Parameters: 0.999995 0.00233263 0.00239373 -0.00232138 0.999985 -0.00484758 -0.00240428 0.00484242 0.999986 -0.101064 0.302685 0.0397953
FixedParameters: 0 0 0

#Transform 64
Transform: AffineTransform_float_3_3
Parameters: 0.999995 0.00233327 0.0023931 -0.00232073 0.999984 -0.00511758 -0.0024049 0.00511242 0.999984 -0.101085 0.299961 0.0374384
FixedParameters: 0 0 0

#Transform 65
Transform: AffineTransform_float_3_3
Parameters: 0.999993 0.00233548 0.00269653 -0.00232153 0.999983 -0.00535929 -0.00270847 0.00535371 0.999982 -0.120468 0.312912 0.0613823
FixedParameters: 0 0 0

#Transform 66
Transform: AffineTransform_float_3_3
Parameters: 0.999993 0.00246291 0.002623 -0.00244909 0.999983 -0.00529446 -0.00263599 0.00528854 0.999982 -0.114007 0.326421 0.0609037
FixedParameters: 0 0 0

#Transform 67
Transform: AffineTransform_float_3_3
Parameters: 0.999994 0.00263453 0.0025491 -0.00262147 0.999982 -0.00529471 -0.00256291 0.00528828 0.999982 -0.105974 0.336336 0.0430599
FixedParameters: 0 0 0

#Transform 68
Transform: AffineTransform_float_3_3
Parameters: 0.999993 0.00267183 0.00254754 -0.00265717 0.999979 -0.00580681 -0.00256246 0.00579919 0.99998 -0.108726 0.362188 0.0491467
FixedParameters: 0 0 0

#Transform 69
Transform: AffineTransform_float_3_3
Parameters: 0.999993 0.00267183 0.00254754 -0.00265717 0.999979 -0.00580681 -0.00256246 0.00579919 0.99998 -0.110792 0.354393 0.0507087
FixedParameters: 0 0 0

#Transform 70
Transform: AffineTransform_float_3_3
Parameters: 0.999993 0.00267196 0.0025474 -0.00265704 0.99998 -0.00585881 -0.0025626 0.00585219 0.999979 -0.122349 0.351576 0.0590812
FixedParameters: 0 0 0

#Transform 71
Transform: AffineTransform_float_3_3
Parameters: 0.999994 0.00267021 0.00226854 -0.00265779 0.999979 -0.00580606 -0.00228446 0.00579993 0.99998 -0.0979566 0.316031 0.0967228
FixedParameters: 0 0 0

#Transform 72
Transform: AffineTransform_float_3_3
Parameters: 0.999993 0.00317364 0.00162811 -0.00316735 0.999986 -0.00406818 -0.00164089 0.00406282 0.999991 -0.040617 0.188515 0.160606
FixedParameters: 0 0 0

#Transform 73
Transform: AffineTransform_float_3_3
Parameters: 0.999992 0.00339608 0.0021759 -0.00338693 0.999986 -0.00416141 -0.0021901 0.0041536 0.999989 -0.0877685 0.217573 0.099444
FixedParameters: 0 0 0

#Transform 74
Transform: AffineTransform_float_3_3
Parameters: 0.999989 0.00382627 0.00293054 -0.00381873 0.999989 -0.00248122 -0.00294046 0.00246978 0.999992 -0.101243 0.216788 0.111139
FixedParameters: 0 0 0

#Transform 75
Transform: AffineTransform_float_3_3
Parameters: 0.999987 0.00415886 0.00269552 -0.00415414 0.999989 -0.00180522 -0.00270248 0.00179478 0.999994 -0.101943 0.252961 0.050886
FixedParameters: 0 0 0

#Transform 76
Transform: AffineTransform_float_3_3
Parameters: 0.999988 0.00406792 0.00279852 -0.00406007 0.999988 -0.0028314 -0.00281048 0.0028196 0.999992 -0.114851 0.280816 0.0565918
FixedParameters: 0 0 0

#Transform 77
Transform: AffineTransform_float_3_3
Parameters: 0.999987 0.00407349 0.00283986 -0.00406451 0.999988 -0.00298858 -0.00285214 0.00297742 0.999991 -0.119084 0.293082 0.0322506
FixedParameters: 0 0 0

#Transform 78
Transform: AffineTransform_float_3_3
Parameters: 0.999988 0.00397228 0.00263456 -0.00396372 0.999987 -0.00314148 -0.00264644 0.00313053 0.999992 -0.121121 0.289948 0.0492296
FixedParameters: 0 0 0

#Transform 79
Transform: AffineTransform_float_3_3
Parameters: 0.999988 0.00399079 0.00290797 -0.0039822 0.999987 -0.00302362 -0.00292003 0.00301238 0.999991 -0.126477 0.294328 0.035134
FixedParameters: 0 0 0

#Transform 80
Transform: AffineTransform_float_3_3
Parameters: 0.999988 0.00394956 0.0028301 -0.00394044 0.999987 -0.00302319 -0.0028419 0.00301181 0.999992 -0.123328 0.303401 0.0188491
FixedParameters: 0 0 0

#Transform 81
Transform: AffineTransform_float_3_3
Parameters: 0.999988 0.0038956 0.00275045 -0.0038864 0.999987 -0.00348673 -0.00276455 0.00347627 0.99999 -0.120963 0.328732 0.0349675
FixedParameters: 0 0 0

#Transform 82
Transform: AffineTransform_float_3_3
Parameters: 0.999989 0.0039806 0.00275016 -0.0039714 0.999986 -0.00348696 -0.00276384 0.00347604 0.99999 -0.117648 0.317486 0.0219186
FixedParameters: 0 0 0

#Transform 83
Transform: AffineTransform_float_3_3
Parameters: 0.99999 0.00367385 0.00274957 -0.00366215 0.999985 -0.00393911 -0.00276443 0.00392889 0.999989 -0.130369 0.338328 0.0424525
FixedParameters: 0 0 0

#Transform 84
Transform: AffineTransform_float_3_3
Parameters: 0.99999 0.00367408 0.00274926 -0.00366292 0.999985 -0.00402411 -0.00276375 0.00401489 0.999988 -0.14379 0.342672 0.0131414
FixedParameters: 0 0 0

#Transform 85
Transform: AffineTransform_float_3_3
Parameters: 0.999989 0.00389356 0.00269739 -0.00388144 0.999984 -0.00427852 -0.00271361 0.00426748 0.999987 -0.136158 0.356763 -7.22724e-05
FixedParameters: 0 0 0

#Transform 86
Transform: AffineTransform_float_3_3
Parameters: 0.999991 0.00367315 0.00211145 -0.00366285 0.999982 -0.00478978 -0.00212956 0.00478222 0.999987 -0.10922 0.40197 0.0185589
FixedParameters: 0 0 0

#Transform 87
Transform: AffineTransform_float_3_3
Parameters: 0.99999 0.00367428 0.00230007 -0.00366272 0.999982 -0.00489047 -0.00231793 0.00488253 0.999986 -0.122531 0.399257 0.0175809
FixedParameters: 0 0 0

#Transform 88
Transform: AffineTransform_float_3_3
Parameters: 0.999989 0.00391062 0.00229834 -0.00389938 0.999979 -0.00503801 -0.00231766 0.00502899 0.999984 -0.119326 0.411463 0.0138538
FixedParameters: 0 0 0

#Transform 89
Transform: AffineTransform_float_3_3
Parameters: 0.999989 0.0040369 0.00209614 -0.0040261 0.999979 -0.0051795 -0.00211686 0.00517051 0.999985 -0.118877 0.421871 0.0300415
FixedParameters: 0 0 0

#Transform 90
Transform: AffineTransform_float_3_3
Parameters: 0.99999 0.00401642 0.00226816 -0.00400359 0.999977 -0.00545214 -0.00228985 0.00544286 0.999983 -0.119212 0.439154 0.0374806
FixedParameters: 0 0 0

#Transform 91
Transform: AffineTransform_float_3_3
Parameters: 0.999989 0.00424694 0.0018734 -0.00423606 0.999974 -0.005805 -0.00189761 0.00579701 0.999982 -0.101207 0.477852 0.0435403
FixedParameters: 0 0 0

#Transform 92
Transform: AffineTransform_float_3_3
Parameters: 0.999988 0.00419416 0.00221816 -0.00418184 0.999977 -0.00545834 -0.00224084 0.00544866 0.999982 -0.120132 0.448342 0.0167483
FixedParameters: 0 0 0

#Transform 93
Transform: AffineTransform_float_3_3
Parameters: 0.999989 0.00416522 0.00218777 -0.00415378 0.999979 -0.00510815 -0.00220923 0.00509886 0.999985 -0.113171 0.440307 0.00800455
FixedParameters: 0 0 0

#Transform 94
Transform: AffineTransform_float_3_3
Parameters: 0.999989 0.0043652 0.00207056 -0.0043538 0.999976 -0.00538208 -0.00209444 0.00537292 0.999984 -0.108986 0.44689 0.0346624
FixedParameters: 0 0 0

#Transform 95
Transform: AffineTransform_float_3_3
Parameters: 0.999989 0.00426467 0.00187391 -0.00425333 0.999975 -0.00565903 -0.00189808 0.00565097 0.999982 -0.0948536 0.470849 0.0112536
FixedParameters: 0 0 0

#Transform 96
Transform: AffineTransform_float_3_3
Parameters: 0.999988 0.00444177 0.00173012 -0.00443223 0.999975 -0.00561173 -0.00175488 0.00560427 0.999983 -0.0909082 0.45463 0.0163307
FixedParameters: 0 0 0

#Transform 97
Transform: AffineTransform_float_3_3
Parameters: 0.999989 0.00450413 0.00177043 -0.00449387 0.999973 -0.00568702 -0.00179557 0.00567898 0.999983 -0.0915176 0.451122 0.0118399
FixedParameters: 0 0 0

#Transform 98
Transform: AffineTransform_float_3_3
Parameters: 0.999988 0.00449571 0.00186641 -0.00448529 0.999973 -0.00570244 -0.00189159 0.00569356 0.999982 -0.0964046 0.457562 0.0456582
FixedParameters: 0 0 0

#Transform 99
Transform: AffineTransform_float_3_3
Parameters: 0.999986 0.00490919 0.0016337 -0.00489881 0.999969 -0.00618308 -0.0016643 0.00617491 0.999979 -0.0755229 0.483453 0.0305551
FixedParameters: 0 0 0

#Transform 100
Transform: AffineTransform_float_3_3
Parameters: 0.999987 0.00491007 0.00176958 -0.00489893 0.999968 -0.00620775 -0.00180043 0.00619924 0.999979 -0.0827703 0.485761 0.0333189
FixedParameters: 0 0 0

#Transform 101
Transform: AffineTransform_float_3_3
Parameters: 0.999985 0.00491361 0.00233956 -0.00489939 0.999968 -0.00621055 -0.00236945 0.00619945 0.999978 -0.107442 0.482339 0.0265534
FixedParameters: 0 0 0

#Transform 102
Transform: AffineTransform_float_3_3
Parameters: 0.999985 0.005076 0.00233554 -0.00506001 0.999964 -0.00680493 -0.00236946 0.00679308 0.999974 -0.100142 0.501626 0.0405073
FixedParameters: 0 0 0

#Transform 103
Transform: AffineTransform_float_3_3
Parameters: 0.999984 0.0053227 0.00196223 -0.0053093 0.999962 -0.00692153 -0.00199877 0.00691047 0.999974 -0.0871378 0.502895 0.0588703
FixedParameters: 0 0 0

#Transform 104
Transform: AffineTransform_float_3_3
Parameters: 0.999986 0.00491235 0.00184891 -0.00489965 0.999963 -0.00715816 -0.0018841 0.00714884 0.999972 -0.0913531 0.524131 0.0476676
FixedParameters: 0 0 0

#Transform 105
Transform: AffineTransform_float_3_3
Parameters: 0.999984 0.00517367 0.00199794 -0.00515932 0.999963 -0.00679141 -0.00203306 0.00678058 0.999975 -0.0973504 0.52984 0.0221979
FixedParameters: 0 0 0

#Transform 106
Transform: AffineTransform_float_3_3
Parameters: 0.999984 0.00521645 0.00208725 -0.00520155 0.999963 -0.00686797 -0.00212375 0.00685703 0.999974 -0.0933171 0.513517 0.0177925
FixedParameters: 0 0 0

#Transform 107
Transform: AffineTransform_float_3_3
Parameters: 0.999984 0.00531874 0.00185283 -0.00530526 0.999962 -0.00681294 -0.00188916 0.00680306 0.999975 -0.0897251 0.536185 0.0472824
FixedParameters: 0 0 0

#Transform 108
Transform: AffineTransform_float_3_3
Parameters: 0.999985 0.00511158 0.0018547 -0.00509842 0.999965 -0.00672356 -0.0018893 0.00671444 0.999975 -0.0908527 0.526273 0.0281555
FixedParameters: 0 0 0

#Transform 109
Transform: AffineTransform_float_3_3
Parameters: 0.999983 0.00547112 0.00193759 -0.00545688 0.999959 -0.0072177 -0.00197741 0.0072073 0.999972 -0.095889 0.548807 0.0448733
FixedParameters: 0 0 0

#Transform 110
Transform: AffineTransform_float_3_3
Parameters: 0.999983 0.00541327 0.0018477 -0.00539872 0.999956 -0.0076441 -0.0018893 0.0076339 0.999969 -0.0928329 0.559413 0.0473884
FixedParameters: 0 0 0

#Transform 111
Transform: AffineTransform_float_3_3
Parameters: 0.999985 0.00536388 0.00156074 -0.00535113 0.999958 -0.00751847 -0.00160026 0.00751053 0.99997 -0.0794641 0.566414 0.0497946
FixedParameters: 0 0 0

#Transform 112
Transform: AffineTransform_float_3_3
Parameters: 0.999984 0.00544416 0.00142811 -0.00543284 0.999955 -0.00770588 -0.00146989 0.00769812 0.99997 -0.0708925 0.587828 0.0535061
FixedParameters: 0 0 0

#Transform 113
Transform: AffineTransform_float_3_3
Parameters: 0.999984 0.00542292 0.00165013 -0.00541008 0.999956 -0.00773505 -0.00169187 0.00772595 0.999968 -0.0950734 0.589125 0.0555021
FixedParameters: 0 0 0

#Transform 114
Transform: AffineTransform_float_3_3
Parameters: 0.999984 0.0054416 0.00184945 -0.00542739 0.999959 -0.00728215 -0.00188955 0.00727183 0.999972 -0.10463 0.530866 0.0457405
FixedParameters: 0 0 0

#Transform 115
Transform: AffineTransform_float_3_3
Parameters: 0.999984 0.00550046 0.00171352 -0.00548754 0.999959 -0.00719052 -0.00175348 0.00718147 0.999972 -0.106602 0.575747 -0.0716345
FixedParameters: 0 0 0

#Transform 116
Transform: AffineTransform_float_3_3
Parameters: 0.999984 0.00553865 0.00116131 -0.00552835 0.999945 -0.00898357 -0.0012107 0.00897744 0.999959 -0.0855382 0.621432 -0.105214
FixedParameters: 0 0 0

#Transform 117
Transform: AffineTransform_float_3_3
Parameters: 0.999983 0.0056343 0.00134445 -0.0056217 0.999944 -0.0089847 -0.00139455 0.00897729 0.999958 -0.0893366 0.599101 0.0176997
FixedParameters: 0 0 0

#Transform 118
Transform: AffineTransform_float_3_3
Parameters: 0.999983 0.00579446 0.00115997 -0.00578455 0.999945 -0.00881887 -0.00121104 0.00881214 0.999961 -0.076199 0.616768 -0.0124015
FixedParameters: 0 0 0

#Transform 119
Transform: AffineTransform_float_3_3
Parameters: 0.99998 0.00635093 0.000783338 -0.00634508 0.999953 -0.00735312 -0.000829668 0.00734888 0.999972 -0.0523225 0.518835 -0.0018171
FixedParameters: 0 0 0

#Transform 120
Transform: AffineTransform_float_3_3
Parameters: 0.999978 0.00648309 0.00139234 -0.00647191 0.999949 -0.00782519 -0.00144366 0.00781682 0.999969 -0.0810717 0.586628 -0.0434267
FixedParameters: 0 0 0

#Transform 121
Transform: AffineTransform_float_3_3
Parameters: 0.999978 0.00636085 0.00143855 -0.00634915 0.999947 -0.00810031 -0.00148945 0.0080907 0.999966 -0.120088 0.588841 -0.120794
FixedParameters: 0 0 0

#Transform 122
Transform: AffineTransform_float_3_3
Parameters: 0.999978 0.00651572 0.00135647 -0.00650528 0.999948 -0.00776599 -0.00140653 0.007757 0.999969 -0.101495 0.570386 -0.126025
FixedParameters: 0 0 0

#Transform 123
Transform: AffineTransform_float_3_3
Parameters: 0.999977 0.00652361 0.00152398 -0.00651138 0.999945 -0.0081401 -0.00157702 0.00812989 0.999965 -0.105815 0.596637 -0.126904
FixedParameters: 0 0 0

#Transform 124
Transform: AffineTransform_float_3_3
Parameters: 0.999977 0.00656316 0.00157929 -0.00654985 0.999945 -0.00819653 -0.00163271 0.00818647 0.999965 -0.11069 0.614067 -0.103715
FixedParameters: 0 0 0

#Transform 125
Transform: AffineTransform_float_3_3
Parameters: 0.999978 0.00650307 0.00127804 -0.00649093 0.999937 -0.0092325 -0.00133796 0.0092245 0.999956 -0.0993025 0.64248 -0.112162
FixedParameters: 0 0 0

#Transform 126
Transform: AffineTransform_float_3_3
Parameters: 0.999978 0.00651228 0.00134903 -0.00649972 0.999939 -0.00891397 -0.00140697 0.00890504 0.99996 -0.0996758 0.649861 -0.119152
FixedParameters: 0 0 0

#Transform 127
Transform: AffineTransform_float_3_3
Parameters: 0.999979 0.00631238 0.00143328 -0.00629862 0.999938 -0.00915722 -0.00149071 0.00914778 0.999957 -0.108588 0.653407 -0.0883888
FixedParameters: 0 0 0

#Transform 128
Transform: AffineTransform_float_3_3
Parameters: 0.99998 0.00636864 0.000929611 -0.00636036 0.999939 -0.0090201 -0.000987392 0.0090139 0.999959 -0.0820138 0.640451 -0.108979
FixedParameters: 0 0 0

#Transform 129
Transform: AffineTransform_float_3_3
Parameters: 0.99998 0.00622528 0.00119987 -0.00621372 0.999939 -0.00918865 -0.00125712 0.00918036 0.999957 -0.0988702 0.66181 -0.10306
FixedParameters: 0 0 0

#Transform 130
Transform: AffineTransform_float_3_3
Parameters: 0.999978 0.0062766 0.001883 -0.0062624 0.999951 -0.00766196 -0.001931 0.00765004 0.999969 -0.131743 0.563256 0.106072
FixedParameters: 0 0 0

#Transform 131
Transform: AffineTransform_float_3_3
Parameters: 0.999979 0.00636015 0.00134686 -0.00634685 0.999927 -0.0102578 -0.00141215 0.0102492 0.999947 -0.103256 0.736009 -0.154849
FixedParameters: 0 0 0

#Transform 132
Transform: AffineTransform_float_3_3
Parameters: 0.999978 0.00654568 0.00146383 -0.00653032 0.99993 -0.00981977 -0.00152816 0.00980921 0.99995 -0.104763 0.690938 -0.0853963
FixedParameters: 0 0 0

#Transform 133
Transform: AffineTransform_float_3_3
Parameters: 0.999978 0.00653184 0.00155073 -0.00651517 0.999923 -0.0106244 -0.00162028 0.0106137 0.999943 -0.115187 0.704182 -0.140723
FixedParameters: 0 0 0

#Transform 134
Transform: AffineTransform_float_3_3
Parameters: 0.999978 0.006664 0.000860816 -0.006654 0.999916 -0.011143 -0.000935184 0.011137 0.999937 -0.0826796 0.741941 -0.171293
FixedParameters: 0 0 0

#Transform 135
Transform: AffineTransform_float_3_3
Parameters: 0.999978 0.00659947 0.00119698 -0.00658553 0.999918 -0.0109271 -0.00126902 0.0109199 0.999939 -0.104366 0.730226 -0.169782
FixedParameters: 0 0 0

#Transform 136
Transform: AffineTransform_float_3_3
Parameters: 0.999977 0.00668069 0.00114954 -0.00666832 0.999921 -0.0107109 -0.00122047 0.0107031 0.999942 -0.103515 0.731001 -0.170338
FixedParameters: 0 0 0

#Transform 137
Transform: AffineTransform_float_3_3
Parameters: 0.999979 0.00648306 0.00112624 -0.00646994 0.999916 -0.0112375 -0.00119876 0.0112295 0.999936 -0.107944 0.771367 -0.168377
FixedParameters: 0 0 0

#Transform 138
Transform: AffineTransform_float_3_3
Parameters: 0.999977 0.00664572 0.000863176 -0.00663528 0.99992 -0.010818 -0.000934816 0.010812 0.999941 -0.0887892 0.730273 -0.156591
FixedParameters: 0 0 0

#Transform 139
Transform: AffineTransform_float_3_3
Parameters: 0.999979 0.00648316 0.00115654 -0.00646984 0.999918 -0.0110367 -0.00122846 0.0110293 0.999939 -0.104563 0.742265 -0.153264
FixedParameters: 0 0 0

#Transform 140
Transform: AffineTransform_float_3_3
Parameters: 0.999977 0.00659585 0.00114744 -0.00658316 0.99992 -0.0108628 -0.00121856 0.0108552 0.999941 -0.101557 0.720246 -0.158568
FixedParameters: 0 0 0

#Transform 141
Transform: AffineTransform_float_3_3
Parameters: 0.999979 0.00648332 0.00116305 -0.00646968 0.999918 -0.0111128 -0.00123495 0.0111052 0.999937 -0.108648 0.730699 -0.183211
FixedParameters: 0 0 0

#Transform 142
Transform: AffineTransform_float_3_3
Parameters: 0.999979 0.00648387 0.0011813 -0.00647013 0.999915 -0.0113829 -0.00125571 0.0113751 0.999934 -0.103511 0.754777 -0.171529
FixedParameters: 0 0 0

#Transform 143
Transform: AffineTransform_float_3_3
Parameters: 0.999977 0.00658872 0.00116169 -0.00657427 0.999913 -0.0114449 -0.0012373 0.0114371 0.999934 -0.100824 0.766118 -0.181323
FixedParameters: 0 0 0

#Transform 144
Transform: AffineTransform_float_3_3
Parameters: 0.999979 0.00648368 0.00112806 -0.00647033 0.999911 -0.0117276 -0.00120394 0.0117204 0.99993 -0.0896003 0.777485 -0.20699
FixedParameters: 0 0 0

#Transform 145
Transform: AffineTransform_float_3_3
Parameters: 0.999978 0.00648594 0.00144837 -0.00647006 0.999921 -0.0107536 -0.00151764 0.0107444 0.999941 -0.116267 0.674925 -0.059083
FixedParameters: 0 0 0

#Transform 146
Transform: AffineTransform_float_3_3
Parameters: 0.999976 0.00673621 0.00118098 -0.00672279 0.999919 -0.0108542 -0.00125402 0.0108468 0.999941 -0.11468 0.761964 -0.172956
FixedParameters: 0 0 0

#Transform 147
Transform: AffineTransform_float_3_3
Parameters: 0.999973 0.00719929 0.000843634 -0.00718769 0.999893 -0.0127034 -0.000935359 0.0126966 0.999919 -0.109092 0.870185 -0.381041
FixedParameters: 0 0 0

#Transform 148
Transform: AffineTransform_float_3_3
Parameters: 0.99997 0.00777598 0.000829467 -0.00776402 0.999877 -0.0135849 -0.000934536 0.0135781 0.999908 -0.10906 0.914253 -0.38075
FixedParameters: 0 0 0

#Transform 149
Transform: AffineTransform_float_3_3
Parameters: 0.99997 0.00773372 0.000823182 -0.00772128 0.999866 -0.0144728 -0.000934815 0.0144652 0.999895 -0.111308 0.977585 -0.371745
FixedParameters: 0 0 0

#Transform 150
Transform: AffineTransform_float_3_3
Parameters: 0.99997 0.00773195 0.00104481 -0.00771707 0.999878 -0.0136215 -0.0011492 0.0136135 0.999906 -0.124042 0.916361 -0.413624
FixedParameters: 0 0 0

#Transform 151
Transform: AffineTransform_float_3_3
Parameters: 0.99997 0.00761738 0.000973406 -0.00760261 0.999873 -0.0140098 -0.00108058 0.0140012 0.999902 -0.126593 0.893327 -0.418804
FixedParameters: 0 0 0
