# transform file /out/sourcedata/freesurfer/sub-v2s3x28744_ses-1/mri/transforms/cc_up.lta
# created by oesteban on Fri Mar 13 00:53:55 2026

type      = 0 # LINEAR_VOX_TO_VOX
nxforms   = 1
mean      = 130.0000 122.0000 110.0000
sigma     = 10000.0000
1 4 4
9.932402372360229e-01 -5.162622779607773e-02 1.039643436670303e-01 -4.532071590423584e+00 
5.134571716189384e-02 9.986664652824402e-01 5.374453961849213e-03 1.595683193206787e+01 
-1.041031628847122e-01 0.000000000000000e+00 9.945665001869202e-01 4.201755905151367e+01 
0.000000000000000e+00 0.000000000000000e+00 0.000000000000000e+00 1.000000000000000e+00 
src volume info
valid = 1  # volume info valid
filename = /out/sourcedata/freesurfer/sub-v2s3x28744_ses-1/mri/norm.mgz
volume = 256 256 256
voxelsize = 1.000000000000000e+00 1.000000000000000e+00 1.000000000000000e+00
xras   = -1.000000000000000e+00 0.000000000000000e+00 0.000000000000000e+00
yras   = 0.000000000000000e+00 0.000000000000000e+00 -1.000000000000000e+00
zras   = 0.000000000000000e+00 1.000000000000000e+00 0.000000000000000e+00
cras   = 1.787756347656250e+01 -1.993041992187500e+00 1.468521118164062e+01
dst volume info
valid = 1  # volume info valid
filename = /out/sourcedata/freesurfer/sub-v2s3x28744_ses-1/mri/norm.mgz
volume = 256 256 256
voxelsize = 1.000000000000000e+00 1.000000000000000e+00 1.000000000000000e+00
xras   = -1.000000000000000e+00 0.000000000000000e+00 0.000000000000000e+00
yras   = 0.000000000000000e+00 0.000000000000000e+00 -1.000000000000000e+00
zras   = 0.000000000000000e+00 1.000000000000000e+00 0.000000000000000e+00
cras   = 1.787756347656250e+01 -1.993041992187500e+00 1.468521118164062e+01
