# transform file /out/sourcedata/freesurfer/sub-v2s3x28796_ses-1/mri/transforms/cc_up.lta
# created by oesteban on Fri Mar 13 01:57:22 2026

type      = 0 # LINEAR_VOX_TO_VOX
nxforms   = 1
mean      = 127.0000 126.0000 107.0000
sigma     = 10000.0000
1 4 4
9.940536022186279e-01 -1.023898050189018e-01 -3.706444054841995e-02 1.871771812438965e+01 
1.023187041282654e-01 9.947443604469299e-01 -3.815071657299995e-03 1.209908485412598e+01 
3.726026415824890e-02 2.328306436538696e-10 9.993056058883667e-01 2.139625740051270e+01 
0.000000000000000e+00 0.000000000000000e+00 0.000000000000000e+00 1.000000000000000e+00 
src volume info
valid = 1  # volume info valid
filename = /out/sourcedata/freesurfer/sub-v2s3x28796_ses-1/mri/norm.mgz
volume = 256 256 256
voxelsize = 1.000000000000000e+00 1.000000000000000e+00 1.000000000000000e+00
xras   = -1.000000000000000e+00 0.000000000000000e+00 0.000000000000000e+00
yras   = 0.000000000000000e+00 0.000000000000000e+00 -1.000000000000000e+00
zras   = 0.000000000000000e+00 1.000000000000000e+00 0.000000000000000e+00
cras   = 3.309188842773438e+00 4.623019409179688e+01 2.856323242187500e+00
dst volume info
valid = 1  # volume info valid
filename = /out/sourcedata/freesurfer/sub-v2s3x28796_ses-1/mri/norm.mgz
volume = 256 256 256
voxelsize = 1.000000000000000e+00 1.000000000000000e+00 1.000000000000000e+00
xras   = -1.000000000000000e+00 0.000000000000000e+00 0.000000000000000e+00
yras   = 0.000000000000000e+00 0.000000000000000e+00 -1.000000000000000e+00
zras   = 0.000000000000000e+00 1.000000000000000e+00 0.000000000000000e+00
cras   = 3.309188842773438e+00 4.623019409179688e+01 2.856323242187500e+00
