# transform file /out/sourcedata/freesurfer/sub-v2s3x28753_ses-1/mri/transforms/cc_up.lta
# created by oesteban on Fri Mar 13 01:14:26 2026

type      = 0 # LINEAR_VOX_TO_VOX
nxforms   = 1
mean      = 131.0000 116.0000 109.0000
sigma     = 10000.0000
1 4 4
9.987621307373047e-01 4.881660640239716e-02 -9.549581445753574e-03 -5.600057125091553e+00 
-4.881437495350838e-02 9.988077878952026e-01 4.667345783673227e-04 3.646157836914062e+01 
9.560980834066868e-03 2.910383045673370e-11 9.999543428421021e-01 1.975240135192871e+01 
0.000000000000000e+00 0.000000000000000e+00 0.000000000000000e+00 1.000000000000000e+00 
src volume info
valid = 1  # volume info valid
filename = /out/sourcedata/freesurfer/sub-v2s3x28753_ses-1/mri/norm.mgz
volume = 256 256 256
voxelsize = 1.000000000000000e+00 1.000000000000000e+00 1.000000000000000e+00
xras   = -1.000000000000000e+00 0.000000000000000e+00 0.000000000000000e+00
yras   = 0.000000000000000e+00 0.000000000000000e+00 -1.000000000000000e+00
zras   = 0.000000000000000e+00 1.000000000000000e+00 0.000000000000000e+00
cras   = -8.401184082031250e-01 -2.034194946289062e+00 -5.390914916992188e+00
dst volume info
valid = 1  # volume info valid
filename = /out/sourcedata/freesurfer/sub-v2s3x28753_ses-1/mri/norm.mgz
volume = 256 256 256
voxelsize = 1.000000000000000e+00 1.000000000000000e+00 1.000000000000000e+00
xras   = -1.000000000000000e+00 0.000000000000000e+00 0.000000000000000e+00
yras   = 0.000000000000000e+00 0.000000000000000e+00 -1.000000000000000e+00
zras   = 0.000000000000000e+00 1.000000000000000e+00 0.000000000000000e+00
cras   = -8.401184082031250e-01 -2.034194946289062e+00 -5.390914916992188e+00
