#Insight Transform File V1.0
#Transform 0
Transform: AffineTransform_float_3_3
Parameters: 1 0.000833842 -0.000611583 -0.00083516 0.999998 -0.00189649 0.000610418 0.00189651 0.999998 -0.029269 -0.0781874 -0.0513163
FixedParameters: 0 0 0

#Transform 1
Transform: AffineTransform_float_3_3
Parameters: 1 0.000240844 -9.1411e-05 -0.000241156 0.999998 -0.00170598 9.15887e-05 0.00170602 0.999998 -0.0321132 -0.0786519 -0.0360332
FixedParameters: 0 0 0

#Transform 2
Transform: AffineTransform_float_3_3
Parameters: 1 0.000240777 -0.000186289 -0.000241223 1 -0.00119996 0.000185711 0.00120005 1 -0.0507883 -0.0594298 -0.0241628
FixedParameters: 0 0 0

#Transform 3
Transform: AffineTransform_float_3_3
Parameters: 1 0.000240258 -0.000476375 -0.000240742 0.999999 -0.00155888 0.000475625 0.00155911 0.999998 -0.0460017 -0.0780096 -0.024351
FixedParameters: 0 0 0

#Transform 4
Transform: AffineTransform_float_3_3
Parameters: 1 0.000218087 3.03853e-05 -0.000217915 0.999996 -0.00281901 -3.06144e-05 0.00281899 0.999996 -0.0316345 -0.0876105 -0.0450347
FixedParameters: 0 0 0

#Transform 5
Transform: AffineTransform_float_3_3
Parameters: 0.999999 0.000548904 -0.000477263 -0.000550095 0.999997 -0.00229874 0.000475737 0.00229926 0.999997 -0.0446285 -0.121023 -0.0231726
FixedParameters: 0 0 0

#Transform 6
Transform: AffineTransform_float_3_3
Parameters: 1 -3.93021e-05 -0.000540907 3.76977e-05 0.999997 -0.00240702 0.000541092 0.00240698 0.999997 -0.0345288 -0.0773695 -0.0133389
FixedParameters: 0 0 0

#Transform 7
Transform: AffineTransform_float_3_3
Parameters: 1 -0.000690782 -0.000889619 0.000689217 0.999998 -0.00200261 0.000891381 0.00200138 0.999997 -0.00471992 -0.10628 -0.024536
FixedParameters: 0 0 0

#Transform 8
Transform: AffineTransform_float_3_3
Parameters: 1 6.84311e-05 -0.000476082 -6.85688e-05 1 -0.00119497 0.000475918 0.00119503 0.999999 -0.00184768 -0.0544842 -0.0537455
FixedParameters: 0 0 0

#Transform 9
Transform: AffineTransform_float_3_3
Parameters: 1 0.000483589 -0.000476418 -0.000484411 0.999999 -0.000863769 0.000475582 0.000863229 0.999999 -0.0169346 -0.0653185 -0.0420119
FixedParameters: 0 0 0

#Transform 10
Transform: AffineTransform_float_3_3
Parameters: 1 0.000133764 -0.000639049 -0.000133236 1 -0.000368915 0.000638951 0.000369085 0.999999 -0.0138525 -0.0638678 -0.0266334
FixedParameters: 0 0 0

#Transform 11
Transform: AffineTransform_float_3_3
Parameters: 1 1.13322e-05 -0.000678012 -1.16678e-05 0.999999 -0.000984992 0.000677989 0.000985008 1 -0.00911005 -0.0551637 -0.00679702
FixedParameters: 0 0 0

#Transform 12
Transform: AffineTransform_float_3_3
Parameters: 1 0.000324968 -2.44319e-05 -0.000325032 0.999999 -0.00132899 2.35681e-05 0.00132901 0.999999 0.000629551 -0.0414395 -0.0216106
FixedParameters: 0 0 0

#Transform 13
Transform: AffineTransform_float_3_3
Parameters: 1 0.000563968 -4.93666e-05 -0.000564032 0.999999 -0.000649972 4.96334e-05 0.000650028 1 -0.00614937 -0.0462838 -0.0149454
FixedParameters: 0 0 0

#Transform 14
Transform: AffineTransform_float_3_3
Parameters: 0.999999 0.000444904 -0.000595071 -0.000445096 1 -0.000160735 0.000594928 0.000161265 1 -0.0187181 -0.0377563 0.0130598
FixedParameters: 0 0 0

#Transform 15
Transform: AffineTransform_float_3_3
Parameters: 1 -7.00102e-05 -0.000538999 6.99897e-05 1 -1.90377e-05 0.000539001 1.89623e-05 1 -0.0206935 -0.036067 0.0297302
FixedParameters: 0 0 0

#Transform 16
Transform: AffineTransform_float_3_3
Parameters: 1 0.000303915 -0.000148174 -0.000304085 1 -0.000573955 0.000147825 0.000574045 1 -0.0301165 -0.00723416 -0.00468361
FixedParameters: 0 0 0

#Transform 17
Transform: AffineTransform_float_3_3
Parameters: 1 7.49632e-05 -6.4043e-05 -7.50367e-05 1 -0.000573995 6.39569e-05 0.000574005 1 -0.0263187 -0.0195543 -0.0352289
FixedParameters: 0 0 0

#Transform 18
Transform: AffineTransform_float_3_3
Parameters: 1 -9.8123e-05 -0.000380968 9.78769e-05 1 -0.000323037 0.000381032 0.000322963 1 -0.00147963 -0.0458804 -0.0364194
FixedParameters: 0 0 0

#Transform 19
Transform: AffineTransform_float_3_3
Parameters: 1 -0.000150746 -0.000595064 0.000150253 1 0.000425911 0.000594936 -0.00042609 0.999999 -0.00258339 -0.0364978 -0.00101149
FixedParameters: 0 0 0

#Transform 20
Transform: AffineTransform_float_3_3
Parameters: 1 -0.000100159 -0.000594973 0.00010084 1 -0.00026806 0.000595027 0.00026794 1 -0.00258172 -0.0192217 -0.00396119
FixedParameters: 0 0 0

#Transform 21
Transform: AffineTransform_float_3_3
Parameters: 1 -0.000218015 -0.000594994 0.000217984 1 -2.61297e-05 0.000595005 2.58703e-05 1 -0.00272447 0.0144733 -0.0347647
FixedParameters: 0 0 0

#Transform 22
Transform: AffineTransform_float_3_3
Parameters: 1 0.000545939 -0.000232144 -0.000546061 1 -0.000263873 0.000231856 0.000264127 1 -0.0143068 0.00119015 -0.054307
FixedParameters: 0 0 0

#Transform 23
Transform: AffineTransform_float_3_3
Parameters: 1 0.000546032 0.000330947 -0.000545968 1 -9.71807e-05 -0.000331053 9.68192e-05 1 -0.0139899 -0.00735068 0.00325492
FixedParameters: 0 0 0

#Transform 24
Transform: AffineTransform_float_3_3
Parameters: 1 0.000436961 -7.4229e-05 -0.000437039 1 -0.000523967 7.3771e-05 0.000524032 1 -0.00777473 0.0176515 -0.0413103
FixedParameters: 0 0 0

#Transform 25
Transform: AffineTransform_float_3_3
Parameters: 1 0.000269891 0.000118249 -0.000270109 0.999999 0.000921967 -0.000117751 -0.000922031 0.999999 -0.0227796 0.00244391 -0.00243057
FixedParameters: 0 0 0

#Transform 26
Transform: AffineTransform_float_3_3
Parameters: 1 0.000546002 2.69569e-05 -0.000545998 1 -7.90147e-05 -2.70431e-05 7.89852e-05 1 0.00129218 0.017278 -0.00950667
FixedParameters: 0 0 0

#Transform 27
Transform: AffineTransform_float_3_3
Parameters: 1 -0.000322083 -0.000384931 0.000321917 1 -0.000215124 0.000385069 0.000214876 1 0.0155386 0.0325127 -0.072978
FixedParameters: 0 0 0

#Transform 28
Transform: AffineTransform_float_3_3
Parameters: 1 -0.000321908 -0.000385077 0.000322092 1 0.000238876 0.000384923 -0.000239124 1 -0.00708394 -0.0109569 -0.0403301
FixedParameters: 0 0 0

#Transform 29
Transform: AffineTransform_float_3_3
Parameters: 1 0.000101123 -0.000384968 -0.000100877 1 0.000319039 0.000385032 -0.000318961 1 -0.0321894 0.0156009 -0.0246214
FixedParameters: 0 0 0

#Transform 30
Transform: AffineTransform_float_3_3
Parameters: 1 0.00020001 0.000104981 -0.00019999 1 -9.6021e-05 -0.000105019 9.5979e-05 1 -0.0271984 0.0298474 -0.0416718
FixedParameters: 0 0 0

#Transform 31
Transform: AffineTransform_float_3_3
Parameters: 1 0.000274985 0.00010504 -0.000275015 1 0.000143971 -0.00010496 -0.000144029 1 -0.0270857 0.010015 -0.0276801
FixedParameters: 0 0 0

#Transform 32
Transform: AffineTransform_float_3_3
Parameters: 0.999999 -0.000991006 -0.000146962 0.000990994 1 -3.81457e-05 0.000147038 3.78543e-05 1 -0.011936 -0.00376587 -0.0253964
FixedParameters: 0 0 0

#Transform 33
Transform: AffineTransform_float_3_3
Parameters: 0.999999 -0.000664633 0.000612314 0.000663367 0.999999 0.00103341 -0.000612685 -0.00103259 1 -0.0151176 0.0665136 -0.046369
FixedParameters: 0 0 0

#Transform 34
Transform: AffineTransform_float_3_3
Parameters: 0.999999 -0.000764268 0.000264224 0.000764732 0.999999 0.0010152 -0.000264776 -0.0010148 1 -0.00443987 0.0810415 0.00773342
FixedParameters: 0 0 0

#Transform 35
Transform: AffineTransform_float_3_3
Parameters: 1 -0.000466433 0.000345416 0.000465567 0.999999 0.00125316 -0.000345584 -0.00125384 0.999999 -0.0209697 0.0679476 -0.00577848
FixedParameters: 0 0 0

#Transform 36
Transform: AffineTransform_float_3_3
Parameters: 1 0.000122974 1.42262e-05 -0.000123026 0.999999 0.001839 -1.37738e-05 -0.001839 0.999999 -0.0278622 0.0719425 -0.0361945
FixedParameters: 0 0 0

#Transform 37
Transform: AffineTransform_float_3_3
Parameters: 1 -0.000369399 -0.000594997 0.000370602 0.999997 0.00269378 0.000594004 -0.00269322 0.999996 -0.0139135 0.059424 0.0368778
FixedParameters: 0 0 0

#Transform 38
Transform: AffineTransform_float_3_3
Parameters: 0.999999 -0.000948763 -0.00010712 0.000949236 0.999997 0.0022339 0.00010488 -0.0022341 0.999997 -0.0167942 0.00186436 -0.00971848
FixedParameters: 0 0 0

#Transform 39
Transform: AffineTransform_float_3_3
Parameters: 1 -0.00018732 -0.000393325 0.000187679 0.999998 0.00172993 0.000392676 -0.00173007 0.999999 -0.0544496 -0.0869646 -0.0204165
FixedParameters: 0 0 0

#Transform 40
Transform: AffineTransform_float_3_3
Parameters: 0.999999 -6.52323e-05 -0.000814062 6.57675e-05 0.999999 0.000942947 0.000813938 -0.000943053 0.999999 -0.0587558 -0.0721671 -0.0263043
FixedParameters: 0 0 0

#Transform 41
Transform: AffineTransform_float_3_3
Parameters: 0.999999 -0.000871785 -0.000132425 0.000871214 0.999999 0.00163389 0.000130576 -0.00163411 0.999998 -0.0350025 0.0132217 -0.00755223
FixedParameters: 0 0 0

#Transform 42
Transform: AffineTransform_float_3_3
Parameters: 0.999999 -0.000727718 0.00031032 0.000727282 0.999997 0.00230923 -0.00031168 -0.00230877 0.999998 -0.0213035 0.0542758 0.0431459
FixedParameters: 0 0 0

#Transform 43
Transform: AffineTransform_float_3_3
Parameters: 0.999999 -0.00051055 0.000654794 0.000508449 0.999997 0.00236533 -0.000656205 -0.00236567 0.999997 0.0182966 0.0671897 0.0370557
FixedParameters: 0 0 0

#Transform 44
Transform: AffineTransform_float_3_3
Parameters: 1 -0.000873967 0.000703563 0.000872034 0.999995 0.00279161 -0.000705436 -0.00279038 0.999996 0.0180793 0.0718135 0.031691
FixedParameters: 0 0 0

#Transform 45
Transform: AffineTransform_float_3_3
Parameters: 0.999999 -0.000743445 0.000404355 0.000741553 0.999994 0.0035613 -0.000407643 -0.0035607 0.999993 0.0167007 0.088526 0.0550263
FixedParameters: 0 0 0

#Transform 46
Transform: AffineTransform_float_3_3
Parameters: 1 -0.000504676 0.000995144 0.000501324 0.999993 0.0036915 -0.000996857 -0.0036905 0.999992 -0.0117878 0.100186 0.0505473
FixedParameters: 0 0 0

#Transform 47
Transform: AffineTransform_float_3_3
Parameters: 0.999999 -0.00087316 0.000441715 0.000871839 0.999996 0.00261939 -0.000444286 -0.00261962 0.999997 0.00891515 0.0916508 0.0722342
FixedParameters: 0 0 0

#Transform 48
Transform: AffineTransform_float_3_3
Parameters: 0.999999 -0.000873315 0.000441409 0.000871687 0.999995 0.00296939 -0.000443591 -0.00296962 0.999996 0.00544321 0.0988501 0.0504668
FixedParameters: 0 0 0

#Transform 49
Transform: AffineTransform_float_3_3
Parameters: 1 -0.000873527 0.000581714 0.000871473 0.999996 0.00261951 -0.000584286 -0.00261949 0.999997 -0.00892994 0.0768874 0.0421539
FixedParameters: 0 0 0

#Transform 50
Transform: AffineTransform_float_3_3
Parameters: 1 -0.00112922 0.000440882 0.00112778 0.999995 0.0027635 -0.000444119 -0.0027635 0.999996 -0.0237325 0.100377 0.0456667
FixedParameters: 0 0 0

#Transform 51
Transform: AffineTransform_float_3_3
Parameters: 0.999999 -0.0010482 0.000698717 0.0010458 0.999994 0.00313573 -0.000702283 -0.00313526 0.999995 -0.0173678 0.113861 0.0482228
FixedParameters: 0 0 0

#Transform 52
Transform: AffineTransform_float_3_3
Parameters: 0.999999 -0.000768197 7.08992e-05 0.000767803 0.999996 0.00273506 -7.31002e-05 -0.00273495 0.999997 -0.0263979 0.122858 0.0603571
FixedParameters: 0 0 0

#Transform 53
Transform: AffineTransform_float_3_3
Parameters: 1 -0.000351669 0.00025508 0.000350331 0.999997 0.00261909 -0.000255918 -0.00261891 0.999997 -0.0308754 0.13386 0.0236624
FixedParameters: 0 0 0

#Transform 54
Transform: AffineTransform_float_3_3
Parameters: 1 -0.000321776 0.000251008 0.000321224 0.999995 0.00308708 -0.000251993 -0.00308692 0.999995 -0.0326806 0.116721 0.0568962
FixedParameters: 0 0 0

#Transform 55
Transform: AffineTransform_float_3_3
Parameters: 1 -0.000217072 0.000302232 0.000215925 0.999993 0.00354406 -0.000303767 -0.00354393 0.999993 -0.0226327 0.129708 0.0967293
FixedParameters: 0 0 0

#Transform 56
Transform: AffineTransform_float_3_3
Parameters: 1 -0.000486554 0.000176481 0.000486445 0.999995 0.00312409 -0.00017852 -0.00312391 0.999995 -0.0177572 0.138476 0.0508633
FixedParameters: 0 0 0

#Transform 57
Transform: AffineTransform_float_3_3
Parameters: 0.999999 -0.00048792 0.00059142 0.00048608 0.999994 0.00324329 -0.000592579 -0.00324271 0.999994 0.0171001 0.136562 0.0143641
FixedParameters: 0 0 0

#Transform 58
Transform: AffineTransform_float_3_3
Parameters: 1 -0.000487467 0.00040022 0.00048653 0.999993 0.0036572 -0.000402782 -0.00365781 0.999993 -0.00918462 0.138533 0.0639479
FixedParameters: 0 0 0

#Transform 59
Transform: AffineTransform_float_3_3
Parameters: 0.999999 -0.000591136 0.000567784 0.000589863 0.999993 0.00375533 -0.000570219 -0.00375566 0.999993 -0.0052437 0.142195 0.0921945
FixedParameters: 0 0 0

#Transform 60
Transform: AffineTransform_float_3_3
Parameters: 1 -0.00111806 0.000310219 0.00111694 0.999993 0.00338335 -0.00031378 -0.00338265 0.999994 0.00451459 0.152002 0.0330411
FixedParameters: 0 0 0

#Transform 61
Transform: AffineTransform_float_3_3
Parameters: 0.999999 -0.00111964 0.000682682 0.00111736 0.999992 0.00386177 -0.000686319 -0.00386024 0.999993 0.00622045 0.154667 0.0337754
FixedParameters: 0 0 0

#Transform 62
Transform: AffineTransform_float_3_3
Parameters: 0.999999 -0.00112055 0.000915673 0.00111745 0.999992 0.00386803 -0.000919329 -0.00386697 0.999992 0.00723238 0.14928 0.064257
FixedParameters: 0 0 0

#Transform 63
Transform: AffineTransform_float_3_3
Parameters: 0.999999 -0.00111944 0.000691068 0.00111656 0.999993 0.00351677 -0.000694931 -0.00351622 0.999993 0.000399205 0.155555 0.0733231
FixedParameters: 0 0 0

#Transform 64
Transform: AffineTransform_float_3_3
Parameters: 1 -0.00111861 0.000456069 0.00111739 0.999993 0.00351651 -0.000459932 -0.00351649 0.999993 0.00513804 0.166946 0.0489423
FixedParameters: 0 0 0

#Transform 65
Transform: AffineTransform_float_3_3
Parameters: 0.999998 -0.00160807 4.11971e-05 0.00160793 0.999997 0.00174307 -4.38026e-05 -0.00174293 0.999998 0.00255166 0.128667 0.00129263
FixedParameters: 0 0 0

#Transform 66
Transform: AffineTransform_float_3_3
Parameters: 1 -0.00104945 -0.000451611 0.00105155 0.999993 0.00343753 0.000448388 -0.00343747 0.999994 0.00108141 0.199636 0.0910064
FixedParameters: 0 0 0

#Transform 67
Transform: AffineTransform_float_3_3
Parameters: 0.999999 -0.0010593 0.000721636 0.0010567 0.999995 0.00317977 -0.000724363 -0.00317924 0.999994 0.00630837 0.221753 0.047934
FixedParameters: 0 0 0

#Transform 68
Transform: AffineTransform_float_3_3
Parameters: 1 -0.000920128 -0.000672946 0.000922874 0.999991 0.00428138 0.000669055 -0.00428162 0.99999 -0.0252114 0.172053 0.0442619
FixedParameters: 0 0 0

#Transform 69
Transform: AffineTransform_float_3_3
Parameters: 0.999998 -0.00160669 -0.00045268 0.00160831 0.999995 0.00291128 0.000448319 -0.00291172 0.999995 -0.0104908 0.143699 0.0361711
FixedParameters: 0 0 0

#Transform 70
Transform: AffineTransform_float_3_3
Parameters: 0.999999 -0.00112624 -0.000670962 0.00112776 0.999996 0.00262725 0.00066804 -0.00262776 0.999997 -0.0226488 0.105592 0.0362026
FixedParameters: 0 0 0

#Transform 71
Transform: AffineTransform_float_3_3
Parameters: 0.999999 -0.00114812 -0.000865494 0.00114987 0.999997 0.00217001 0.000862506 -0.00217099 0.999998 -0.0607596 0.0282479 0.0203057
FixedParameters: 0 0 0

#Transform 72
Transform: AffineTransform_float_3_3
Parameters: 0.999998 -0.00160545 -0.00110272 0.00160755 0.999996 0.00231623 0.00109928 -0.00231777 0.999996 -0.0546573 0.0486785 0.0636377
FixedParameters: 0 0 0

#Transform 73
Transform: AffineTransform_float_3_3
Parameters: 0.999998 -0.00192613 -0.000482467 0.00192687 0.999996 0.00179907 0.000479534 -0.00179993 0.999999 -0.0247286 0.0360378 0.0660264
FixedParameters: 0 0 0

#Transform 74
Transform: AffineTransform_float_3_3
Parameters: 0.999998 -0.00213067 -0.000866281 0.00213133 0.999996 0.00153816 0.000862722 -0.00153984 0.999999 -0.0426343 -0.0101786 0.102424
FixedParameters: 0 0 0

#Transform 75
Transform: AffineTransform_float_3_3
Parameters: 0.999997 -0.00237277 -0.000170196 0.00237323 0.999997 0.0013466 0.000166803 -0.0013474 0.999999 0.0182927 0.0300363 0.0425522
FixedParameters: 0 0 0

#Transform 76
Transform: AffineTransform_float_3_3
Parameters: 0.999996 -0.00263711 5.16887e-05 0.00263689 0.999994 0.00201414 -5.73106e-05 -0.00201385 0.999998 0.00680964 0.0323852 0.0705466
FixedParameters: 0 0 0

#Transform 77
Transform: AffineTransform_float_3_3
Parameters: 0.999996 -0.00284001 1.11397e-05 0.00283999 0.999996 0.000655034 -1.38601e-05 -0.000654963 1 -0.0311637 -0.00153938 0.158975
FixedParameters: 0 0 0

#Transform 78
Transform: AffineTransform_float_3_3
Parameters: 0.999997 -0.00253029 0.000826122 0.00252971 0.999996 0.000348091 -0.000826878 -0.000345909 0.999999 -0.00956287 0.0232654 0.170527
FixedParameters: 0 0 0

#Transform 79
Transform: AffineTransform_float_3_3
Parameters: 0.999998 -0.00190929 0.000182974 0.00190871 0.999997 0.00158535 -0.000186025 -0.00158465 0.999998 -0.0119001 0.112847 0.128011
FixedParameters: 0 0 0

#Transform 80
Transform: AffineTransform_float_3_3
Parameters: 0.999999 -0.00179029 8.08257e-05 0.00178971 0.999993 0.00344915 -8.71731e-05 -0.00344885 0.999994 -0.0219606 0.209983 0.153596
FixedParameters: 0 0 0

#Transform 81
Transform: AffineTransform_float_3_3
Parameters: 0.999998 -0.00158971 0.000196367 0.0015883 0.999993 0.00354432 -0.00020163 -0.00354368 0.999993 -0.0427667 0.174154 0.17839
FixedParameters: 0 0 0

#Transform 82
Transform: AffineTransform_float_3_3
Parameters: 0.999998 -0.00159862 -9.08476e-05 0.00159837 0.999989 0.00428286 8.41548e-05 -0.00428314 0.999991 -0.0321482 0.240396 0.200192
FixedParameters: 0 0 0

#Transform 83
Transform: AffineTransform_float_3_3
Parameters: 0.999999 -0.00144481 0.000196104 0.00144419 0.99999 0.00408228 -0.000201897 -0.00408171 0.999991 -0.0195421 0.282204 0.162788
FixedParameters: 0 0 0

#Transform 84
Transform: AffineTransform_float_3_3
Parameters: 0.999998 -0.00179334 0.000772302 0.00178966 0.999989 0.00429739 -0.000780697 -0.00429561 0.999991 -0.0087663 0.274598 0.0977518
FixedParameters: 0 0 0

#Transform 85
Transform: AffineTransform_float_3_3
Parameters: 0.999999 -0.00129375 0.000187916 0.00129225 0.999992 0.00393125 -0.000193081 -0.00393076 0.999993 0.00816179 0.245347 0.134789
FixedParameters: 0 0 0

#Transform 86
Transform: AffineTransform_float_3_3
Parameters: 1 -0.000508441 0.000102843 0.000508558 0.999991 0.00424405 -0.000105159 -0.00424395 0.999991 -0.0196361 0.21028 0.168815
FixedParameters: 0 0 0

#Transform 87
Transform: AffineTransform_float_3_3
Parameters: 1 -0.000384898 0.000232519 0.000384099 0.999992 0.00385209 -0.000234481 -0.00385191 0.999992 -0.0527548 0.213159 0.179777
FixedParameters: 0 0 0

#Transform 88
Transform: AffineTransform_float_3_3
Parameters: 1 -0.00109874 -0.000331227 0.00110027 0.999992 0.00384464 0.000327773 -0.00384436 0.999992 -0.0355145 0.270008 0.16814
FixedParameters: 0 0 0

#Transform 89
Transform: AffineTransform_float_3_3
Parameters: 0.999999 -0.00096335 8.7204e-05 0.000963649 0.999992 0.00394109 -9.07984e-05 -0.00394091 0.999992 -0.0208523 0.261439 0.142548
FixedParameters: 0 0 0

#Transform 90
Transform: AffineTransform_float_3_3
Parameters: 0.999999 -0.000760269 -0.00016344 0.000760734 0.99999 0.00452288 0.000160561 -0.00452312 0.99999 -0.0289147 0.251786 0.153517
FixedParameters: 0 0 0

#Transform 91
Transform: AffineTransform_float_3_3
Parameters: 0.999999 -0.000675471 -0.000330146 0.000676533 0.999989 0.00465278 0.000327856 -0.00465322 0.999989 -0.0278429 0.235008 0.184527
FixedParameters: 0 0 0

#Transform 92
Transform: AffineTransform_float_3_3
Parameters: 0.999999 -0.00095177 0.000187123 0.00095123 0.999991 0.00407518 -0.000190878 -0.00407482 0.999991 -0.0186618 0.254719 0.125373
FixedParameters: 0 0 0

#Transform 93
Transform: AffineTransform_float_3_3
Parameters: 1 -0.00106698 -0.000261217 0.00106802 0.999991 0.00394972 0.000256783 -0.00395028 0.999992 -0.0249954 0.221739 0.124779
FixedParameters: 0 0 0

#Transform 94
Transform: AffineTransform_float_3_3
Parameters: 1 -0.00106867 0.000134817 0.00106733 0.999987 0.00485115 -0.00014018 -0.00485185 0.999988 -0.0232452 0.247847 0.157064
FixedParameters: 0 0 0

#Transform 95
Transform: AffineTransform_float_3_3
Parameters: 1 -0.00106667 -0.00033132 0.00106734 0.999991 0.00404765 0.000327682 -0.00404835 0.999992 0.000686194 0.293816 0.130003
FixedParameters: 0 0 0

#Transform 96
Transform: AffineTransform_float_3_3
Parameters: 0.999999 -0.000940249 -0.000178989 0.00094075 0.99999 0.00424083 0.000175012 -0.00424116 0.999991 0.00868519 0.26564 0.127652
FixedParameters: 0 0 0

#Transform 97
Transform: AffineTransform_float_3_3
Parameters: 0.999999 -0.000526114 -0.000808541 0.000529887 0.999989 0.00481258 0.000806459 -0.00481343 0.999988 0.00096296 0.246635 0.148045
FixedParameters: 0 0 0

#Transform 98
Transform: AffineTransform_float_3_3
Parameters: 0.999999 -0.000937788 -0.000304752 0.000939211 0.999991 0.00399871 0.000301247 -0.00399828 0.999992 0.0146799 0.277517 0.0764921
FixedParameters: 0 0 0

#Transform 99
Transform: AffineTransform_float_3_3
Parameters: 0.999999 -0.000789934 -0.000417928 0.000792066 0.999988 0.00496667 0.00041407 -0.00496733 0.999987 0.00233146 0.257221 0.0768708
FixedParameters: 0 0 0

#Transform 100
Transform: AffineTransform_float_3_3
Parameters: 0.999999 -0.00072275 -0.00024374 0.000724252 0.999987 0.00516982 0.000240259 -0.00517018 0.999986 0.00319669 0.258471 0.109055
FixedParameters: 0 0 0

#Transform 101
Transform: AffineTransform_float_3_3
Parameters: 0.999999 -0.000790753 -0.000235234 0.000792246 0.999986 0.00534982 0.000230765 -0.00535018 0.999985 0.00305011 0.309422 0.133468
FixedParameters: 0 0 0

#Transform 102
Transform: AffineTransform_float_3_3
Parameters: 1 -0.00117128 5.19533e-05 0.00117172 0.999986 0.00516306 -5.80503e-05 -0.00516293 0.999986 0.00390376 0.257686 0.12942
FixedParameters: 0 0 0

#Transform 103
Transform: AffineTransform_float_3_3
Parameters: 1 -0.00113103 -0.000174422 0.00113197 0.999984 0.00567581 0.000167578 -0.00567619 0.999984 0.00300891 0.24246 0.149601
FixedParameters: 0 0 0

#Transform 104
Transform: AffineTransform_float_3_3
Parameters: 0.999999 -0.00121355 -0.000296025 0.00121445 0.999987 0.00496164 0.000289977 -0.00496235 0.999987 0.00232558 0.256671 0.143341
FixedParameters: 0 0 0

#Transform 105
Transform: AffineTransform_float_3_3
Parameters: 1 -0.00121511 1.74666e-05 0.00121489 0.999985 0.00537702 -2.45328e-05 -0.00537697 0.999985 0.00372897 0.258525 0.128257
FixedParameters: 0 0 0

#Transform 106
Transform: AffineTransform_float_3_3
Parameters: 1 -0.00121496 -1.11854e-05 0.00121504 0.999982 0.00591399 3.81429e-06 -0.005914 0.999982 -0.015525 0.261083 0.181584
FixedParameters: 0 0 0

#Transform 107
Transform: AffineTransform_float_3_3
Parameters: 0.999999 -0.00121313 -0.000327021 0.00121487 0.999982 0.00578261 0.00031998 -0.00578339 0.999983 -0.0109286 0.273267 0.183042
FixedParameters: 0 0 0

#Transform 108
Transform: AffineTransform_float_3_3
Parameters: 0.999999 0.00114601 0.000612521 -0.00114999 0.999978 0.0065503 -0.00060548 -0.0065507 0.999979 0.00193085 0.268933 0.109221
FixedParameters: 0 0 0

#Transform 109
Transform: AffineTransform_float_3_3
Parameters: 0.999999 0.00146972 0.000331279 -0.00147228 0.999975 0.00698852 -0.000320719 -0.00698848 0.999975 -0.00833961 0.243036 0.18116
FixedParameters: 0 0 0

#Transform 110
Transform: AffineTransform_float_3_3
Parameters: 0.999998 0.00172496 0.000248574 -0.00172704 0.999963 0.00844359 -0.000234427 -0.00844342 0.999965 -0.00478599 0.226185 0.382015
FixedParameters: 0 0 0

#Transform 111
Transform: AffineTransform_float_3_3
Parameters: 0.999998 0.00156443 -0.000330702 -0.00156257 0.999972 0.00722752 0.000342301 -0.00722647 0.999974 -0.0108146 0.232922 0.315641
FixedParameters: 0 0 0

#Transform 112
Transform: AffineTransform_float_3_3
Parameters: 0.999999 0.00172684 2.74822e-05 -0.00172716 0.999968 0.00780696 -1.35164e-05 -0.00780703 0.999969 -0.0164516 0.208874 0.302083
FixedParameters: 0 0 0

#Transform 113
Transform: AffineTransform_float_3_3
Parameters: 0.999999 0.00167126 -0.000281889 -0.00166874 0.999968 0.00785048 0.000295108 -0.00784952 0.999969 -0.0226162 0.220768 0.349379
FixedParameters: 0 0 0

#Transform 114
Transform: AffineTransform_float_3_3
Parameters: 1 0.00117539 7.95198e-05 -0.0011766 0.999966 0.00809691 -6.94753e-05 -0.00809709 0.999967 -0.0094035 0.285716 0.30006
FixedParameters: 0 0 0

#Transform 115
Transform: AffineTransform_float_3_3
Parameters: 0.999999 0.00136541 0.000454042 -0.00136959 0.999947 0.0102664 -0.000439963 -0.0102666 0.999947 -0.0287258 0.308381 0.34381
FixedParameters: 0 0 0

#Transform 116
Transform: AffineTransform_float_3_3
Parameters: 1 0.00119729 0.000230113 -0.00119872 0.999971 0.00760573 -0.000220889 -0.00760627 0.999971 -0.025772 0.282988 0.283599
FixedParameters: 0 0 0

#Transform 117
Transform: AffineTransform_float_3_3
Parameters: 1 0.00103523 0.000372786 -0.00103777 0.999972 0.00751062 -0.000365215 -0.00751138 0.999971 -0.018559 0.254696 0.33746
FixedParameters: 0 0 0

#Transform 118
Transform: AffineTransform_float_3_3
Parameters: 0.999998 0.00145963 0.000783089 -0.00146537 0.999975 0.00689886 -0.000772908 -0.00690014 0.999976 -0.0211066 0.321444 0.293018
FixedParameters: 0 0 0

#Transform 119
Transform: AffineTransform_float_3_3
Parameters: 0.999998 0.00138504 0.000783632 -0.00139096 0.999969 0.00765892 -0.000772369 -0.00766008 0.999971 -0.0364111 0.309639 0.309494
FixedParameters: 0 0 0

#Transform 120
Transform: AffineTransform_float_3_3
Parameters: 0.999998 0.00152051 0.000671576 -0.00152649 0.999965 0.00825598 -0.000658419 -0.00825701 0.999965 -0.021803 0.311106 0.324391
FixedParameters: 0 0 0

#Transform 121
Transform: AffineTransform_float_3_3
Parameters: 0.999999 0.00108324 0.000781048 -0.00108876 0.999972 0.00740916 -0.000772954 -0.00740985 0.999972 -0.0255126 0.34534 0.300554
FixedParameters: 0 0 0

#Transform 122
Transform: AffineTransform_float_3_3
Parameters: 0.999998 0.00107968 0.0012213 -0.00108932 0.99997 0.00765868 -0.00121269 -0.00765932 0.99997 -0.0205783 0.338536 0.281953
FixedParameters: 0 0 0

#Transform 123
Transform: AffineTransform_float_3_3
Parameters: 0.999999 0.00107991 0.00142693 -0.00108909 0.999979 0.00638545 -0.00142007 -0.00638654 0.999978 -0.0179655 0.273686 0.326017
FixedParameters: 0 0 0

#Transform 124
Transform: AffineTransform_float_3_3
Parameters: 0.999998 0.00155492 0.000703341 -0.00156008 0.999973 0.00728092 -0.000691658 -0.00728209 0.999973 -0.0220312 0.299917 0.341717
FixedParameters: 0 0 0

#Transform 125
Transform: AffineTransform_float_3_3
Parameters: 0.999998 0.00134252 0.000870941 -0.00134748 0.999986 0.00516083 -0.000864056 -0.00516217 0.999987 -0.0319766 0.250367 0.267608
FixedParameters: 0 0 0

#Transform 126
Transform: AffineTransform_float_3_3
Parameters: 0.999999 0.000995612 0.000776658 -0.00100039 0.999984 0.00567023 -0.000771339 -0.00567177 0.999983 -0.025209 0.26414 0.271544
FixedParameters: 0 0 0

#Transform 127
Transform: AffineTransform_float_3_3
Parameters: 1 0.000715762 0.000881281 -0.000721237 0.999982 0.00595837 -0.000876718 -0.00595863 0.999982 -0.0252328 0.226484 0.310089
FixedParameters: 0 0 0

#Transform 128
Transform: AffineTransform_float_3_3
Parameters: 0.999999 0.00185715 -0.000180548 -0.00185585 0.99998 0.00616835 0.00019245 -0.00616765 0.999981 -0.0482342 0.257388 0.327164
FixedParameters: 0 0 0

#Transform 129
Transform: AffineTransform_float_3_3
Parameters: 0.999999 0.000997175 -1.80381e-05 -0.000996824 0.999967 0.00798502 2.59604e-05 -0.00798498 0.999968 -0.0320292 0.334691 0.360498
FixedParameters: 0 0 0

#Transform 130
Transform: AffineTransform_float_3_3
Parameters: 0.999999 0.000996352 8.76984e-05 -0.000996641 0.999969 0.00772392 -7.93042e-05 -0.00772408 0.99997 -0.0284331 0.333433 0.35007
FixedParameters: 0 0 0

#Transform 131
Transform: AffineTransform_float_3_3
Parameters: 1 0.000992194 0.000496719 -0.0009968 0.999952 0.00977151 -0.000486283 -0.00977149 0.999952 -0.02652 0.365607 0.395325
FixedParameters: 0 0 0

#Transform 132
Transform: AffineTransform_float_3_3
Parameters: 0.999999 0.000998477 -0.000150509 -0.000996528 0.999955 0.00951215 0.000159487 -0.00951285 0.999954 -0.0439376 0.361085 0.369315
FixedParameters: 0 0 0

#Transform 133
Transform: AffineTransform_float_3_3
Parameters: 1 0.000998449 -0.000150699 -0.00099655 0.999956 0.00932215 0.000160298 -0.00932284 0.999956 -0.029485 0.348095 0.406289
FixedParameters: 0 0 0

#Transform 134
Transform: AffineTransform_float_3_3
Parameters: 1 0.000998719 -0.000148893 -0.00099728 0.999937 0.0111301 0.00016011 -0.0111298 0.999938 -0.0394882 0.35936 0.496263
FixedParameters: 0 0 0

#Transform 135
Transform: AffineTransform_float_3_3
Parameters: 1 0.00100317 -0.000584536 -0.000996824 0.999945 0.0104636 0.000595463 -0.0104634 0.999945 -0.041372 0.397606 0.449431
FixedParameters: 0 0 0

#Transform 136
Transform: AffineTransform_float_3_3
Parameters: 1 0.000816198 -0.00072801 -0.000808802 0.999952 0.0098336 0.000735989 -0.00983241 0.999952 -0.0323006 0.345545 0.554483
FixedParameters: 0 0 0

#Transform 137
Transform: AffineTransform_float_3_3
Parameters: 0.999999 0.000992695 -0.000828241 -0.00097531 0.999777 0.0210978 0.000848766 -0.0210972 0.999777 -0.0821839 0.4241 1.53982
FixedParameters: 0 0 0

#Transform 138
Transform: AffineTransform_float_3_3
Parameters: 0.999998 0.00183629 -0.000869379 -0.0018177 0.999787 0.0205886 0.000907615 -0.0205874 0.999787 -0.107009 0.794864 0.810902
FixedParameters: 0 0 0

#Transform 139
Transform: AffineTransform_float_3_3
Parameters: 0.999998 0.00155239 -0.000614575 -0.00153962 0.999805 0.019676 0.000644417 -0.019675 0.999806 -0.0999472 0.730864 0.763057
FixedParameters: 0 0 0

#Transform 140
Transform: AffineTransform_float_3_3
Parameters: 0.999998 0.00155195 -0.00057049 -0.00154004 0.999791 0.0203799 0.000602509 -0.0203781 0.999792 -0.0834852 0.73461 0.792278
FixedParameters: 0 0 0

#Transform 141
Transform: AffineTransform_float_3_3
Parameters: 0.999999 0.00155379 -0.000704338 -0.00154022 0.999815 0.0191741 0.000733666 -0.0191729 0.999816 -0.106966 0.740495 0.746588
FixedParameters: 0 0 0

#Transform 142
Transform: AffineTransform_float_3_3
Parameters: 0.999998 0.00188285 -0.000829925 -0.00186714 0.999824 0.0187066 0.000865078 -0.0187054 0.999824 -0.100829 0.711726 0.733196
FixedParameters: 0 0 0

#Transform 143
Transform: AffineTransform_float_3_3
Parameters: 0.999999 0.00155676 -0.000801248 -0.00154025 0.999788 0.0205053 0.000832759 -0.0205047 0.99979 -0.0845549 0.737734 0.793298
FixedParameters: 0 0 0

#Transform 144
Transform: AffineTransform_float_3_3
Parameters: 0.999999 0.00155604 -0.000805762 -0.00153996 0.999808 0.0195323 0.000836237 -0.0195307 0.999809 -0.104577 0.724419 0.809475
FixedParameters: 0 0 0

#Transform 145
Transform: AffineTransform_float_3_3
Parameters: 0.999998 0.00155394 -0.000723803 -0.00154006 0.99982 0.0188721 0.000753198 -0.0188718 0.999821 -0.10053 0.745732 0.776344
FixedParameters: 0 0 0

#Transform 146
Transform: AffineTransform_float_3_3
Parameters: 0.999999 0.00155656 -0.000835877 -0.00153944 0.999809 0.0194553 0.000866115 -0.0194547 0.999811 -0.10342 0.747757 0.776763
FixedParameters: 0 0 0

#Transform 147
Transform: AffineTransform_float_3_3
Parameters: 0.999998 0.00154732 -0.00035984 -0.00153967 0.999808 0.0195366 0.000390153 -0.0195354 0.999809 -0.104735 0.7388 0.786966
FixedParameters: 0 0 0

#Transform 148
Transform: AffineTransform_float_3_3
Parameters: 0.999998 0.00155265 -0.000601293 -0.00154035 0.999788 0.0205029 0.000632714 -0.020502 0.999789 -0.112598 0.750288 0.824697
FixedParameters: 0 0 0

#Transform 149
Transform: AffineTransform_float_3_3
Parameters: 0.999998 0.00161256 -0.000661161 -0.00159944 0.999826 0.0185751 0.000690828 -0.0185739 0.999828 -0.105084 0.730089 0.732536
FixedParameters: 0 0 0

#Transform 150
Transform: AffineTransform_float_3_3
Parameters: 0.999999 0.00155686 -0.000860166 -0.00154012 0.999813 0.0192664 0.000890837 -0.0192646 0.999814 -0.110832 0.74558 0.734325
FixedParameters: 0 0 0

#Transform 151
Transform: AffineTransform_float_3_3
Parameters: 0.999998 0.00179846 -0.000729312 -0.00178355 0.999811 0.0193643 0.000763679 -0.0193627 0.999812 -0.099815 0.722628 0.789236
FixedParameters: 0 0 0
