#Insight Transform File V1.0
#Transform 0
Transform: AffineTransform_float_3_3
Parameters: 0.999997 0.000458008 -0.00231443 -0.000442237 0.999973 0.00722653 0.00231752 -0.00722548 0.999972 0.00155161 -0.136876 -0.00485172
FixedParameters: 0 0 0

#Transform 1
Transform: AffineTransform_float_3_3
Parameters: 0.999998 0.00078814 -0.00172875 -0.000775154 0.999972 0.00751855 0.00173436 -0.00751746 0.999971 -0.0230509 -0.148893 0.144703
FixedParameters: 0 0 0

#Transform 2
Transform: AffineTransform_float_3_3
Parameters: 0.999998 0.00096523 -0.00176832 -0.000955357 0.999984 0.00559389 0.00177347 -0.00559211 0.999983 -0.039171 -0.0615195 0.0870378
FixedParameters: 0 0 0

#Transform 3
Transform: AffineTransform_float_3_3
Parameters: 0.999998 0.000755024 -0.0019699 -0.0007391 0.999967 0.00809466 0.00197629 -0.00809333 0.999965 0.0258036 -0.129213 0.223312
FixedParameters: 0 0 0

#Transform 4
Transform: AffineTransform_float_3_3
Parameters: 0.999997 0.000547571 -0.00235433 -0.000516035 0.999914 0.0131137 0.00236168 -0.0131123 0.999912 0.0187623 -0.321793 0.410501
FixedParameters: 0 0 0

#Transform 5
Transform: AffineTransform_float_3_3
Parameters: 0.999997 0.000623616 -0.00205791 -0.000603487 0.999953 0.00972745 0.00206475 -0.00972655 0.99995 0.00987805 -0.158532 0.0909444
FixedParameters: 0 0 0

#Transform 6
Transform: AffineTransform_float_3_3
Parameters: 0.999997 0.000843627 -0.00220693 -0.000819965 0.999945 0.0104482 0.00221554 -0.0104468 0.999943 0.020231 -0.202023 0.0552135
FixedParameters: 0 0 0

#Transform 7
Transform: AffineTransform_float_3_3
Parameters: 0.999997 0.00122943 -0.00209289 -0.00121105 0.999958 0.00911563 0.00210394 -0.00911337 0.999956 0.0111177 -0.169358 0.116432
FixedParameters: 0 0 0

#Transform 8
Transform: AffineTransform_float_3_3
Parameters: 0.999998 0.00158274 -0.000456593 -0.00157701 0.99992 0.0124836 0.000476702 -0.0124834 0.999922 -0.0662464 -0.323853 0.256188
FixedParameters: 0 0 0

#Transform 9
Transform: AffineTransform_float_3_3
Parameters: 0.999998 0.00136226 -0.000845148 -0.00135239 0.999936 0.011228 0.000860838 -0.011227 0.999936 -0.0292554 -0.223661 0.0231556
FixedParameters: 0 0 0

#Transform 10
Transform: AffineTransform_float_3_3
Parameters: 1 0.000894544 -0.000779523 -0.000884898 0.999924 0.0123107 0.000790744 -0.0123103 0.999924 -0.0496901 -0.281341 0.101703
FixedParameters: 0 0 0

#Transform 11
Transform: AffineTransform_float_3_3
Parameters: 0.999999 0.00116258 -0.0010094 -0.00115029 0.999928 0.011998 0.00102379 -0.0119969 0.999927 -0.0214791 -0.247194 0.0791356
FixedParameters: 0 0 0

#Transform 12
Transform: AffineTransform_float_3_3
Parameters: 0.999998 0.00116607 -0.00175904 -0.00114859 0.999952 0.00970008 0.00177085 -0.00969791 0.999951 0.028077 -0.167398 0.0593055
FixedParameters: 0 0 0

#Transform 13
Transform: AffineTransform_float_3_3
Parameters: 0.999997 0.00146525 -0.00161062 -0.00145181 0.999966 0.00811542 0.00162306 -0.00811357 0.999966 0.00608647 -0.147093 0.00523841
FixedParameters: 0 0 0

#Transform 14
Transform: AffineTransform_float_3_3
Parameters: 0.999996 0.00241043 -0.000863786 -0.00240455 0.999971 0.00716771 0.000881084 -0.0071663 0.999974 -0.00869932 -0.118176 -0.0230637
FixedParameters: 0 0 0

#Transform 15
Transform: AffineTransform_float_3_3
Parameters: 0.999996 0.0025183 -0.000618284 -0.00251077 0.999926 0.0119112 0.000647969 -0.0119098 0.999929 -0.0664104 -0.193912 0.245458
FixedParameters: 0 0 0

#Transform 16
Transform: AffineTransform_float_3_3
Parameters: 0.999993 0.002801 -0.00272625 -0.00281123 0.999989 -0.00386365 0.00271607 0.00387135 0.999989 0.0468266 0.281058 -0.00225295
FixedParameters: 0 0 0

#Transform 17
Transform: AffineTransform_float_3_3
Parameters: 0.999993 0.00296954 -0.00237788 -0.00298482 0.999973 -0.00662423 0.00235826 0.00663076 0.999976 0.00922077 0.308222 0.0852946
FixedParameters: 0 0 0

#Transform 18
Transform: AffineTransform_float_3_3
Parameters: 0.99999 0.00425484 -0.000734174 -0.00425816 0.999982 -0.00421523 0.000717065 0.00421877 0.999991 -0.0192288 0.236567 0.0129161
FixedParameters: 0 0 0

#Transform 19
Transform: AffineTransform_float_3_3
Parameters: 0.999995 0.00166427 -0.00289271 -0.00166641 0.999999 -0.00093193 0.00289113 0.000937073 0.999995 0.0435161 0.0990765 -0.0242388
FixedParameters: 0 0 0

#Transform 20
Transform: AffineTransform_float_3_3
Parameters: 0.999999 0.00117014 0.000937802 -0.00116898 0.999998 -0.00151512 -0.000939071 0.00151388 0.999999 -0.0151193 0.0522206 0.028049
FixedParameters: 0 0 0

#Transform 21
Transform: AffineTransform_float_3_3
Parameters: 0.999998 -0.00209822 0.000935621 0.00210265 0.999989 -0.00415631 -0.000926761 0.00415869 0.999991 0.0709483 0.101544 0.0852138
FixedParameters: 0 0 0

#Transform 22
Transform: AffineTransform_float_3_3
Parameters: 0.999996 -0.00245443 0.000783706 0.00245549 0.999996 -0.0016935 -0.000779194 0.0016955 0.999999 -0.00278329 0.0401545 0.100706
FixedParameters: 0 0 0

#Transform 23
Transform: AffineTransform_float_3_3
Parameters: 0.999999 -0.00180058 -0.000175099 0.00180064 0.999999 0.000181371 0.000174446 -0.000181629 1 0.00618348 0.0294666 -0.0570629
FixedParameters: 0 0 0

#Transform 24
Transform: AffineTransform_float_3_3
Parameters: 0.999998 -0.00159291 -0.00114624 0.00159558 0.999996 0.00220013 0.00114362 -0.00220187 0.999997 0.00637525 -0.0242813 -0.128984
FixedParameters: 0 0 0

#Transform 25
Transform: AffineTransform_float_3_3
Parameters: 0.999997 -0.00175525 -0.00201876 0.0017631 0.99999 0.00417854 0.00201146 -0.00418246 0.999989 0.0250739 -0.095541 -0.152986
FixedParameters: 0 0 0

#Transform 26
Transform: AffineTransform_float_3_3
Parameters: 0.999997 -0.0017171 -0.0017893 0.00172813 0.999977 0.00655601 0.00177866 -0.006559 0.999977 -0.00705254 -0.146806 -0.188944
FixedParameters: 0 0 0

#Transform 27
Transform: AffineTransform_float_3_3
Parameters: 0.999997 -0.000891846 -0.0023621 0.000908254 0.999973 0.00733429 0.00235566 -0.00733671 0.99997 0.0145289 -0.142526 -0.15636
FixedParameters: 0 0 0

#Transform 28
Transform: AffineTransform_float_3_3
Parameters: 0.999996 -0.000723233 -0.0025173 0.000742292 0.999973 0.00723957 0.00251232 -0.00724142 0.99997 0.0319358 -0.100364 -0.2089
FixedParameters: 0 0 0

#Transform 29
Transform: AffineTransform_float_3_3
Parameters: 0.999996 -0.000991769 -0.002355 0.00100934 0.999972 0.00736306 0.00234787 -0.00736593 0.99997 0.0270722 -0.128505 -0.230779
FixedParameters: 0 0 0

#Transform 30
Transform: AffineTransform_float_3_3
Parameters: 0.999996 -0.000899325 -0.00242602 0.000917714 0.999968 0.00795922 0.00241862 -0.00796179 0.999966 0.035217 -0.141343 -0.231261
FixedParameters: 0 0 0

#Transform 31
Transform: AffineTransform_float_3_3
Parameters: 0.999997 -0.000560169 -0.00247391 0.000578948 0.999969 0.00777003 0.00246901 -0.00777196 0.999966 0.0337079 -0.1191 -0.229772
FixedParameters: 0 0 0

#Transform 32
Transform: AffineTransform_float_3_3
Parameters: 0.999997 -0.000512476 -0.00248061 0.00053071 0.999972 0.00743815 0.00247665 -0.00743986 0.999969 0.0109661 -0.102923 -0.234444
FixedParameters: 0 0 0

#Transform 33
Transform: AffineTransform_float_3_3
Parameters: 0.999997 0.000116583 -0.00236509 -0.000100507 0.999977 0.00683657 0.00236597 -0.00683643 0.999974 -0.000578742 -0.0725403 -0.154469
FixedParameters: 0 0 0

#Transform 34
Transform: AffineTransform_float_3_3
Parameters: 0.999997 0.000583528 -0.00232567 -0.000568017 0.999977 0.00670968 0.00232968 -0.00670832 0.999975 0.0147097 -0.0799553 -0.149292
FixedParameters: 0 0 0

#Transform 35
Transform: AffineTransform_float_3_3
Parameters: 0.999997 5.36382e-05 -0.0026703 -3.49245e-05 0.999977 0.0067346 0.00267045 -0.0067354 0.999974 0.0307686 -0.0633821 -0.196808
FixedParameters: 0 0 0

#Transform 36
Transform: AffineTransform_float_3_3
Parameters: 0.999997 -0.000175242 -0.00248298 0.000193689 0.999971 0.00752997 0.00248202 -0.00753001 0.999968 0.0252228 -0.0989347 -0.188221
FixedParameters: 0 0 0

#Transform 37
Transform: AffineTransform_float_3_3
Parameters: 0.999997 -8.70395e-05 -0.00247139 0.000104532 0.999976 0.00700123 0.00247058 -0.00700178 0.999973 -0.0058662 -0.0652556 -0.177153
FixedParameters: 0 0 0

#Transform 38
Transform: AffineTransform_float_3_3
Parameters: 0.999997 0.000584785 -0.00243335 -0.000566925 0.999973 0.00733189 0.00243738 -0.00733012 0.999971 -0.00935269 -0.0497243 0.0805779
FixedParameters: 0 0 0

#Transform 39
Transform: AffineTransform_float_3_3
Parameters: 0.999996 -0.000586328 -0.00272766 0.000605429 0.999974 0.00728679 0.00272306 -0.00728821 0.999969 0.00972297 -0.0211767 -0.0190499
FixedParameters: 0 0 0

#Transform 40
Transform: AffineTransform_float_3_3
Parameters: 0.999994 -5.06068e-05 -0.00324497 7.50138e-05 0.99997 0.00763857 0.00324474 -0.00763943 0.999965 0.0361625 -0.0642985 -0.106052
FixedParameters: 0 0 0

#Transform 41
Transform: AffineTransform_float_3_3
Parameters: 0.999994 0.000222265 -0.00328392 -0.000198346 0.999974 0.00721646 0.00328541 -0.00721553 0.999968 0.0404238 -0.0408326 -0.139103
FixedParameters: 0 0 0

#Transform 42
Transform: AffineTransform_float_3_3
Parameters: 0.999995 4.01458e-05 -0.00318337 -1.73133e-05 0.999975 0.00707284 0.00318406 -0.00707215 0.99997 0.0605632 -0.0340475 -0.150748
FixedParameters: 0 0 0

#Transform 43
Transform: AffineTransform_float_3_3
Parameters: 0.999995 -0.000325699 -0.00320608 0.000348134 0.999975 0.00707165 0.00320373 -0.00707235 0.99997 0.0438908 -0.0655292 -0.124575
FixedParameters: 0 0 0

#Transform 44
Transform: AffineTransform_float_3_3
Parameters: 0.999996 -1.23088e-05 -0.0030779 3.49113e-05 0.999975 0.00714256 0.00307671 -0.00714344 0.99997 0.0399902 -0.0236821 -0.144333
FixedParameters: 0 0 0

#Transform 45
Transform: AffineTransform_float_3_3
Parameters: 0.999994 -4.86977e-05 -0.00324538 7.2968e-05 0.999973 0.00731256 0.00324492 -0.00731245 0.999968 0.0507126 -0.0257188 -0.197798
FixedParameters: 0 0 0

#Transform 46
Transform: AffineTransform_float_3_3
Parameters: 0.999995 7.3695e-05 -0.00297898 -5.20379e-05 0.999974 0.00721981 0.00297904 -0.00722018 0.999969 0.0373365 -0.0169646 -0.166711
FixedParameters: 0 0 0

#Transform 47
Transform: AffineTransform_float_3_3
Parameters: 0.999996 0.000354858 -0.00272095 -0.000335085 0.999974 0.00724743 0.00272283 -0.00724658 0.99997 0.0201576 -0.0179564 -0.141678
FixedParameters: 0 0 0

#Transform 48
Transform: AffineTransform_float_3_3
Parameters: 0.999994 -8.09549e-05 -0.0033024 0.000105226 0.999973 0.00733644 0.00330161 -0.00733655 0.999967 0.0338771 -0.0150375 -0.168152
FixedParameters: 0 0 0

#Transform 49
Transform: AffineTransform_float_3_3
Parameters: 0.999995 2.87529e-05 -0.00308664 -6.05495e-06 0.999973 0.00743266 0.00308733 -0.00743234 0.999967 0.0334116 -0.010456 -0.142634
FixedParameters: 0 0 0

#Transform 50
Transform: AffineTransform_float_3_3
Parameters: 0.999995 -0.000154663 -0.00314939 0.000179721 0.99997 0.00781923 0.00314735 -0.00781978 0.999965 0.0410089 -0.0335642 -0.161943
FixedParameters: 0 0 0

#Transform 51
Transform: AffineTransform_float_3_3
Parameters: 0.999996 -0.000115622 -0.0028801 0.0001395 0.999967 0.00814623 0.00287945 -0.00814676 0.999962 0.0313759 -0.0351379 -0.140408
FixedParameters: 0 0 0

#Transform 52
Transform: AffineTransform_float_3_3
Parameters: 0.999996 0.000412878 -0.0028351 -0.000391404 0.999972 0.00742862 0.00283809 -0.00742737 0.999968 0.0333935 -0.0191566 -0.155707
FixedParameters: 0 0 0

#Transform 53
Transform: AffineTransform_float_3_3
Parameters: 0.999995 0.000223285 -0.00292809 -0.000200504 0.999968 0.00789824 0.00292989 -0.00789775 0.999964 0.0306819 -0.0468084 -0.124513
FixedParameters: 0 0 0

#Transform 54
Transform: AffineTransform_float_3_3
Parameters: 0.999993 -1.4032e-05 -0.0035544 4.74241e-05 0.999958 0.00923181 0.0035546 -0.00923219 0.999951 0.0556961 -0.0822109 -0.175478
FixedParameters: 0 0 0

#Transform 55
Transform: AffineTransform_float_3_3
Parameters: 0.999997 -5.88115e-05 -0.00236473 7.96209e-05 0.999958 0.00909627 0.00236375 -0.00909572 0.999956 -0.00696445 -0.0719032 -0.132449
FixedParameters: 0 0 0

#Transform 56
Transform: AffineTransform_float_3_3
Parameters: 0.999996 -5.74579e-06 -0.00290269 2.87699e-05 0.999967 0.00813055 0.00290299 -0.00813044 0.999963 0.0302793 -0.0556488 -0.112639
FixedParameters: 0 0 0

#Transform 57
Transform: AffineTransform_float_3_3
Parameters: 0.999997 -0.000219889 -0.00252193 0.000241464 0.999961 0.00881888 0.00252027 -0.00882012 0.999958 0.0152027 -0.036558 0.0334717
FixedParameters: 0 0 0

#Transform 58
Transform: AffineTransform_float_3_3
Parameters: 0.999997 0.000670356 -0.00234271 -0.000648684 0.999958 0.00911988 0.00234879 -0.00911812 0.999956 0.000196405 -0.0219792 -0.0236556
FixedParameters: 0 0 0

#Transform 59
Transform: AffineTransform_float_3_3
Parameters: 0.999997 0.000648683 -0.00243811 -0.000634219 0.999984 0.00557892 0.0024411 -0.00557807 0.999981 -0.0441567 -0.00406297 0.119866
FixedParameters: 0 0 0

#Transform 60
Transform: AffineTransform_float_3_3
Parameters: 0.999997 0.000700268 -0.00208448 -0.000687176 0.999982 0.00595778 0.00208843 -0.00595622 0.99998 -0.0426892 0.0464872 0.173223
FixedParameters: 0 0 0

#Transform 61
Transform: AffineTransform_float_3_3
Parameters: 0.999998 0.000216039 -0.00201485 -0.000202714 0.999979 0.00635973 0.00201632 -0.00635926 0.999978 -0.0400833 0.00086814 0.129097
FixedParameters: 0 0 0

#Transform 62
Transform: AffineTransform_float_3_3
Parameters: 0.999997 0.000124845 -0.00265827 -0.000106853 0.999978 0.00665792 0.00265837 -0.00665709 0.999975 0.014115 -0.00049835 0.035383
FixedParameters: 0 0 0

#Transform 63
Transform: AffineTransform_float_3_3
Parameters: 0.999997 0.000115063 -0.00272757 -9.69307e-05 0.999978 0.00669575 0.00272769 -0.00669525 0.999974 0.0125907 -0.00213922 0.0342589
FixedParameters: 0 0 0

#Transform 64
Transform: AffineTransform_float_3_3
Parameters: 0.999996 0.000496275 -0.00271088 -0.00047763 0.999975 0.00709281 0.00271367 -0.0070912 0.999972 0.0212367 -0.0113611 0.0506897
FixedParameters: 0 0 0

#Transform 65
Transform: AffineTransform_float_3_3
Parameters: 0.999995 -4.02838e-05 -0.00294729 6.40994e-05 0.999967 0.00814245 0.00294702 -0.00814254 0.999962 0.0279456 -0.0387199 0.0146689
FixedParameters: 0 0 0

#Transform 66
Transform: AffineTransform_float_3_3
Parameters: 0.999995 9.20608e-05 -0.0029185 -6.78209e-05 0.999966 0.00814986 0.00291925 -0.00815013 0.999962 0.0469617 -0.00321912 -0.0190177
FixedParameters: 0 0 0

#Transform 67
Transform: AffineTransform_float_3_3
Parameters: 0.999995 -0.000411119 -0.00307673 0.000438242 0.999961 0.00875142 0.00307328 -0.00875257 0.999957 0.0386466 -0.061152 -0.010821
FixedParameters: 0 0 0

#Transform 68
Transform: AffineTransform_float_3_3
Parameters: 0.999995 -0.000153589 -0.00311264 0.000183173 0.999952 0.00972523 0.00311197 -0.00972577 0.999948 0.0432172 -0.0756389 -0.050065
FixedParameters: 0 0 0

#Transform 69
Transform: AffineTransform_float_3_3
Parameters: 0.999995 3.38275e-05 -0.0031389 -3.55665e-06 0.999955 0.00948381 0.00313959 -0.00948319 0.99995 0.039628 -0.0655142 -0.142944
FixedParameters: 0 0 0

#Transform 70
Transform: AffineTransform_float_3_3
Parameters: 0.999997 0.000696658 -0.00232112 -0.000675264 0.999958 0.00914393 0.00232772 -0.00914206 0.999955 -0.00849312 -0.0315185 -0.12183
FixedParameters: 0 0 0

#Transform 71
Transform: AffineTransform_float_3_3
Parameters: 0.999996 -5.82558e-05 -0.00285472 8.31128e-05 0.999963 0.00858941 0.00285409 -0.0085896 0.999959 0.0373896 -0.0315619 -0.111298
FixedParameters: 0 0 0

#Transform 72
Transform: AffineTransform_float_3_3
Parameters: 0.999996 -0.000153799 -0.00279557 0.000181124 0.999953 0.00971811 0.00279433 -0.00971788 0.999949 0.0292557 -0.0833445 -0.151299
FixedParameters: 0 0 0

#Transform 73
Transform: AffineTransform_float_3_3
Parameters: 0.999995 0.000506819 -0.00291752 -0.000492273 0.999988 0.00479596 0.00292027 -0.00479504 0.999984 0.0590668 0.144669 -0.165941
FixedParameters: 0 0 0

#Transform 74
Transform: AffineTransform_float_3_3
Parameters: 0.999995 0.000692486 -0.00310985 -0.000649584 0.999903 0.0139368 0.00311894 -0.0139343 0.999898 0.0607966 -0.108437 -0.123985
FixedParameters: 0 0 0

#Transform 75
Transform: AffineTransform_float_3_3
Parameters: 0.999994 -0.000493322 -0.00341274 0.00054674 0.999875 0.0158131 0.00340442 -0.0158149 0.999869 0.0532063 -0.00738491 0.0969339
FixedParameters: 0 0 0

#Transform 76
Transform: AffineTransform_float_3_3
Parameters: 0.999996 -0.00227844 -0.00130437 0.00233055 0.999118 0.0419199 0.001208 -0.0419231 0.99912 -0.104981 -0.230866 0.112836
FixedParameters: 0 0 0

#Transform 77
Transform: AffineTransform_float_3_3
Parameters: 0.999994 -0.00116336 -0.00311054 0.00124107 0.999685 0.0250579 0.00308005 -0.025061 0.999681 -0.0407815 -0.174882 0.0619239
FixedParameters: 0 0 0

#Transform 78
Transform: AffineTransform_float_3_3
Parameters: 0.999984 -0.000482762 -0.00575019 0.000583364 0.999848 0.0174365 0.00574044 -0.0174395 0.999832 0.0637415 -0.109163 0.063757
FixedParameters: 0 0 0

#Transform 79
Transform: AffineTransform_float_3_3
Parameters: 0.99999 0.000311415 -0.00434643 -0.000239157 0.999859 0.0167676 0.00435048 -0.0167664 0.99985 -0.072316 -0.141328 0.240323
FixedParameters: 0 0 0

#Transform 80
Transform: AffineTransform_float_3_3
Parameters: 0.999998 0.000161721 -0.00209198 -0.000129581 0.999885 0.0152096 0.00209506 -0.0152094 0.999882 -0.0893238 -0.0681258 0.111866
FixedParameters: 0 0 0

#Transform 81
Transform: AffineTransform_float_3_3
Parameters: 0.999996 6.20164e-05 -0.00282028 -1.30119e-05 0.99985 0.0173107 0.00282077 -0.0173113 0.999847 -0.054225 -0.118105 0.194639
FixedParameters: 0 0 0

#Transform 82
Transform: AffineTransform_float_3_3
Parameters: 0.999993 -0.000209527 -0.00369836 0.000272523 0.999853 0.017181 0.0036946 -0.017182 0.999845 -0.0227981 -0.160119 0.257598
FixedParameters: 0 0 0

#Transform 83
Transform: AffineTransform_float_3_3
Parameters: 0.999993 -0.000125486 -0.0037737 0.000193208 0.999838 0.0180255 0.00377108 -0.0180256 0.999831 -0.0205588 -0.13961 0.26035
FixedParameters: 0 0 0

#Transform 84
Transform: AffineTransform_float_3_3
Parameters: 0.999991 -0.000734874 -0.00404591 0.000810001 0.999827 0.018548 0.00403145 -0.0185519 0.999819 0.0134621 -0.169607 0.277014
FixedParameters: 0 0 0

#Transform 85
Transform: AffineTransform_float_3_3
Parameters: 0.99999 -0.00122505 -0.00418478 0.00130317 0.999823 0.018763 0.00416018 -0.018768 0.999815 0.0381424 -0.149676 0.213308
FixedParameters: 0 0 0

#Transform 86
Transform: AffineTransform_float_3_3
Parameters: 0.999988 -0.000935951 -0.00480235 0.00102654 0.999822 0.018861 0.00478387 -0.018865 0.999811 0.0339729 -0.139111 0.228954
FixedParameters: 0 0 0

#Transform 87
Transform: AffineTransform_float_3_3
Parameters: 0.999989 -0.000944952 -0.00471816 0.00102989 0.99984 0.0178609 0.00470039 -0.0178661 0.999829 0.0200538 -0.132626 0.213219
FixedParameters: 0 0 0

#Transform 88
Transform: AffineTransform_float_3_3
Parameters: 0.999985 -0.00147788 -0.00524489 0.00157581 0.999825 0.018627 0.00521563 -0.018635 0.999813 0.0518951 -0.1537 0.245295
FixedParameters: 0 0 0

#Transform 89
Transform: AffineTransform_float_3_3
Parameters: 0.999987 -0.00104446 -0.00494834 0.00113545 0.999832 0.0183143 0.00492893 -0.0183197 0.99982 0.0473587 -0.145351 0.193443
FixedParameters: 0 0 0

#Transform 90
Transform: AffineTransform_float_3_3
Parameters: 0.99999 -0.000861542 -0.00434288 0.000939758 0.999836 0.0180585 0.00432711 -0.0180625 0.999828 0.0359483 -0.124299 0.248698
FixedParameters: 0 0 0

#Transform 91
Transform: AffineTransform_float_3_3
Parameters: 0.99999 -0.000591253 -0.00456892 0.000668647 0.999854 0.0170537 0.00455812 -0.0170563 0.999844 0.0614612 -0.118453 0.274361
FixedParameters: 0 0 0

#Transform 92
Transform: AffineTransform_float_3_3
Parameters: 0.999988 -0.00042192 -0.00502508 0.000506587 0.999859 0.0167754 0.00501697 -0.0167776 0.999846 0.0607435 -0.109328 0.282908
FixedParameters: 0 0 0

#Transform 93
Transform: AffineTransform_float_3_3
Parameters: 0.999988 -0.000460712 -0.00473429 0.000545488 0.999839 0.0179094 0.00472488 -0.0179116 0.999829 0.047983 -0.1172 0.334444
FixedParameters: 0 0 0

#Transform 94
Transform: AffineTransform_float_3_3
Parameters: 0.999992 -0.000238649 -0.00385778 0.000322098 0.999767 0.021583 0.00385201 -0.021584 0.999759 -0.00521631 -0.202999 0.368986
FixedParameters: 0 0 0

#Transform 95
Transform: AffineTransform_float_3_3
Parameters: 0.999995 0.000420782 -0.00291422 -0.000326132 0.999473 0.0324347 0.00292634 -0.0324333 0.999469 0.017083 -0.0576108 0.100277
FixedParameters: 0 0 0

#Transform 96
Transform: AffineTransform_float_3_3
Parameters: 0.999994 -0.00120385 -0.00325853 0.00129666 0.99959 0.0286106 0.00322306 -0.0286154 0.999585 -0.0345668 -0.18384 0.138983
FixedParameters: 0 0 0

#Transform 97
Transform: AffineTransform_float_3_3
Parameters: 0.999989 0.000733678 -0.00447595 -0.000675167 0.999915 0.0129906 0.00448572 -0.0129874 0.999906 0.0477843 0.180013 0.0978357
FixedParameters: 0 0 0

#Transform 98
Transform: AffineTransform_float_3_3
Parameters: 0.999987 0.000727204 -0.00495719 -0.000665408 0.999922 0.0124771 0.00496563 -0.0124739 0.99991 0.0401522 0.194219 0.322261
FixedParameters: 0 0 0

#Transform 99
Transform: AffineTransform_float_3_3
Parameters: 0.999994 0.00134623 -0.00296641 -0.00130524 0.999904 0.0137994 0.00298487 -0.0137957 0.9999 -0.021855 0.323644 0.319204
FixedParameters: 0 0 0

#Transform 100
Transform: AffineTransform_float_3_3
Parameters: 0.999995 0.000655072 -0.00332259 -0.000605034 0.999887 0.0150069 0.00333277 -0.0150051 0.999882 -0.0338183 0.203547 0.30208
FixedParameters: 0 0 0

#Transform 101
Transform: AffineTransform_float_3_3
Parameters: 0.999993 0.000922205 -0.0035936 -0.000868124 0.999888 0.0149471 0.00360712 -0.0149439 0.999882 -0.00592773 0.244222 0.356754
FixedParameters: 0 0 0

#Transform 102
Transform: AffineTransform_float_3_3
Parameters: 0.999995 0.00122205 -0.00293168 -0.00118012 0.999897 0.0142691 0.00294897 -0.0142649 0.999894 -0.0392942 0.274082 0.266998
FixedParameters: 0 0 0

#Transform 103
Transform: AffineTransform_float_3_3
Parameters: 0.999993 0.00121418 -0.00371923 -0.00114612 0.999835 0.0180903 0.00374058 -0.0180867 0.99983 -0.000687305 0.100897 0.340104
FixedParameters: 0 0 0

#Transform 104
Transform: AffineTransform_float_3_3
Parameters: 0.999989 0.000658863 -0.00461931 -0.000580695 0.999858 0.0168235 0.00462949 -0.0168205 0.999848 0.0226375 0.13513 0.324646
FixedParameters: 0 0 0

#Transform 105
Transform: AffineTransform_float_3_3
Parameters: 0.999992 0.000304876 -0.00395113 -0.000228152 0.999815 0.0192552 0.00395651 -0.0192548 0.999807 0.00706979 0.0380435 0.358027
FixedParameters: 0 0 0

#Transform 106
Transform: AffineTransform_float_3_3
Parameters: 0.999988 -0.000677831 -0.00489866 0.00078796 0.999745 0.0225802 0.00488211 -0.0225838 0.999733 0.0245215 -0.0245899 0.343986
FixedParameters: 0 0 0

#Transform 107
Transform: AffineTransform_float_3_3
Parameters: 0.999994 -0.000547066 -0.00320805 0.000626906 0.999689 0.0249378 0.00319272 -0.0249401 0.999684 -0.0683759 -0.0572848 0.434806
FixedParameters: 0 0 0

#Transform 108
Transform: AffineTransform_float_3_3
Parameters: 0.999997 0.000111005 -0.00219982 -6.42091e-05 0.999774 0.0212306 0.00220243 -0.0212303 0.999772 -0.0777513 -0.00615543 0.451125
FixedParameters: 0 0 0

#Transform 109
Transform: AffineTransform_float_3_3
Parameters: 0.999998 0.00012302 -0.00224916 -7.19491e-05 0.999743 0.0226625 0.00225108 -0.0226625 0.99974 -0.0763867 -0.0375967 0.42783
FixedParameters: 0 0 0

#Transform 110
Transform: AffineTransform_float_3_3
Parameters: 0.999997 -8.51697e-05 -0.00245168 0.000140634 0.999744 0.0225962 0.00244877 -0.0225968 0.999741 -0.0600778 -0.0254561 0.449994
FixedParameters: 0 0 0

#Transform 111
Transform: AffineTransform_float_3_3
Parameters: 0.999996 0.000217573 -0.00273336 -0.000157951 0.999763 0.0217331 0.00273724 -0.0217329 0.99976 -0.0441338 -0.0428321 0.475273
FixedParameters: 0 0 0

#Transform 112
Transform: AffineTransform_float_3_3
Parameters: 0.999998 8.06217e-05 -0.00199697 -3.61441e-05 0.999751 0.0223184 0.00199817 -0.0223186 0.999749 -0.0791216 -0.0722762 0.525067
FixedParameters: 0 0 0

#Transform 113
Transform: AffineTransform_float_3_3
Parameters: 0.999998 0.000171137 -0.00207309 -0.000125794 0.999758 0.0220066 0.00207638 -0.0220064 0.999755 -0.0723805 -0.0444005 0.520347
FixedParameters: 0 0 0

#Transform 114
Transform: AffineTransform_float_3_3
Parameters: 0.999997 -1.23148e-05 -0.00213648 5.99595e-05 0.999758 0.0220062 0.00213575 -0.0220058 0.999755 -0.0737243 -0.0673001 0.516411
FixedParameters: 0 0 0

#Transform 115
Transform: AffineTransform_float_3_3
Parameters: 0.999998 1.77796e-05 -0.00227547 3.16074e-05 0.999764 0.0217255 0.00227548 -0.0217256 0.999762 -0.0535462 -0.0655228 0.486976
FixedParameters: 0 0 0

#Transform 116
Transform: AffineTransform_float_3_3
Parameters: 0.999999 -2.2868e-05 -0.00186694 6.48775e-05 0.999751 0.0223112 0.00186609 -0.0223108 0.99975 -0.0899138 -0.0825659 0.524937
FixedParameters: 0 0 0

#Transform 117
Transform: AffineTransform_float_3_3
Parameters: 0.999997 0.000247047 -0.00235984 -0.000194366 0.999753 0.022197 0.00236531 -0.022196 0.999751 -0.0494325 -0.0534642 0.506755
FixedParameters: 0 0 0

#Transform 118
Transform: AffineTransform_float_3_3
Parameters: 0.999997 0.000255999 -0.00264452 -0.000198436 0.999765 0.0216941 0.0026498 -0.0216939 0.999762 -0.0539231 -0.058416 0.508342
FixedParameters: 0 0 0

#Transform 119
Transform: AffineTransform_float_3_3
Parameters: 0.999997 0.000493517 -0.00245801 -0.000439621 0.999764 0.0217186 0.00246802 -0.0217174 0.999761 -0.0357017 -0.0214343 0.530797
FixedParameters: 0 0 0

#Transform 120
Transform: AffineTransform_float_3_3
Parameters: 0.999996 0.000400139 -0.00253995 -0.000344987 0.999767 0.0216043 0.00254806 -0.0216037 0.999763 -0.0333838 -0.0434377 0.45223
FixedParameters: 0 0 0

#Transform 121
Transform: AffineTransform_float_3_3
Parameters: 0.999994 0.000606026 -0.0033464 -0.000533417 0.999765 0.0216597 0.00335868 -0.0216573 0.99976 0.0194109 -0.0464908 0.441547
FixedParameters: 0 0 0

#Transform 122
Transform: AffineTransform_float_3_3
Parameters: 0.999995 0.000748891 -0.00326921 -0.000678216 0.999772 0.021332 0.00328369 -0.021329 0.999767 -0.00444966 -0.0497266 0.429744
FixedParameters: 0 0 0

#Transform 123
Transform: AffineTransform_float_3_3
Parameters: 0.999996 0.000532864 -0.00278514 -0.000474243 0.999777 0.0211059 0.00279603 -0.0211041 0.999773 -0.0278127 -0.0578114 0.474731
FixedParameters: 0 0 0

#Transform 124
Transform: AffineTransform_float_3_3
Parameters: 0.999997 0.000745716 -0.00255203 -0.00069133 0.999772 0.0213313 0.00256762 -0.0213287 0.99977 -0.0323427 -0.0312276 0.46229
FixedParameters: 0 0 0

#Transform 125
Transform: AffineTransform_float_3_3
Parameters: 0.999997 0.000638052 -0.00261195 -0.000582287 0.999774 0.0212491 0.00262495 -0.0212469 0.999771 -0.0150108 -0.0361286 0.467833
FixedParameters: 0 0 0

#Transform 126
Transform: AffineTransform_float_3_3
Parameters: 0.999996 0.000662056 -0.00299399 -0.000597764 0.999772 0.0213315 0.00300714 -0.0213295 0.999768 -0.0116628 -0.04194 0.41274
FixedParameters: 0 0 0

#Transform 127
Transform: AffineTransform_float_3_3
Parameters: 0.999998 0.0020142 -0.000601264 -0.00200259 0.999822 0.018795 0.000639078 -0.0187931 0.999823 -0.0624219 -0.0774269 0.528897
FixedParameters: 0 0 0

#Transform 128
Transform: AffineTransform_float_3_3
Parameters: 0.999999 0.000771532 -0.00170095 -0.000733791 0.999762 0.0218293 0.00171708 -0.0218277 0.99976 -0.0303819 -0.0861324 0.634069
FixedParameters: 0 0 0

#Transform 129
Transform: AffineTransform_float_3_3
Parameters: 0.999999 0.000619142 -0.00121579 -0.000593913 0.999787 0.0205949 0.00122835 -0.0205941 0.999787 -0.0514668 -0.0964488 0.511571
FixedParameters: 0 0 0

#Transform 130
Transform: AffineTransform_float_3_3
Parameters: 0.999999 0.000338373 -0.00126644 -0.0003115 0.999789 0.0205714 0.00127248 -0.0205716 0.999787 -0.0724403 -0.0691074 0.366735
FixedParameters: 0 0 0

#Transform 131
Transform: AffineTransform_float_3_3
Parameters: 0.999998 0.000495653 -0.00152464 -0.000463669 0.999789 0.0205039 0.00153475 -0.0205031 0.999788 -0.0593617 -0.0614724 0.390101
FixedParameters: 0 0 0

#Transform 132
Transform: AffineTransform_float_3_3
Parameters: 0.999998 0.000805139 -0.0015115 -0.00077503 0.999799 0.0199914 0.00152745 -0.0199906 0.999799 -0.0443076 -0.0421629 0.436266
FixedParameters: 0 0 0

#Transform 133
Transform: AffineTransform_float_3_3
Parameters: 0.999998 0.000462621 -0.00158018 -0.000430814 0.999799 0.0200519 0.00158868 -0.0200511 0.999798 -0.0575423 -0.0444129 0.396505
FixedParameters: 0 0 0

#Transform 134
Transform: AffineTransform_float_3_3
Parameters: 0.999999 0.0006889 -0.00142266 -0.000659206 0.999794 0.0202531 0.001437 -0.0202519 0.999794 -0.0635955 -0.0456707 0.42354
FixedParameters: 0 0 0

#Transform 135
Transform: AffineTransform_float_3_3
Parameters: 0.999998 0.000606479 -0.00152198 -0.000575746 0.999796 0.0202119 0.00153434 -0.0202111 0.999794 -0.0641182 -0.0434019 0.431254
FixedParameters: 0 0 0

#Transform 136
Transform: AffineTransform_float_3_3
Parameters: 0.999999 0.000579217 -0.0013192 -0.000551474 0.999778 0.0210609 0.00133104 -0.0210601 0.999778 -0.0696471 -0.0666207 0.422387
FixedParameters: 0 0 0

#Transform 137
Transform: AffineTransform_float_3_3
Parameters: 0.999999 0.000712698 -0.00136136 -0.000685152 0.999798 0.020071 0.00137531 -0.02007 0.999797 -0.0681003 -0.0339776 0.43325
FixedParameters: 0 0 0

#Transform 138
Transform: AffineTransform_float_3_3
Parameters: 0.999998 0.000516404 -0.0015406 -0.000484564 0.999795 0.0202419 0.0015513 -0.0202411 0.999794 -0.0751906 -0.0483079 0.435314
FixedParameters: 0 0 0

#Transform 139
Transform: AffineTransform_float_3_3
Parameters: 0.999998 0.000667549 -0.00160292 -0.000633832 0.999783 0.0208192 0.0016168 -0.0208178 0.999782 -0.0594993 -0.0669917 0.424256
FixedParameters: 0 0 0

#Transform 140
Transform: AffineTransform_float_3_3
Parameters: 0.999998 0.000740922 -0.00149315 -0.000711343 0.999801 0.0199651 0.00150849 -0.0199639 0.999799 -0.0668358 -0.0465406 0.445082
FixedParameters: 0 0 0

#Transform 141
Transform: AffineTransform_float_3_3
Parameters: 0.999999 0.000941016 -0.00149398 -0.000912027 0.999821 0.0189016 0.00151193 -0.0188994 0.999821 -0.0684451 -0.00994412 0.500045
FixedParameters: 0 0 0

#Transform 142
Transform: AffineTransform_float_3_3
Parameters: 0.999998 0.00073602 -0.00187467 -0.000698482 0.999801 0.0199566 0.0018887 -0.0199555 0.999799 -0.057089 -0.0497858 0.418459
FixedParameters: 0 0 0

#Transform 143
Transform: AffineTransform_float_3_3
Parameters: 0.999998 0.000716898 -0.00188555 -0.000677851 0.999784 0.0207595 0.0019002 -0.0207585 0.999783 -0.0518985 -0.0854514 0.438715
FixedParameters: 0 0 0

#Transform 144
Transform: AffineTransform_float_3_3
Parameters: 0.999998 0.000708968 -0.00158235 -0.000676412 0.999791 0.0204581 0.00159634 -0.0204569 0.999789 -0.056961 -0.0410692 0.449488
FixedParameters: 0 0 0

#Transform 145
Transform: AffineTransform_float_3_3
Parameters: 0.999998 0.00107795 -0.00162471 -0.00104267 0.999756 0.0220628 0.0016477 -0.0220612 0.999755 -0.0327744 -0.0741029 0.39679
FixedParameters: 0 0 0

#Transform 146
Transform: AffineTransform_float_3_3
Parameters: 0.999998 0.000917804 -0.00177756 -0.000881808 0.99979 0.0204758 0.0017957 -0.0204742 0.999789 -0.0425335 -0.0606754 0.413252
FixedParameters: 0 0 0

#Transform 147
Transform: AffineTransform_float_3_3
Parameters: 0.999997 0.000918109 -0.00245772 -0.000870462 0.999815 0.0192006 0.00247483 -0.0191984 0.999813 -0.0231524 -0.0332693 0.362703
FixedParameters: 0 0 0

#Transform 148
Transform: AffineTransform_float_3_3
Parameters: 0.999998 0.000868026 -0.00178182 -0.000829131 0.999762 0.0217857 0.00180038 -0.0217843 0.999761 -0.0581159 -0.113136 0.383374
FixedParameters: 0 0 0

#Transform 149
Transform: AffineTransform_float_3_3
Parameters: 0.999997 0.000965589 -0.00192753 -0.000925568 0.999784 0.020767 0.00194656 -0.020765 0.999782 -0.0399894 -0.0481917 0.403791
FixedParameters: 0 0 0

#Transform 150
Transform: AffineTransform_float_3_3
Parameters: 0.999997 0.000927775 -0.00233014 -0.000879388 0.999787 0.0206393 0.00234937 -0.0206377 0.999784 -0.0137915 -0.0455569 0.407221
FixedParameters: 0 0 0

#Transform 151
Transform: AffineTransform_float_3_3
Parameters: 0.999997 0.00107265 -0.00240075 -0.0010214 0.99978 0.0209449 0.00242273 -0.0209421 0.999778 -0.00839753 -0.0455573 0.412755
FixedParameters: 0 0 0
