# transform file /out/sourcedata/freesurfer/sub-v2s3x28804_ses-1/mri/transforms/cc_up.lta
# created by oesteban on Fri Mar 13 02:55:39 2026

type      = 0 # LINEAR_VOX_TO_VOX
nxforms   = 1
mean      = 128.0000 107.0000 128.0000
sigma     = 10000.0000
1 4 4
9.977205395698547e-01 2.362275123596191e-02 6.321249902248383e-02 -1.065438270568848e+01 
-2.357548102736473e-02 9.997209906578064e-01 -1.493669697083533e-03 3.925063323974609e+01 
-6.323014199733734e-02 -1.164153357047226e-10 9.979990720748901e-01 1.340281391143799e+01 
0.000000000000000e+00 0.000000000000000e+00 0.000000000000000e+00 1.000000000000000e+00 
src volume info
valid = 1  # volume info valid
filename = /out/sourcedata/freesurfer/sub-v2s3x28804_ses-1/mri/norm.mgz
volume = 256 256 256
voxelsize = 1.000000000000000e+00 1.000000000000000e+00 1.000000000000000e+00
xras   = -1.000000000000000e+00 0.000000000000000e+00 0.000000000000000e+00
yras   = 0.000000000000000e+00 0.000000000000000e+00 -1.000000000000000e+00
zras   = 0.000000000000000e+00 1.000000000000000e+00 0.000000000000000e+00
cras   = 2.193161010742188e+00 2.340307617187500e+01 -3.539062500000000e+00
dst volume info
valid = 1  # volume info valid
filename = /out/sourcedata/freesurfer/sub-v2s3x28804_ses-1/mri/norm.mgz
volume = 256 256 256
voxelsize = 1.000000000000000e+00 1.000000000000000e+00 1.000000000000000e+00
xras   = -1.000000000000000e+00 0.000000000000000e+00 0.000000000000000e+00
yras   = 0.000000000000000e+00 0.000000000000000e+00 -1.000000000000000e+00
zras   = 0.000000000000000e+00 1.000000000000000e+00 0.000000000000000e+00
cras   = 2.193161010742188e+00 2.340307617187500e+01 -3.539062500000000e+00
