#Insight Transform File V1.0
#Transform 0
Transform: AffineTransform_float_3_3
Parameters: 0.999987 0.0014778 0.00492518 -0.00153121 0.999939 0.010968 -0.00490807 -0.010975 0.999927 0.0759538 0.258289 -0.504706
FixedParameters: 0 0 0

#Transform 1
Transform: AffineTransform_float_3_3
Parameters: 0.99994 0.0053746 0.00948348 -0.00546227 0.999943 0.00917087 -0.00943385 -0.00922213 0.999913 0.154627 0.232811 -0.464468
FixedParameters: 0 0 0

#Transform 2
Transform: AffineTransform_float_3_3
Parameters: 0.99996 0.00175605 0.00877512 -0.00189887 0.999864 0.0163633 -0.00874531 -0.0163797 0.999828 -0.0228602 -0.00642774 -0.655514
FixedParameters: 0 0 0

#Transform 3
Transform: AffineTransform_float_3_3
Parameters: 0.999986 -0.00259763 0.0046131 0.00249848 0.999767 0.0214571 -0.00466788 -0.0214449 0.99976 -0.106121 0.151622 -0.655196
FixedParameters: 0 0 0

#Transform 4
Transform: AffineTransform_float_3_3
Parameters: 0.999817 -0.0134936 0.0135069 0.0128292 0.998757 0.0481601 -0.0141399 -0.0479778 0.998748 -0.57775 -0.685305 -0.117533
FixedParameters: 0 0 0

#Transform 5
Transform: AffineTransform_float_3_3
Parameters: 0.999969 -0.00441864 0.00642375 0.00435817 0.999947 0.00931963 -0.00646447 -0.00929137 0.999936 -0.232184 -0.0472602 -0.423679
FixedParameters: 0 0 0

#Transform 6
Transform: AffineTransform_float_3_3
Parameters: 0.99999 -0.00273809 0.00347548 0.00272807 0.999993 0.00277759 -0.00348296 -0.00276741 0.999991 -0.0694868 -0.07577 -0.18993
FixedParameters: 0 0 0

#Transform 7
Transform: AffineTransform_float_3_3
Parameters: 0.999995 -0.00174287 0.00290544 0.00172873 0.999987 0.00489013 -0.0029139 -0.00488587 0.999984 -0.0857163 -0.0285316 -0.20416
FixedParameters: 0 0 0

#Transform 8
Transform: AffineTransform_float_3_3
Parameters: 0.999994 -0.00156863 0.0029004 0.00155514 0.999988 0.00478061 -0.00290782 -0.00477639 0.999984 -0.0677867 -0.0450157 -0.236639
FixedParameters: 0 0 0

#Transform 9
Transform: AffineTransform_float_3_3
Parameters: 0.999999 0.000871845 0.000405469 -0.000873354 0.999998 0.00182265 -0.000403287 -0.00182335 0.999999 -0.0452835 0.0501729 -0.324971
FixedParameters: 0 0 0

#Transform 10
Transform: AffineTransform_float_3_3
Parameters: 0.999994 0.000271407 0.00329944 -0.000269568 0.999999 -0.000733685 -0.00329973 0.000732317 0.999995 -0.0585888 0.0179968 -0.341357
FixedParameters: 0 0 0

#Transform 11
Transform: AffineTransform_float_3_3
Parameters: 0.999988 -0.00241232 0.00427919 0.00242195 0.999995 -0.00219648 -0.00427423 0.00220652 0.999988 -0.124479 -0.0289138 -0.415151
FixedParameters: 0 0 0

#Transform 12
Transform: AffineTransform_float_3_3
Parameters: 0.99998 -0.000914918 0.00624348 0.000941795 0.999991 -0.00424557 -0.00623969 0.00425143 0.999971 -0.0965491 0.0390064 -0.613563
FixedParameters: 0 0 0

#Transform 13
Transform: AffineTransform_float_3_3
Parameters: 0.999995 -0.0018058 0.00264522 0.00180013 0.999996 0.00223185 -0.00264947 -0.00222715 0.999994 -0.148469 -0.119689 -0.321777
FixedParameters: 0 0 0

#Transform 14
Transform: AffineTransform_float_3_3
Parameters: 0.99994 -0.0072722 0.00811891 0.00718476 0.999916 0.0108282 -0.00819708 -0.0107699 0.999909 -0.353435 -0.288125 0.624506
FixedParameters: 0 0 0

#Transform 15
Transform: AffineTransform_float_3_3
Parameters: 0.999975 -0.00502651 0.00507129 0.00496964 0.999927 0.0109745 -0.00512674 -0.0109485 0.999927 -0.249041 -0.235036 0.236712
FixedParameters: 0 0 0

#Transform 16
Transform: AffineTransform_float_3_3
Parameters: 0.999988 -0.000756967 0.00481798 0.000740509 0.999993 0.003586 -0.00482098 -0.00358301 0.999982 -0.150628 -0.0851203 0.16259
FixedParameters: 0 0 0

#Transform 17
Transform: AffineTransform_float_3_3
Parameters: 0.999991 -0.0010465 0.00395953 0.001029 0.99999 0.00450336 -0.0039645 -0.00449864 0.999982 -0.128967 -0.0374879 0.0662583
FixedParameters: 0 0 0

#Transform 18
Transform: AffineTransform_float_3_3
Parameters: 0.999999 -0.000899608 0.000844041 0.000896612 0.999995 0.00299476 -0.00084749 -0.00299324 0.999995 -0.142423 -0.0929572 -0.0406867
FixedParameters: 0 0 0

#Transform 19
Transform: AffineTransform_float_3_3
Parameters: 0.999998 -0.00157865 0.000279291 0.00157897 0.999996 -0.00263563 -0.000274932 0.00263537 0.999996 -0.09737 0.0606083 0.0871618
FixedParameters: 0 0 0

#Transform 20
Transform: AffineTransform_float_3_3
Parameters: 1 -0.000613669 -0.000143633 0.000614112 0.999998 -0.00180709 0.000144817 0.00180691 0.999999 0.00247702 0.018377 0.0583213
FixedParameters: 0 0 0

#Transform 21
Transform: AffineTransform_float_3_3
Parameters: 0.999999 0.00137612 -0.000341325 -0.00137577 0.999999 0.000555435 0.000341853 -0.000554565 1 -0.00427724 0.00609989 -0.105792
FixedParameters: 0 0 0

#Transform 22
Transform: AffineTransform_float_3_3
Parameters: 0.999999 0.00126868 -0.000291111 -0.00126858 0.999999 0.000168335 0.000291538 -0.000167665 1 -0.00977839 -0.0460214 -0.252451
FixedParameters: 0 0 0

#Transform 23
Transform: AffineTransform_float_3_3
Parameters: 0.999999 0.00127513 -0.000285087 -0.00127455 0.999998 0.00113736 0.000285987 -0.00113664 1 -0.0295031 -0.0325495 -0.23938
FixedParameters: 0 0 0

#Transform 24
Transform: AffineTransform_float_3_3
Parameters: 0.999999 0.00131902 0.000637205 -0.00132077 0.999995 0.00286812 -0.0006327 -0.00286887 0.999995 -0.0504377 -0.0196087 -0.0928825
FixedParameters: 0 0 0

#Transform 25
Transform: AffineTransform_float_3_3
Parameters: 0.999999 0.000647724 0.00066021 -0.000651876 0.999985 0.00535061 -0.000656358 -0.00535139 0.999986 -0.0760962 0.0220037 -0.195712
FixedParameters: 0 0 0

#Transform 26
Transform: AffineTransform_float_3_3
Parameters: 0.999999 -0.00106109 0.00101802 0.00105514 0.999982 0.00597005 -0.00102386 -0.00596896 0.999981 -0.0484884 -0.199224 0.0195694
FixedParameters: 0 0 0

#Transform 27
Transform: AffineTransform_float_3_3
Parameters: 0.999999 -0.00182648 0.000199085 0.00182432 0.999958 0.00906131 -0.00021521 -0.00906069 0.999959 -0.0274983 -0.192341 -0.0173301
FixedParameters: 0 0 0

#Transform 28
Transform: AffineTransform_float_3_3
Parameters: 1 -0.000371017 0.000366393 0.000368849 0.999974 0.00716914 -0.000368803 -0.00716887 0.999974 -0.0573916 -0.0926309 -0.113543
FixedParameters: 0 0 0

#Transform 29
Transform: AffineTransform_float_3_3
Parameters: 0.999998 -0.000234003 0.00205999 0.000223849 0.999989 0.00465454 -0.00206144 -0.00465446 0.999987 -0.02138 -0.120403 -0.0896073
FixedParameters: 0 0 0

#Transform 30
Transform: AffineTransform_float_3_3
Parameters: 0.999997 -0.00131673 0.00196351 0.00130287 0.999976 0.00690162 -0.00197304 -0.00689939 0.999975 -0.0375185 -0.0327378 -0.0800483
FixedParameters: 0 0 0

#Transform 31
Transform: AffineTransform_float_3_3
Parameters: 0.999997 -0.00023449 0.00237901 0.000222185 0.999987 0.00512065 -0.00237977 -0.00512035 0.999984 -0.00242017 -0.0988437 0.0332386
FixedParameters: 0 0 0

#Transform 32
Transform: AffineTransform_float_3_3
Parameters: 0.999999 -0.000280852 0.00124497 0.000274767 0.999988 0.00486238 -0.00124688 -0.00486262 0.999988 -0.03914 0.0287846 -0.132877
FixedParameters: 0 0 0

#Transform 33
Transform: AffineTransform_float_3_3
Parameters: 0.999998 0.000318079 0.00168817 -0.000325748 0.999989 0.00463149 -0.00168647 -0.00463151 0.999988 -0.0300015 -0.0909312 -0.118255
FixedParameters: 0 0 0

#Transform 34
Transform: AffineTransform_float_3_3
Parameters: 1 0.000274744 0.00104842 -0.000281533 0.999985 0.00558971 -0.00104748 -0.00559029 0.999984 -0.0563443 -0.00420748 -0.163083
FixedParameters: 0 0 0

#Transform 35
Transform: AffineTransform_float_3_3
Parameters: 0.999999 0.000473867 0.000623823 -0.000477023 0.999979 0.0064667 -0.000620845 -0.0064673 0.999979 -0.042308 -0.0846656 -0.226242
FixedParameters: 0 0 0

#Transform 36
Transform: AffineTransform_float_3_3
Parameters: 0.999998 0.000564462 0.00160642 -0.00057391 0.999981 0.00602512 -0.00160291 -0.00602588 0.99998 -0.0635327 -0.0350282 -0.222303
FixedParameters: 0 0 0

#Transform 37
Transform: AffineTransform_float_3_3
Parameters: 1 0.000859571 0.000760219 -0.00086423 0.999984 0.00559535 -0.00075571 -0.00559565 0.999984 -0.0373073 -0.0834771 -0.251884
FixedParameters: 0 0 0

#Transform 38
Transform: AffineTransform_float_3_3
Parameters: 1 0.000419943 -0.00104928 -0.000417506 0.999997 0.00212948 0.00105013 -0.00212952 0.999997 -0.0991849 -0.0247354 -0.345599
FixedParameters: 0 0 0

#Transform 39
Transform: AffineTransform_float_3_3
Parameters: 1 0.000420864 0.000107918 -0.000421157 0.999999 0.00119496 -0.000107911 -0.00119505 1 -0.0903216 -0.0594784 -0.30807
FixedParameters: 0 0 0

#Transform 40
Transform: AffineTransform_float_3_3
Parameters: 1 0.000536714 0.000104455 -0.000537166 0.999998 0.00200694 -0.000103299 -0.00200706 0.999998 -0.0800456 0.00514167 -0.324279
FixedParameters: 0 0 0

#Transform 41
Transform: AffineTransform_float_3_3
Parameters: 0.999999 0.00107509 0.00107289 -0.00107877 0.999994 0.00351685 -0.00106945 -0.00351816 0.999993 -0.0864516 -0.029897 -0.362829
FixedParameters: 0 0 0

#Transform 42
Transform: AffineTransform_float_3_3
Parameters: 0.999999 0.00149519 7.80705e-05 -0.00149588 0.999993 0.00338885 -7.29307e-05 -0.00338915 0.999995 -0.0844031 -0.00596299 -0.236899
FixedParameters: 0 0 0

#Transform 43
Transform: AffineTransform_float_3_3
Parameters: 0.999999 0.00128662 -0.000334431 -0.00128442 0.999987 0.0050484 0.000341448 -0.0050476 0.999987 -0.0870266 -0.052523 -0.272559
FixedParameters: 0 0 0

#Transform 44
Transform: AffineTransform_float_3_3
Parameters: 1 0.00101311 -0.00021752 -0.00101178 0.999983 0.00575523 0.000223212 -0.00575478 0.999984 -0.0875382 0.000518937 -0.308585
FixedParameters: 0 0 0

#Transform 45
Transform: AffineTransform_float_3_3
Parameters: 1 0.000502903 -0.00011369 -0.000502657 0.999983 0.00568906 0.000117446 -0.00568894 0.999984 -0.0916921 0.0107443 -0.28865
FixedParameters: 0 0 0

#Transform 46
Transform: AffineTransform_float_3_3
Parameters: 0.999993 -0.000808811 0.0035909 0.000799153 0.999996 0.0026071 -0.00359341 -0.0026049 0.99999 -0.134712 0.00243877 -0.232473
FixedParameters: 0 0 0

#Transform 47
Transform: AffineTransform_float_3_3
Parameters: 0.999997 -0.000148462 0.00266333 0.000143323 0.999998 0.00190249 -0.00266406 -0.00190251 0.999994 -0.0988307 0.00143979 -0.211651
FixedParameters: 0 0 0

#Transform 48
Transform: AffineTransform_float_3_3
Parameters: 0.999985 0.00364494 0.0041881 -0.00371489 0.999852 0.0168058 -0.00412682 -0.0168212 0.99985 -0.054213 0.0705856 -0.210225
FixedParameters: 0 0 0

#Transform 49
Transform: AffineTransform_float_3_3
Parameters: 0.999964 0.00403231 0.00736835 -0.00421394 0.999682 0.0248665 -0.00726555 -0.0248965 0.999663 -0.0904357 -0.127453 -0.370667
FixedParameters: 0 0 0

#Transform 50
Transform: AffineTransform_float_3_3
Parameters: 0.999976 0.00384201 0.00584572 -0.00398231 0.999699 0.0242226 -0.00575103 -0.0242454 0.999689 -0.0690964 -0.0234511 -0.534504
FixedParameters: 0 0 0

#Transform 51
Transform: AffineTransform_float_3_3
Parameters: 0.999982 0.00383406 0.00463885 -0.00394041 0.999723 0.0231982 -0.00454917 -0.0232157 0.99972 -0.0230054 -0.0922341 -0.585459
FixedParameters: 0 0 0

#Transform 52
Transform: AffineTransform_float_3_3
Parameters: 0.999987 0.00278201 0.00422253 -0.00285462 0.999849 0.0171383 -0.00417439 -0.0171507 0.999844 -0.0499729 0.00458147 -0.476437
FixedParameters: 0 0 0

#Transform 53
Transform: AffineTransform_float_3_3
Parameters: 0.999993 -0.000554451 0.00350171 0.000513271 0.99993 0.0117611 -0.00350769 -0.0117589 0.999924 -0.0741274 -0.0033626 -0.259112
FixedParameters: 0 0 0

#Transform 54
Transform: AffineTransform_float_3_3
Parameters: 0.999994 -0.000188578 0.00324103 0.000147956 0.999923 0.0124447 -0.00324361 -0.0124443 0.999918 -0.0873855 0.00985019 -0.324326
FixedParameters: 0 0 0

#Transform 55
Transform: AffineTransform_float_3_3
Parameters: 0.999973 -0.00069766 0.0073135 0.000571709 0.999854 0.0171066 -0.00732453 -0.0171024 0.999827 -0.0887354 0.0515988 -0.331027
FixedParameters: 0 0 0

#Transform 56
Transform: AffineTransform_float_3_3
Parameters: 0.999982 -0.000338546 0.00590348 0.000104552 0.999221 0.0394619 -0.00591206 -0.0394611 0.999203 0.00871526 0.130809 -0.374832
FixedParameters: 0 0 0

#Transform 57
Transform: AffineTransform_float_3_3
Parameters: 0.999983 -0.000288111 0.00570909 9.05135e-05 0.999405 0.0344696 -0.00571597 -0.0344683 0.999389 0.0241979 0.201362 -0.115624
FixedParameters: 0 0 0

#Transform 58
Transform: AffineTransform_float_3_3
Parameters: 0.99998 -0.000347459 0.00643053 0.000133028 0.999445 0.0333173 -0.006438 -0.0333157 0.999424 0.0353498 0.128531 0.0511887
FixedParameters: 0 0 0

#Transform 59
Transform: AffineTransform_float_3_3
Parameters: 0.99999 0.000385695 0.00457711 -0.000545812 0.999385 0.0350832 -0.00456002 -0.0350858 0.999374 0.0733375 0.135506 0.166854
FixedParameters: 0 0 0

#Transform 60
Transform: AffineTransform_float_3_3
Parameters: 0.999999 0.00121595 0.00095733 -0.00124962 0.999355 0.0358918 -0.000912998 -0.0358932 0.999355 0.0651806 0.136403 0.121881
FixedParameters: 0 0 0

#Transform 61
Transform: AffineTransform_float_3_3
Parameters: 0.999998 0.00199189 0.000957087 -0.00202181 0.999459 0.0328341 -0.000890369 -0.0328369 0.999461 0.0679318 -0.0112682 0.0580627
FixedParameters: 0 0 0

#Transform 62
Transform: AffineTransform_float_3_3
Parameters: 0.999994 0.0014531 0.0033442 -0.00155785 0.999503 0.0314821 -0.00329704 -0.0314869 0.999498 0.0167351 0.0592564 -0.146723
FixedParameters: 0 0 0

#Transform 63
Transform: AffineTransform_float_3_3
Parameters: 0.999995 0.000671991 0.00284624 -0.000772103 0.999381 0.0351531 -0.00282092 -0.0351549 0.999378 -0.0071224 0.0174913 -0.20968
FixedParameters: 0 0 0

#Transform 64
Transform: AffineTransform_float_3_3
Parameters: 0.999982 9.27827e-05 0.00598247 -0.000256636 0.999627 0.0273176 -0.0059776 -0.0273184 0.999609 -0.0196347 0.10592 -0.0328718
FixedParameters: 0 0 0

#Transform 65
Transform: AffineTransform_float_3_3
Parameters: 0.999969 -0.00123457 0.00777434 0.00102665 0.999645 0.0266428 -0.00780478 -0.0266342 0.999615 -0.108824 0.2672 -0.00124631
FixedParameters: 0 0 0

#Transform 66
Transform: AffineTransform_float_3_3
Parameters: 0.999987 0.000762523 0.00492401 -0.000873563 0.999746 0.0225234 -0.004906 -0.0225266 0.999734 -0.0630658 0.131833 -0.180374
FixedParameters: 0 0 0

#Transform 67
Transform: AffineTransform_float_3_3
Parameters: 0.999988 0.000676773 0.00473484 -0.00081096 0.999593 0.0285149 -0.00471413 -0.0285191 0.999582 -0.0321121 0.198489 -0.385279
FixedParameters: 0 0 0

#Transform 68
Transform: AffineTransform_float_3_3
Parameters: 0.999987 7.1323e-05 0.00508358 -0.000205534 0.999654 0.0262817 -0.00507993 -0.0262822 0.999641 -0.0565263 0.132253 -0.293945
FixedParameters: 0 0 0

#Transform 69
Transform: AffineTransform_float_3_3
Parameters: 0.999992 0.00109261 0.00378305 -0.00111576 0.999982 0.00594606 -0.00377568 -0.00594993 0.999975 -0.00290043 0.201653 -0.034203
FixedParameters: 0 0 0

#Transform 70
Transform: AffineTransform_float_3_3
Parameters: 0.99999 0.000855331 0.00452173 -0.000892204 0.999968 0.0080364 -0.00451493 -0.00804061 0.999958 -0.0370339 0.166207 -0.0707448
FixedParameters: 0 0 0

#Transform 71
Transform: AffineTransform_float_3_3
Parameters: 0.99999 0.000498164 0.00459789 -0.000542286 0.999954 0.00957295 -0.00459246 -0.00957504 0.999943 -0.0189856 0.232689 -0.193101
FixedParameters: 0 0 0

#Transform 72
Transform: AffineTransform_float_3_3
Parameters: 0.999971 -0.00173946 0.00747634 0.00158806 0.999796 0.0201344 -0.00750953 -0.0201216 0.999769 -0.085759 0.126061 -0.261856
FixedParameters: 0 0 0

#Transform 73
Transform: AffineTransform_float_3_3
Parameters: 0.999995 0.000105313 0.00320568 -0.000161912 0.999841 0.0178668 -0.00320392 -0.0178673 0.999835 -0.101259 0.10642 -0.0122068
FixedParameters: 0 0 0

#Transform 74
Transform: AffineTransform_float_3_3
Parameters: 0.999983 0.000383477 0.00582439 -0.00052705 0.999698 0.0245949 -0.00581296 -0.0245971 0.99968 -0.182267 0.111158 -0.095294
FixedParameters: 0 0 0

#Transform 75
Transform: AffineTransform_float_3_3
Parameters: 0.999978 -2.13783e-05 0.0066069 -0.00011928 0.999775 0.0212384 -0.00660669 -0.0212396 0.999752 -0.161434 0.153048 -0.100991
FixedParameters: 0 0 0

#Transform 76
Transform: AffineTransform_float_3_3
Parameters: 0.999957 0.000782573 0.00930683 -0.00101546 0.999686 0.0250711 -0.00928387 -0.0250799 0.999642 -0.0960821 -0.0501439 0.0084742
FixedParameters: 0 0 0

#Transform 77
Transform: AffineTransform_float_3_3
Parameters: 0.999981 6.11587e-05 0.00626302 -0.00015485 0.999887 0.014982 -0.00626206 -0.014983 0.999868 0.0296964 0.181819 0.117023
FixedParameters: 0 0 0

#Transform 78
Transform: AffineTransform_float_3_3
Parameters: 0.999993 -7.44588e-05 0.00356047 4.98222e-05 0.999976 0.00683846 -0.00356016 -0.00683753 0.999971 0.0367612 0.123408 0.0766109
FixedParameters: 0 0 0

#Transform 79
Transform: AffineTransform_float_3_3
Parameters: 0.999995 0.000336283 0.00294116 -0.00034978 0.99999 0.00449813 -0.00293952 -0.00449887 0.999985 0.00178835 0.147552 0.0852537
FixedParameters: 0 0 0

#Transform 80
Transform: AffineTransform_float_3_3
Parameters: 0.999997 0.00116026 0.00187341 -0.0011576 0.999998 -0.00123511 -0.0018752 0.00123389 0.999998 0.025617 0.215841 0.249482
FixedParameters: 0 0 0

#Transform 81
Transform: AffineTransform_float_3_3
Parameters: 0.999997 0.000823105 0.00204051 -0.000836732 0.999978 0.00648737 -0.00203519 -0.00648962 0.999977 0.000903186 0.19214 0.109402
FixedParameters: 0 0 0

#Transform 82
Transform: AffineTransform_float_3_3
Parameters: 0.999996 0.000539271 0.00297792 -0.000577424 0.999917 0.0129295 -0.00297083 -0.0129305 0.999912 0.0178038 0.142069 0.0772581
FixedParameters: 0 0 0

#Transform 83
Transform: AffineTransform_float_3_3
Parameters: 0.999985 0.000324669 0.00545921 -0.000443452 0.999765 0.0216804 -0.00545066 -0.0216826 0.99975 -0.0494058 0.117116 0.0440416
FixedParameters: 0 0 0

#Transform 84
Transform: AffineTransform_float_3_3
Parameters: 0.999993 0.000690909 0.00370197 -0.00075222 0.999864 0.0164916 -0.00369028 -0.0164934 0.999857 -0.0266211 0.0792891 0.103063
FixedParameters: 0 0 0

#Transform 85
Transform: AffineTransform_float_3_3
Parameters: 0.999991 0.000184733 0.00425821 -0.000250779 0.999881 0.0153834 -0.00425477 -0.0153846 0.999872 -0.0202879 0.139153 0.0621433
FixedParameters: 0 0 0

#Transform 86
Transform: AffineTransform_float_3_3
Parameters: 0.999972 0.00187164 0.0073375 -0.00199028 0.999866 0.0162188 -0.00730599 -0.0162333 0.999842 0.018322 0.247497 0.156627
FixedParameters: 0 0 0

#Transform 87
Transform: AffineTransform_float_3_3
Parameters: 0.999979 0.00169755 0.00623622 -0.00176194 0.999946 0.0102578 -0.00621793 -0.0102692 0.999928 0.0399142 0.170632 0.465595
FixedParameters: 0 0 0

#Transform 88
Transform: AffineTransform_float_3_3
Parameters: 0.999987 0.000476563 0.00497256 -0.000537911 0.999923 0.0123909 -0.00496615 -0.0123941 0.999911 0.0477378 0.216152 0.149129
FixedParameters: 0 0 0

#Transform 89
Transform: AffineTransform_float_3_3
Parameters: 0.99999 0.00123206 0.00425154 -0.00128087 0.999932 0.0115799 -0.00423716 -0.0115861 0.999924 0.0724771 0.202278 0.229188
FixedParameters: 0 0 0

#Transform 90
Transform: AffineTransform_float_3_3
Parameters: 0.999988 0.00100343 0.00465442 -0.00104943 0.999951 0.00985361 -0.00464478 -0.0098584 0.999941 0.0724847 0.150851 0.181738
FixedParameters: 0 0 0

#Transform 91
Transform: AffineTransform_float_3_3
Parameters: 0.999989 0.00167951 0.00443019 -0.00173313 0.999924 0.0122098 -0.00440841 -0.0122172 0.999916 0.0905631 0.217685 0.160372
FixedParameters: 0 0 0

#Transform 92
Transform: AffineTransform_float_3_3
Parameters: 0.999983 0.00219809 0.00538058 -0.0022602 0.999929 0.0116585 -0.00535479 -0.0116705 0.999918 0.0592332 0.0798136 0.337986
FixedParameters: 0 0 0

#Transform 93
Transform: AffineTransform_float_3_3
Parameters: 0.999984 -0.00256688 0.00489325 0.00289842 0.997618 -0.0689156 -0.00470472 0.0689284 0.99761 -0.0415956 0.591044 3.06947
FixedParameters: 0 0 0

#Transform 94
Transform: AffineTransform_float_3_3
Parameters: 0.999991 0.00143139 0.00414402 -0.00127048 0.999248 -0.0387373 -0.00419704 0.0387316 0.99924 0.0199945 0.542304 1.96447
FixedParameters: 0 0 0

#Transform 95
Transform: AffineTransform_float_3_3
Parameters: 0.999985 -0.00176883 0.00522375 0.00204241 0.998606 -0.0527508 -0.00512312 0.0527613 0.998594 -0.103587 0.138398 -0.187139
FixedParameters: 0 0 0

#Transform 96
Transform: AffineTransform_float_3_3
Parameters: 0.999998 0.000724852 0.00181684 -0.000654357 0.999262 -0.0384042 -0.00184337 0.0384028 0.99926 0.0293738 0.274151 0.651883
FixedParameters: 0 0 0

#Transform 97
Transform: AffineTransform_float_3_3
Parameters: 0.999992 -0.00116456 0.00387823 0.0012742 0.999598 -0.0283411 -0.00384331 0.0283459 0.999591 -0.00239696 0.347142 0.364608
FixedParameters: 0 0 0

#Transform 98
Transform: AffineTransform_float_3_3
Parameters: 0.999986 -0.000989491 0.00533089 0.00110656 0.999756 -0.022079 -0.00530751 0.0220841 0.999742 -0.0397195 0.501238 1.03693
FixedParameters: 0 0 0

#Transform 99
Transform: AffineTransform_float_3_3
Parameters: 0.999922 -0.0105724 0.0065369 0.0100732 0.997345 0.0721153 -0.0072819 -0.0720437 0.997375 -0.267913 0.787563 -1.10113
FixedParameters: 0 0 0

#Transform 100
Transform: AffineTransform_float_3_3
Parameters: 0.999987 -0.00257146 0.00454505 0.00277262 0.998991 -0.0448358 -0.00442536 0.0448482 0.998984 -0.0423341 0.684255 0.808553
FixedParameters: 0 0 0

#Transform 101
Transform: AffineTransform_float_3_3
Parameters: 0.999989 -0.00191147 0.00430957 0.00220705 0.99758 -0.069492 -0.00416584 0.069501 0.997574 -0.023722 1.14347 1.53103
FixedParameters: 0 0 0

#Transform 102
Transform: AffineTransform_float_3_3
Parameters: 0.999994 0.0034767 -0.00061732 -0.00350245 0.998819 -0.0484463 0.000448203 0.0484476 0.998825 0.0962118 0.839798 1.22697
FixedParameters: 0 0 0

#Transform 103
Transform: AffineTransform_float_3_3
Parameters: 0.999988 0.00307804 0.00397409 -0.00293882 0.999397 -0.034604 -0.00407841 0.034592 0.999393 0.088743 0.920376 0.982142
FixedParameters: 0 0 0

#Transform 104
Transform: AffineTransform_float_3_3
Parameters: 0.999986 0.00442097 0.00272647 -0.00438318 0.999898 -0.0135593 -0.00278548 0.0135467 0.999904 0.0558792 0.763162 0.417844
FixedParameters: 0 0 0

#Transform 105
Transform: AffineTransform_float_3_3
Parameters: 0.999983 0.00567439 0.00145702 -0.00566242 0.999953 -0.00791189 -0.00150125 0.00790412 0.999968 0.0741385 0.672084 0.244085
FixedParameters: 0 0 0

#Transform 106
Transform: AffineTransform_float_3_3
Parameters: 0.999984 0.00462448 0.00330011 -0.00461144 0.999981 -0.00399744 -0.00331849 0.00398256 0.999987 0.0669906 0.644502 0.0659426
FixedParameters: 0 0 0

#Transform 107
Transform: AffineTransform_float_3_3
Parameters: 0.999984 0.00419049 0.00392541 -0.00410582 0.999766 -0.0212505 -0.00401369 0.0212345 0.999766 0.0768443 0.751918 0.428351
FixedParameters: 0 0 0

#Transform 108
Transform: AffineTransform_float_3_3
Parameters: 0.999995 0.00235204 0.00217035 -0.00234994 0.999997 -0.000931111 -0.00217265 0.000925889 0.999997 0.0347946 0.496837 0.38064
FixedParameters: 0 0 0

#Transform 109
Transform: AffineTransform_float_3_3
Parameters: 0.999991 0.00411772 -0.000819213 -0.00411465 0.999984 0.0040041 0.000836273 -0.0039999 0.999991 0.0657078 0.398359 0.0635067
FixedParameters: 0 0 0

#Transform 110
Transform: AffineTransform_float_3_3
Parameters: 0.99999 0.0014504 0.00406847 -0.00144262 0.999997 -0.00193265 -0.00407178 0.00192635 0.99999 0.00915968 0.486459 0.102377
FixedParameters: 0 0 0

#Transform 111
Transform: AffineTransform_float_3_3
Parameters: 0.999989 0.00169224 0.00434077 -0.00167514 0.999991 -0.00390404 -0.00434731 0.00389596 0.999983 -0.00309029 0.501295 0.0978529
FixedParameters: 0 0 0

#Transform 112
Transform: AffineTransform_float_3_3
Parameters: 0.999991 0.00177272 0.00399081 -0.0017584 0.999992 -0.00364682 -0.00399715 0.00364018 0.999986 0.0031272 0.567423 0.199192
FixedParameters: 0 0 0

#Transform 113
Transform: AffineTransform_float_3_3
Parameters: 0.999993 0.00188483 0.00325166 -0.00187007 0.999988 -0.00438098 -0.00326061 0.00437402 0.999985 0.0330557 0.464784 0.232937
FixedParameters: 0 0 0

#Transform 114
Transform: AffineTransform_float_3_3
Parameters: 0.999992 -0.000357348 0.0041311 0.000390664 0.999967 -0.00804614 -0.00412893 0.00804786 0.999959 -0.00722874 0.526613 0.333947
FixedParameters: 0 0 0

#Transform 115
Transform: AffineTransform_float_3_3
Parameters: 0.999992 -0.000279868 0.00402885 0.000331246 0.999919 -0.0127295 -0.00402429 0.0127305 0.999911 -0.0129327 0.581683 0.544336
FixedParameters: 0 0 0

#Transform 116
Transform: AffineTransform_float_3_3
Parameters: 0.999994 0.000378956 0.00326378 -0.000338791 0.999925 -0.012253 -0.00326819 0.012252 0.999919 0.0415085 0.579738 0.52493
FixedParameters: 0 0 0

#Transform 117
Transform: AffineTransform_float_3_3
Parameters: 0.999999 0.000933895 0.00152514 -0.000913775 0.999915 -0.0129644 -0.00153641 0.0129626 0.999915 0.100518 0.571889 0.5972
FixedParameters: 0 0 0

#Transform 118
Transform: AffineTransform_float_3_3
Parameters: 0.999997 0.00149203 0.00196798 -0.00145859 0.999861 -0.0165679 -0.00199273 0.0165651 0.999861 0.131428 0.627445 0.642619
FixedParameters: 0 0 0

#Transform 119
Transform: AffineTransform_float_3_3
Parameters: 0.999981 0.00279173 0.00545942 -0.0026667 0.999737 -0.0227656 -0.00552128 0.0227505 0.999726 0.0458907 0.734413 0.882459
FixedParameters: 0 0 0

#Transform 120
Transform: AffineTransform_float_3_3
Parameters: 0.999973 0.00290777 0.0067493 -0.00276252 0.999767 -0.0214105 -0.00680959 0.0213915 0.999748 0.0126601 0.728713 1.05883
FixedParameters: 0 0 0

#Transform 121
Transform: AffineTransform_float_3_3
Parameters: 0.999985 0.00223838 0.00500835 -0.0021571 0.999866 -0.0162277 -0.00504379 0.0162163 0.999856 -0.00729627 0.587225 0.83886
FixedParameters: 0 0 0

#Transform 122
Transform: AffineTransform_float_3_3
Parameters: 0.999966 0.00374763 0.00735993 -0.00362421 0.999855 -0.0166795 -0.00742148 0.0166515 0.999834 0.0551106 0.591182 0.721645
FixedParameters: 0 0 0

#Transform 123
Transform: AffineTransform_float_3_3
Parameters: 0.999975 0.00313059 0.00634314 -0.00300571 0.999803 -0.019611 -0.00640404 0.019592 0.999787 0.0201459 0.66079 0.734194
FixedParameters: 0 0 0

#Transform 124
Transform: AffineTransform_float_3_3
Parameters: 0.99999 0.00318322 0.0029015 -0.00312375 0.999792 -0.0201643 -0.00296457 0.0201547 0.999793 0.0524242 0.785625 0.686637
FixedParameters: 0 0 0

#Transform 125
Transform: AffineTransform_float_3_3
Parameters: 0.99996 -0.0036708 0.00807814 0.00382399 0.999813 -0.018991 -0.00800641 0.019021 0.999787 -0.14949 0.623417 0.49838
FixedParameters: 0 0 0

#Transform 126
Transform: AffineTransform_float_3_3
Parameters: 0.999897 0.0133728 0.00520265 -0.0132196 0.999506 -0.0285112 -0.00558148 0.0284388 0.99958 0.230679 0.638 0.703711
FixedParameters: 0 0 0

#Transform 127
Transform: AffineTransform_float_3_3
Parameters: 0.999926 0.00687707 0.010086 -0.00662197 0.999665 -0.0250226 -0.0102545 0.0249544 0.999636 0.0796413 0.685441 0.509423
FixedParameters: 0 0 0

#Transform 128
Transform: AffineTransform_float_3_3
Parameters: 0.999954 0.00578811 0.00763755 -0.00560703 0.999707 -0.0235454 -0.00777225 0.0235016 0.999694 0.0566364 0.667103 0.606632
FixedParameters: 0 0 0

#Transform 129
Transform: AffineTransform_float_3_3
Parameters: 0.99997 0.00530324 0.00568462 -0.00519231 0.999796 -0.019492 -0.00578709 0.019461 0.999794 0.0465256 0.605696 0.503375
FixedParameters: 0 0 0

#Transform 130
Transform: AffineTransform_float_3_3
Parameters: 0.999971 0.000882431 0.00762921 -0.000639323 0.999495 -0.0317568 -0.00765309 0.0317512 0.999467 -0.0729503 0.759969 0.912953
FixedParameters: 0 0 0

#Transform 131
Transform: AffineTransform_float_3_3
Parameters: 0.999972 0.00136062 0.00744569 -0.00115533 0.99962 -0.0275494 -0.00748082 0.0275396 0.999593 -0.0510298 0.70158 0.809281
FixedParameters: 0 0 0

#Transform 132
Transform: AffineTransform_float_3_3
Parameters: 0.99998 0.00337688 0.00535899 -0.00320963 0.999519 -0.0308535 -0.00546034 0.0308355 0.99951 -0.0345406 0.817029 0.929977
FixedParameters: 0 0 0

#Transform 133
Transform: AffineTransform_float_3_3
Parameters: 0.999984 0.00511486 0.00250865 -0.00503341 0.999498 -0.0312905 -0.00266731 0.0312775 0.999507 0.193702 0.782541 1.45278
FixedParameters: 0 0 0

#Transform 134
Transform: AffineTransform_float_3_3
Parameters: 0.999991 0.0039343 0.00170773 -0.00388412 0.999595 -0.0281831 -0.00181732 0.0281769 0.999601 0.239476 0.826148 1.30682
FixedParameters: 0 0 0

#Transform 135
Transform: AffineTransform_float_3_3
Parameters: 0.99998 0.00546257 0.00341238 -0.0054047 0.999842 -0.0168811 -0.00350364 0.0168629 0.999852 0.19666 0.76145 0.919561
FixedParameters: 0 0 0

#Transform 136
Transform: AffineTransform_float_3_3
Parameters: 0.999987 0.00394507 0.00329779 -0.00393558 0.999989 -0.0026001 -0.00330796 0.0025869 0.999991 0.152356 0.537692 0.454707
FixedParameters: 0 0 0

#Transform 137
Transform: AffineTransform_float_3_3
Parameters: 0.999987 0.00394205 0.0033087 -0.00393623 0.999991 -0.00160813 -0.00331515 0.00159487 0.999993 0.135589 0.612622 0.316647
FixedParameters: 0 0 0

#Transform 138
Transform: AffineTransform_float_3_3
Parameters: 0.99998 0.00455907 0.0043883 -0.00453471 0.999975 -0.005408 -0.00441257 0.005388 0.999976 0.102228 0.661603 0.259838
FixedParameters: 0 0 0

#Transform 139
Transform: AffineTransform_float_3_3
Parameters: 0.999979 0.00501525 0.00424687 -0.00498655 0.999966 -0.00664542 -0.00428024 0.00662358 0.999969 0.13378 0.637472 0.289945
FixedParameters: 0 0 0

#Transform 140
Transform: AffineTransform_float_3_3
Parameters: 0.999975 0.00536019 0.00460264 -0.00532504 0.999957 -0.0076618 -0.00464312 0.00763721 0.99996 0.134461 0.631767 0.260741
FixedParameters: 0 0 0

#Transform 141
Transform: AffineTransform_float_3_3
Parameters: 0.999978 0.00501322 0.00433677 -0.00498385 0.999965 -0.00669882 -0.00437061 0.00667718 0.999969 0.114205 0.645466 0.261885
FixedParameters: 0 0 0

#Transform 142
Transform: AffineTransform_float_3_3
Parameters: 0.999979 0.00511022 0.00416918 -0.00509286 0.999979 -0.00415245 -0.00418982 0.00413055 0.999983 0.12428 0.555358 0.249184
FixedParameters: 0 0 0

#Transform 143
Transform: AffineTransform_float_3_3
Parameters: 0.999984 0.0040647 0.00390232 -0.00404065 0.999974 -0.00603588 -0.00392636 0.00602012 0.999974 0.13107 0.602779 0.270753
FixedParameters: 0 0 0

#Transform 144
Transform: AffineTransform_float_3_3
Parameters: 0.999992 0.00291751 0.00245038 -0.00290696 0.999987 -0.00410016 -0.0024619 0.00409284 0.999989 0.10333 0.579037 0.0979693
FixedParameters: 0 0 0

#Transform 145
Transform: AffineTransform_float_3_3
Parameters: 0.999987 0.00250665 0.00441635 -0.00251166 0.999997 0.00122915 -0.00441336 -0.00123985 0.99999 0.0601997 0.586781 0.0910751
FixedParameters: 0 0 0

#Transform 146
Transform: AffineTransform_float_3_3
Parameters: 0.999924 0.0014432 0.0122054 -0.00156957 0.999945 0.0103992 -0.0121895 -0.0104168 0.999871 0.0231544 0.355673 0.0490796
FixedParameters: 0 0 0

#Transform 147
Transform: AffineTransform_float_3_3
Parameters: 0.999923 0.00171322 0.0122431 -0.00185138 0.999935 0.0112897 -0.0122236 -0.0113123 0.999861 0.0238301 0.427925 -0.106197
FixedParameters: 0 0 0

#Transform 148
Transform: AffineTransform_float_3_3
Parameters: 0.999945 0.00171602 0.0103258 -0.00178535 0.999976 0.00667575 -0.0103138 -0.00669424 0.999924 0.051368 0.442016 0.0774295
FixedParameters: 0 0 0

#Transform 149
Transform: AffineTransform_float_3_3
Parameters: 0.999957 0.00231226 0.00906309 -0.00234803 0.999989 0.00399026 -0.00905372 -0.00401074 0.999951 0.097459 0.483683 0.175037
FixedParameters: 0 0 0

#Transform 150
Transform: AffineTransform_float_3_3
Parameters: 0.999969 0.00237561 0.0075005 -0.00238122 0.999997 0.000762048 -0.00749804 -0.000779952 0.999972 0.118524 0.49125 0.270817
FixedParameters: 0 0 0

#Transform 151
Transform: AffineTransform_float_3_3
Parameters: 0.999975 0.00197494 0.00671106 -0.00197753 0.999998 0.000407455 -0.00671052 -0.000420547 0.999977 0.0736437 0.476109 0.165727
FixedParameters: 0 0 0
