# transform file /out/sourcedata/freesurfer/sub-v2s3x28839_ses-1/mri/transforms/cc_up.lta
# created by oesteban on Fri Mar 13 04:33:05 2026

type      = 0 # LINEAR_VOX_TO_VOX
nxforms   = 1
mean      = 126.0000 105.0000 138.0000
sigma     = 10000.0000
1 4 4
9.963713884353638e-01 -6.871714442968369e-02 -5.021778866648674e-02 1.661800384521484e+01 
6.863003224134445e-02 9.976360797882080e-01 -3.458999795839190e-03 3.606010818481445e+01 
5.033677443861961e-02 0.000000000000000e+00 9.987322092056274e-01 -1.614432334899902e+01 
0.000000000000000e+00 0.000000000000000e+00 0.000000000000000e+00 1.000000000000000e+00 
src volume info
valid = 1  # volume info valid
filename = /out/sourcedata/freesurfer/sub-v2s3x28839_ses-1/mri/norm.mgz
volume = 256 256 256
voxelsize = 1.000000000000000e+00 1.000000000000000e+00 1.000000000000000e+00
xras   = -1.000000000000000e+00 0.000000000000000e+00 0.000000000000000e+00
yras   = 0.000000000000000e+00 0.000000000000000e+00 -1.000000000000000e+00
zras   = 0.000000000000000e+00 1.000000000000000e+00 0.000000000000000e+00
cras   = 1.485496520996094e+00 1.489677429199219e+01 -1.073158264160156e+01
dst volume info
valid = 1  # volume info valid
filename = /out/sourcedata/freesurfer/sub-v2s3x28839_ses-1/mri/norm.mgz
volume = 256 256 256
voxelsize = 1.000000000000000e+00 1.000000000000000e+00 1.000000000000000e+00
xras   = -1.000000000000000e+00 0.000000000000000e+00 0.000000000000000e+00
yras   = 0.000000000000000e+00 0.000000000000000e+00 -1.000000000000000e+00
zras   = 0.000000000000000e+00 1.000000000000000e+00 0.000000000000000e+00
cras   = 1.485496520996094e+00 1.489677429199219e+01 -1.073158264160156e+01
