#Insight Transform File V1.0
#Transform 0
Transform: AffineTransform_float_3_3
Parameters: 0.999999 -0.00041272 -0.00140367 0.00041528 0.999998 0.00162442 0.00140333 -0.00162458 0.999997 -0.0251292 -0.0109058 0.0403825
FixedParameters: 0 0 0

#Transform 1
Transform: AffineTransform_float_3_3
Parameters: 0.999999 -0.000359075 -0.000708469 0.000359925 0.999999 0.00130575 0.00070853 -0.00130625 0.999999 -0.0252953 0.0230335 0.0410205
FixedParameters: 0 0 0

#Transform 2
Transform: AffineTransform_float_3_3
Parameters: 0.999999 -0.000531623 -0.00112865 0.000533378 0.999999 0.0012204 0.00112835 -0.0012206 0.999999 -0.0313985 0.0577484 0.0627097
FixedParameters: 0 0 0

#Transform 3
Transform: AffineTransform_float_3_3
Parameters: 1 -0.00028685 -0.000626528 0.000288151 0.999999 0.00183582 0.000626472 -0.00183618 0.999998 -0.0275367 0.0407099 -0.00966353
FixedParameters: 0 0 0

#Transform 4
Transform: AffineTransform_float_3_3
Parameters: 1 -0.000260375 -0.000486335 0.000260626 0.999999 0.00128587 0.000486665 -0.00128513 0.999999 -0.0123656 0.0359486 -0.0293592
FixedParameters: 0 0 0

#Transform 5
Transform: AffineTransform_float_3_3
Parameters: 0.999999 -0.000259433 -0.0013683 0.000260567 1 0.00114565 0.0013677 -0.00114536 0.999999 -0.0207735 0.0392598 -0.04004
FixedParameters: 0 0 0

#Transform 6
Transform: AffineTransform_float_3_3
Parameters: 0.999999 -0.000202082 -0.000970191 0.000202917 1 0.000945804 0.000969808 -0.000946197 0.999999 -0.0247715 0.0384451 -0.0163174
FixedParameters: 0 0 0

#Transform 7
Transform: AffineTransform_float_3_3
Parameters: 0.999999 9.40711e-05 -0.000937893 -9.29287e-05 1 0.00114209 0.000938106 -0.00114191 0.999999 -0.0555852 0.0238697 0.00523561
FixedParameters: 0 0 0

#Transform 8
Transform: AffineTransform_float_3_3
Parameters: 1 0.000130453 -0.000429863 -0.000129547 1 0.00105306 0.000430137 -0.00105294 1 -0.0498088 0.0256573 0.0259551
FixedParameters: 0 0 0

#Transform 9
Transform: AffineTransform_float_3_3
Parameters: 0.999999 0.000295776 -0.000890742 -0.000295223 0.999999 0.000872263 0.000891258 -0.000871737 0.999999 -0.0403612 0.0674004 0.00514477
FixedParameters: 0 0 0

#Transform 10
Transform: AffineTransform_float_3_3
Parameters: 1 0.000195063 -0.00114082 -0.000193936 0.999999 0.000932221 0.00114118 -0.000931778 0.999999 -0.0403295 0.0531749 -0.00589908
FixedParameters: 0 0 0

#Transform 11
Transform: AffineTransform_float_3_3
Parameters: 1 0.00021383 -0.00103783 -0.000213169 0.999999 0.000800222 0.00103817 -0.000799778 0.999999 -0.0397184 0.0158242 0.00458512
FixedParameters: 0 0 0

#Transform 12
Transform: AffineTransform_float_3_3
Parameters: 0.999999 0.000318568 -0.000710745 -0.000318431 0.999999 0.000800227 0.000711255 -0.000799774 1 -0.0380311 0.0162804 0.00598344
FixedParameters: 0 0 0

#Transform 13
Transform: AffineTransform_float_3_3
Parameters: 0.999999 0.00049739 -0.000782751 -0.000497609 1 0.000499389 0.000783248 -0.00049861 0.999999 -0.0385443 0.027152 0.00168827
FixedParameters: 0 0 0

#Transform 14
Transform: AffineTransform_float_3_3
Parameters: 1 2.00406e-05 -5.99865e-05 -1.99594e-05 1 0.000676001 6.00135e-05 -0.000675998 1 -0.0342669 0.00916021 -0.0317662
FixedParameters: 0 0 0

#Transform 15
Transform: AffineTransform_float_3_3
Parameters: 1 6.9069e-05 -5.99206e-05 -6.8931e-05 1 0.00115 6.00793e-05 -0.00115 1 -0.0343088 -0.0107112 0.00908127
FixedParameters: 0 0 0

#Transform 16
Transform: AffineTransform_float_3_3
Parameters: 1 0.000325016 -5.99148e-05 -0.000324984 1 0.000262019 6.00851e-05 -0.00026198 1 -0.0183975 0.0247558 0.00117941
FixedParameters: 0 0 0

#Transform 17
Transform: AffineTransform_float_3_3
Parameters: 1 -0.000260893 0.000160174 0.000261107 0.999999 -0.000667958 -0.000159826 0.000668041 1 -0.0131126 -0.0312623 -0.0263968
FixedParameters: 0 0 0

#Transform 18
Transform: AffineTransform_float_3_3
Parameters: 1 -0.000261038 0.000234958 0.000260962 1 0.000162061 -0.000235042 -0.000161939 1 -0.01638 -0.0334407 -0.0180112
FixedParameters: 0 0 0

#Transform 19
Transform: AffineTransform_float_3_3
Parameters: 1 4.30584e-05 -0.000104976 -4.29416e-05 1 0.000556004 0.000105024 -0.000555995 1 -0.0184585 0.021517 0.0083836
FixedParameters: 0 0 0

#Transform 20
Transform: AffineTransform_float_3_3
Parameters: 1 0.000341952 0.000455036 -0.000342049 1 0.000106844 -0.000454964 -0.000106156 1 0.00277407 0.0125262 0.0105159
FixedParameters: 0 0 0

#Transform 21
Transform: AffineTransform_float_3_3
Parameters: 1 -0.000260977 -9.90605e-05 0.000261023 1 0.000231974 9.89394e-05 -0.000232026 1 -0.0157665 -0.055779 -0.0144931
FixedParameters: 0 0 0

#Transform 22
Transform: AffineTransform_float_3_3
Parameters: 1 -0.000261084 -0.00015586 0.000260916 1 -0.000536041 0.00015614 0.000535959 1 -0.0111173 -0.0239255 0.0132524
FixedParameters: 0 0 0

#Transform 23
Transform: AffineTransform_float_3_3
Parameters: 1 0.00049304 -0.000100805 -0.00049296 1 0.00039505 0.000100195 -0.000394951 1 -0.000366577 -0.0155068 0.0240806
FixedParameters: 0 0 0

#Transform 24
Transform: AffineTransform_float_3_3
Parameters: 1 -0.000260912 0.000346066 0.000261088 1 -0.00025391 -0.000345934 0.00025409 1 0.00909321 -0.0223591 -0.0119358
FixedParameters: 0 0 0

#Transform 25
Transform: AffineTransform_float_3_3
Parameters: 1 -0.000261021 -0.000105949 0.000260979 1 -0.000194028 0.000106051 0.000193972 1 0.000133158 -0.0433375 -0.0410044
FixedParameters: 0 0 0

#Transform 26
Transform: AffineTransform_float_3_3
Parameters: 1 0.000180976 0.000189023 -0.000181024 1 0.000128966 -0.000188977 -0.000129034 1 0.0053048 -0.0516388 -0.0177513
FixedParameters: 0 0 0

#Transform 27
Transform: AffineTransform_float_3_3
Parameters: 1 0.000134998 0.000191002 -0.000135002 1 1.19742e-05 -0.000190999 -1.10258e-05 1 0.0207285 -0.0191895 -0.0178447
FixedParameters: 0 0 0

#Transform 28
Transform: AffineTransform_float_3_3
Parameters: 1 0.000172944 -0.000190051 -0.000173056 1 -0.000293967 0.000189949 0.000294033 1 -0.0047555 -0.0446589 -0.019625
FixedParameters: 0 0 0

#Transform 29
Transform: AffineTransform_float_3_3
Parameters: 1 0.000173005 -0.000439998 -0.000172995 1 1.20761e-05 0.000440002 -1.19239e-05 1 -0.00973232 -0.0312872 -0.0331669
FixedParameters: 0 0 0

#Transform 30
Transform: AffineTransform_float_3_3
Parameters: 1 0.000173005 -0.000439998 -0.000172995 1 1.20761e-05 0.000440002 -1.19239e-05 1 -0.000569754 -0.0189886 -0.020525
FixedParameters: 0 0 0

#Transform 31
Transform: AffineTransform_float_3_3
Parameters: 0.999999 0.000764049 -0.0001898 -0.00076395 0.999999 0.000262145 0.0001892 -0.000261855 1 -0.000719149 0.00814869 -0.00329177
FixedParameters: 0 0 0

#Transform 32
Transform: AffineTransform_float_3_3
Parameters: 1 0.000173133 -0.000189879 -0.000172867 0.999999 0.000698032 0.000190121 -0.000697967 0.999999 -0.00320944 -0.0131375 0.00350856
FixedParameters: 0 0 0

#Transform 33
Transform: AffineTransform_float_3_3
Parameters: 0.999999 -0.000518284 -0.00125188 0.000517717 1 -0.000226648 0.00125212 0.000226351 0.999999 -0.00373923 -0.0213187 -0.00976703
FixedParameters: 0 0 0

#Transform 34
Transform: AffineTransform_float_3_3
Parameters: 1 -0.00022823 -0.000652919 0.000227769 1 -0.000353149 0.00065308 0.000352851 0.999999 -0.00691992 -0.0376428 0.000763193
FixedParameters: 0 0 0

#Transform 35
Transform: AffineTransform_float_3_3
Parameters: 1 0.000223249 -0.000497888 -0.000222751 1 0.000500111 0.000498111 -0.000499889 1 -0.0011594 -0.0240357 0.0191664
FixedParameters: 0 0 0

#Transform 36
Transform: AffineTransform_float_3_3
Parameters: 1 0.000226799 -0.00028616 -0.000227201 0.999999 -0.000703935 0.00028584 0.000704064 0.999999 0.0179286 -0.0458731 0.0192488
FixedParameters: 0 0 0

#Transform 37
Transform: AffineTransform_float_3_3
Parameters: 1 0.000226563 -0.00029134 -0.000226436 0.999999 -0.00150093 0.00029066 0.00150107 0.999999 0.0179568 -0.0250826 -0.0173244
FixedParameters: 0 0 0

#Transform 38
Transform: AffineTransform_float_3_3
Parameters: 0.999999 -2.84056e-05 -0.000722984 2.75944e-05 1 -0.00056102 0.000723015 0.000560979 0.999999 0.0157795 0.00875119 -0.0245007
FixedParameters: 0 0 0

#Transform 39
Transform: AffineTransform_float_3_3
Parameters: 0.999999 -5.31368e-06 -0.000722991 3.6863e-06 0.999999 -0.001817 0.000723008 0.001817 0.999998 0.0157821 -0.0323235 -0.0676675
FixedParameters: 0 0 0

#Transform 40
Transform: AffineTransform_float_3_3
Parameters: 1 -0.000258959 -0.00107929 0.000256039 0.999996 -0.00274128 0.00108071 0.00274072 0.999995 -0.00534552 -0.0394404 -0.0721217
FixedParameters: 0 0 0

#Transform 41
Transform: AffineTransform_float_3_3
Parameters: 0.999999 1.4909e-05 -0.00132604 -1.80909e-05 0.999998 -0.00233098 0.00132596 0.00233102 0.999997 -0.0202602 -0.0187912 -0.0706134
FixedParameters: 0 0 0

#Transform 42
Transform: AffineTransform_float_3_3
Parameters: 0.999999 -0.000150757 -0.00129268 0.000148243 0.999997 -0.00213219 0.00129332 0.00213281 0.999997 -0.00691881 -0.0183136 -0.0703682
FixedParameters: 0 0 0

#Transform 43
Transform: AffineTransform_float_3_3
Parameters: 0.999999 -0.000296873 -0.00128734 0.000293126 0.999998 -0.00223138 0.00128866 0.00223062 0.999996 -0.0254987 -0.00828829 -0.0375519
FixedParameters: 0 0 0

#Transform 44
Transform: AffineTransform_float_3_3
Parameters: 1 -0.000295199 -0.000550359 0.000293802 0.999997 -0.00217716 0.000550641 0.00217684 0.999998 -0.00388879 -0.0191864 -0.0736236
FixedParameters: 0 0 0

#Transform 45
Transform: AffineTransform_float_3_3
Parameters: 1 0.000234587 -0.000646515 -0.000235412 0.999997 -0.00218685 0.000645487 0.00218615 0.999998 -0.00561272 -0.00678308 -0.0803037
FixedParameters: 0 0 0

#Transform 46
Transform: AffineTransform_float_3_3
Parameters: 1 0.000162711 -0.00012438 -0.000162289 0.999998 -0.00233098 0.000123622 0.00233102 0.999998 0.00509967 -0.0180511 -0.0735002
FixedParameters: 0 0 0

#Transform 47
Transform: AffineTransform_float_3_3
Parameters: 1 0.00023051 0.000233497 -0.000229491 0.999997 -0.00218205 -0.000233501 0.00218194 0.999997 0.00260448 -0.0169306 -0.0582162
FixedParameters: 0 0 0

#Transform 48
Transform: AffineTransform_float_3_3
Parameters: 1 0.000551213 9.07154e-05 -0.000550786 0.999997 -0.00233105 -9.22841e-05 0.00233095 0.999998 0.00157954 -0.000888649 -0.0159693
FixedParameters: 0 0 0

#Transform 49
Transform: AffineTransform_float_3_3
Parameters: 0.999999 0.000143021 -0.000885322 -0.000144977 0.999997 -0.00223487 0.000884678 0.00223513 0.999997 -0.00354699 0.00394346 -0.0485215
FixedParameters: 0 0 0

#Transform 50
Transform: AffineTransform_float_3_3
Parameters: 0.999999 7.8875e-05 -0.00070724 -8.11241e-05 0.999995 -0.00300494 0.000706759 0.00300506 0.999995 -0.00249421 -0.0168523 -0.0872128
FixedParameters: 0 0 0

#Transform 51
Transform: AffineTransform_float_3_3
Parameters: 0.999999 0.000138271 -0.000709339 -0.000139728 0.999997 -0.0024379 0.000708661 0.0024381 0.999997 -0.00245546 0.00284996 -0.0664935
FixedParameters: 0 0 0

#Transform 52
Transform: AffineTransform_float_3_3
Parameters: 0.999999 0.000651819 -0.00105797 -0.000655181 0.999996 -0.00300831 0.00105603 0.00300969 0.999995 -0.00468068 0.0182987 -0.0751338
FixedParameters: 0 0 0

#Transform 53
Transform: AffineTransform_float_3_3
Parameters: 0.999999 0.000653718 -0.000445884 -0.000655281 0.999995 -0.00287971 0.000444114 0.00288029 0.999996 -0.00141059 -0.0165551 -0.0579945
FixedParameters: 0 0 0

#Transform 54
Transform: AffineTransform_float_3_3
Parameters: 1 0.000652469 -0.000734257 -0.00065553 0.999994 -0.00345152 0.000731742 0.00345248 0.999994 -0.013553 -0.187445 0.194332
FixedParameters: 0 0 0

#Transform 55
Transform: AffineTransform_float_3_3
Parameters: 0.999999 0.000652887 -0.000518671 -0.000655111 0.999992 -0.00408466 0.000515328 0.00408534 0.999991 -0.00580423 -0.0519627 0.0342845
FixedParameters: 0 0 0

#Transform 56
Transform: AffineTransform_float_3_3
Parameters: 0.999999 0.000655958 0.000268673 -0.000655041 0.999994 -0.00355018 -0.000271327 0.00354982 0.999993 0.0349744 -0.0488327 -0.000306266
FixedParameters: 0 0 0

#Transform 57
Transform: AffineTransform_float_3_3
Parameters: 1 0.000654927 -2.40756e-05 -0.000655072 0.999995 -0.00316898 2.19242e-05 0.00316901 0.999995 0.0178832 -0.0676573 0.00135153
FixedParameters: 0 0 0

#Transform 58
Transform: AffineTransform_float_3_3
Parameters: 0.999999 0.000916712 -0.000382103 -0.000918286 0.999994 -0.00338265 0.000378895 0.00338335 0.999994 0.0157373 -0.00637348 -0.00310007
FixedParameters: 0 0 0

#Transform 59
Transform: AffineTransform_float_3_3
Parameters: 0.999999 0.000211303 -0.00134091 -0.000216699 0.999991 -0.00425071 0.00134009 0.00425029 0.99999 0.0207779 -0.0611867 -0.032986
FixedParameters: 0 0 0

#Transform 60
Transform: AffineTransform_float_3_3
Parameters: 0.999999 0.000354625 -0.0011986 -0.000359377 0.99999 -0.00448757 0.0011974 0.00448743 0.999989 0.0115194 -0.0728779 -0.0351946
FixedParameters: 0 0 0

#Transform 61
Transform: AffineTransform_float_3_3
Parameters: 1 0.000355801 -0.00109138 -0.000359197 0.999992 -0.00384961 0.00108963 0.00385039 0.999992 0.0121109 -0.0751964 -0.0398501
FixedParameters: 0 0 0

#Transform 62
Transform: AffineTransform_float_3_3
Parameters: 1 0.000405408 -0.00109172 -0.000410593 0.999991 -0.00420856 0.00109028 0.00420945 0.999991 0.012177 -0.0748039 -0.0615787
FixedParameters: 0 0 0

#Transform 63
Transform: AffineTransform_float_3_3
Parameters: 1 -0.00011156 -0.000615542 0.000109442 0.999992 -0.00415707 0.00061546 0.00415693 0.999991 0.0149842 -0.0530066 -0.0615187
FixedParameters: 0 0 0

#Transform 64
Transform: AffineTransform_float_3_3
Parameters: 1 0.0003564 -0.00089045 -0.000359599 0.999991 -0.00404668 0.000888553 0.00404632 0.999992 -0.00756318 -0.00818706 -0.0554274
FixedParameters: 0 0 0

#Transform 65
Transform: AffineTransform_float_3_3
Parameters: 1 0.00100069 -0.000478854 -0.0010033 0.999988 -0.00484452 0.000473145 0.00484548 0.999988 -0.00292632 -0.0209338 -0.0879304
FixedParameters: 0 0 0

#Transform 66
Transform: AffineTransform_float_3_3
Parameters: 1 0.000894428 -0.000829867 -0.000898569 0.999991 -0.00431426 0.000825131 0.00431474 0.999991 0.0133005 0.00302323 -0.135946
FixedParameters: 0 0 0

#Transform 67
Transform: AffineTransform_float_3_3
Parameters: 1 0.000809698 -0.000477924 -0.000812304 0.999988 -0.00483861 0.000474076 0.00483839 0.999988 0.0152469 -0.0591695 -0.140224
FixedParameters: 0 0 0

#Transform 68
Transform: AffineTransform_float_3_3
Parameters: 1 0.00110483 -0.000479045 -0.00110717 0.999989 -0.00456148 0.000473954 0.00456253 0.99999 0.015038 -0.0200959 -0.110242
FixedParameters: 0 0 0

#Transform 69
Transform: AffineTransform_float_3_3
Parameters: 0.999999 0.000951551 -0.000888788 -0.000956451 0.999987 -0.00501915 0.00088421 0.00501985 0.999987 0.00683704 -0.0206363 -0.111151
FixedParameters: 0 0 0

#Transform 70
Transform: AffineTransform_float_3_3
Parameters: 1 0.00102604 -0.000181509 -0.00102696 0.999985 -0.00536681 0.000176491 0.00536718 0.999985 0.00673219 -0.0299278 -0.118882
FixedParameters: 0 0 0

#Transform 71
Transform: AffineTransform_float_3_3
Parameters: 0.999999 0.000937987 -4.76035e-06 -0.000938013 0.999986 -0.005075 2.39585e-07 0.005075 0.999987 0.00392442 -0.0443237 -0.114688
FixedParameters: 0 0 0

#Transform 72
Transform: AffineTransform_float_3_3
Parameters: 1 0.00112198 -6.06666e-06 -0.00112202 0.999985 -0.005407 -6.6744e-08 0.005407 0.999986 0.00669409 -0.0725628 -0.0921502
FixedParameters: 0 0 0

#Transform 73
Transform: AffineTransform_float_3_3
Parameters: 0.999999 0.000971982 -5.81158e-06 -0.000972018 0.999981 -0.005979 1.88304e-07 0.005979 0.999982 0.0177103 -0.0326186 -0.0804809
FixedParameters: 0 0 0

#Transform 74
Transform: AffineTransform_float_3_3
Parameters: 1 0.00102398 -5.71085e-06 -0.00102402 0.999984 -0.005577 2.89056e-07 0.00557701 0.999985 0.0339547 -0.0300667 -0.110724
FixedParameters: 0 0 0

#Transform 75
Transform: AffineTransform_float_3_3
Parameters: 1 0.000983236 -0.000498491 -0.000985768 0.999984 -0.00557651 0.000493511 0.00557649 0.999985 0.0150032 -0.0489145 -0.109294
FixedParameters: 0 0 0

#Transform 76
Transform: AffineTransform_float_3_3
Parameters: 0.999999 0.00126903 -0.000500592 -0.00127197 0.999982 -0.00597537 0.000493408 0.00597563 0.999982 0.0148032 -0.0530646 -0.075506
FixedParameters: 0 0 0

#Transform 77
Transform: AffineTransform_float_3_3
Parameters: 0.999999 0.00134503 -0.000501037 -0.00134797 0.999982 -0.00596833 0.000492964 0.00596867 0.999982 0.0147681 -0.0309462 -0.0938595
FixedParameters: 0 0 0

#Transform 78
Transform: AffineTransform_float_3_3
Parameters: 0.999999 0.00119686 -0.000909135 -0.00120314 0.999977 -0.00677891 0.000901863 0.00678009 0.999976 0.0126404 -0.0358132 -0.130423
FixedParameters: 0 0 0

#Transform 79
Transform: AffineTransform_float_3_3
Parameters: 0.999998 0.00159209 -0.0010446 -0.00159891 0.999976 -0.00664334 0.0010344 0.00664466 0.999978 0.0163508 -0.0451694 -0.147511
FixedParameters: 0 0 0

#Transform 80
Transform: AffineTransform_float_3_3
Parameters: 0.999998 0.00175157 -0.00115633 -0.00175843 0.999977 -0.00645198 0.00114568 0.00645402 0.999978 0.0108267 -0.0494737 -0.152124
FixedParameters: 0 0 0

#Transform 81
Transform: AffineTransform_float_3_3
Parameters: 0.999997 0.00175073 -0.00123877 -0.00175827 0.999976 -0.00670484 0.00122724 0.00670716 0.999977 0.0103959 -0.0328216 -0.148408
FixedParameters: 0 0 0

#Transform 82
Transform: AffineTransform_float_3_3
Parameters: 0.999998 0.0016208 -0.00104525 -0.00162821 0.999974 -0.00692731 0.00103474 0.00692868 0.999975 0.0115575 -0.034934 -0.115397
FixedParameters: 0 0 0

#Transform 83
Transform: AffineTransform_float_3_3
Parameters: 0.999998 0.0016933 -0.00119499 -0.0017007 0.999977 -0.00647198 0.00118402 0.00647302 0.999979 0.0106435 -0.0318265 -0.147926
FixedParameters: 0 0 0

#Transform 84
Transform: AffineTransform_float_3_3
Parameters: 0.999998 0.0014016 -0.00140744 -0.0014124 0.999972 -0.00741903 0.00139656 0.00742097 0.999971 0.00517353 -0.0742024 -0.169862
FixedParameters: 0 0 0

#Transform 85
Transform: AffineTransform_float_3_3
Parameters: 0.999998 0.00128677 -0.0014104 -0.00129724 0.999972 -0.00727718 0.0014016 0.00727881 0.999972 0.00977173 -0.0651428 -0.149677
FixedParameters: 0 0 0

#Transform 86
Transform: AffineTransform_float_3_3
Parameters: 0.999998 0.00126786 -0.00111731 -0.00127614 0.999973 -0.00731758 0.00110769 0.00731941 0.999972 0.0207031 -0.0610666 -0.148433
FixedParameters: 0 0 0

#Transform 87
Transform: AffineTransform_float_3_3
Parameters: 0.999998 0.00146135 -0.00122539 -0.00146965 0.999974 -0.00708721 0.00121561 0.00708879 0.999974 0.0203815 -0.0715314 -0.184893
FixedParameters: 0 0 0

#Transform 88
Transform: AffineTransform_float_3_3
Parameters: 0.999999 0.00135543 -0.00116703 -0.00136457 0.999972 -0.00737842 0.00115696 0.00737958 0.999972 0.0111184 -0.0807481 -0.177672
FixedParameters: 0 0 0

#Transform 89
Transform: AffineTransform_float_3_3
Parameters: 0.999999 0.00121355 -0.00100484 -0.00122045 0.999979 -0.00644678 0.000997151 0.00644822 0.999978 0.0158507 -0.0544679 -0.166182
FixedParameters: 0 0 0

#Transform 90
Transform: AffineTransform_float_3_3
Parameters: 0.999998 0.00180267 -0.000993418 -0.00181033 0.999971 -0.00742722 0.00097958 0.00742878 0.999972 0.0138645 -0.0572098 -0.176585
FixedParameters: 0 0 0

#Transform 91
Transform: AffineTransform_float_3_3
Parameters: 0.999998 0.00123017 -0.00119317 -0.00123983 0.999971 -0.00742753 0.00118382 0.00742846 0.999971 0.0110695 -0.0596667 -0.181059
FixedParameters: 0 0 0

#Transform 92
Transform: AffineTransform_float_3_3
Parameters: 0.999999 0.00152869 -0.000978515 -0.00153631 0.99997 -0.00751351 0.000967484 0.00751449 0.999972 0.00991674 -0.0589111 -0.166707
FixedParameters: 0 0 0

#Transform 93
Transform: AffineTransform_float_3_3
Parameters: 0.999998 0.00132116 -0.00108462 -0.00132884 0.999973 -0.00725957 0.00107538 0.00726143 0.999973 0.0115814 -0.0581572 -0.197861
FixedParameters: 0 0 0

#Transform 94
Transform: AffineTransform_float_3_3
Parameters: 0.999997 0.00177826 -0.00126042 -0.00178673 0.999974 -0.00696577 0.00124758 0.00696824 0.999975 0.0102358 -0.0547825 -0.167636
FixedParameters: 0 0 0

#Transform 95
Transform: AffineTransform_float_3_3
Parameters: 0.999998 0.00202878 -0.00105201 -0.00203722 0.999967 -0.00787287 0.00103599 0.00787512 0.999968 0.0113539 -0.0584884 -0.201721
FixedParameters: 0 0 0

#Transform 96
Transform: AffineTransform_float_3_3
Parameters: 0.999997 0.00177811 -0.00116469 -0.00178689 0.999969 -0.00767693 0.00115131 0.00767906 0.99997 0.0108532 -0.0707058 -0.249401
FixedParameters: 0 0 0

#Transform 97
Transform: AffineTransform_float_3_3
Parameters: 0.999998 0.00177884 -0.00111315 -0.00178717 0.999971 -0.00737503 0.00110085 0.00737698 0.999972 0.0272402 -0.0742978 -0.201278
FixedParameters: 0 0 0

#Transform 98
Transform: AffineTransform_float_3_3
Parameters: 0.999998 0.00178038 -0.000850983 -0.00178662 0.999967 -0.00783849 0.000837021 0.0078395 0.999969 0.0287134 -0.0589781 -0.197439
FixedParameters: 0 0 0

#Transform 99
Transform: AffineTransform_float_3_3
Parameters: 0.999998 0.00177846 -0.00109895 -0.00178654 0.999968 -0.00782305 0.00108505 0.00782494 0.999969 0.00960416 -0.0644884 -0.215559
FixedParameters: 0 0 0

#Transform 100
Transform: AffineTransform_float_3_3
Parameters: 0.999998 0.00161669 -0.00110129 -0.0016253 0.99997 -0.00758422 0.0010887 0.00758577 0.99997 0.00575365 -0.0734154 -0.201508
FixedParameters: 0 0 0

#Transform 101
Transform: AffineTransform_float_3_3
Parameters: 0.999998 0.00178133 -0.000754534 -0.00178668 0.999969 -0.00758466 0.000741468 0.00758633 0.999971 0.0255477 -0.0712966 -0.181592
FixedParameters: 0 0 0

#Transform 102
Transform: AffineTransform_float_3_3
Parameters: 0.999998 0.00177984 -0.000891434 -0.00178716 0.999965 -0.00809242 0.000877566 0.00809357 0.999967 0.00952952 -0.060183 -0.169385
FixedParameters: 0 0 0

#Transform 103
Transform: AffineTransform_float_3_3
Parameters: 0.999998 0.00177988 -0.000907115 -0.00178712 0.999967 -0.0079134 0.000892883 0.00791561 0.999969 0.0169186 -0.0591537 -0.176732
FixedParameters: 0 0 0

#Transform 104
Transform: AffineTransform_float_3_3
Parameters: 0.999997 0.00177777 -0.00121363 -0.00178723 0.999969 -0.00764885 0.00120036 0.00765015 0.99997 0.00969505 -0.0732942 -0.201259
FixedParameters: 0 0 0

#Transform 105
Transform: AffineTransform_float_3_3
Parameters: 0.999997 0.00177743 -0.00131108 -0.00178657 0.999972 -0.00733568 0.00129793 0.00733833 0.999972 0.0074969 -0.0559196 -0.18129
FixedParameters: 0 0 0

#Transform 106
Transform: AffineTransform_float_3_3
Parameters: 0.999997 0.0017785 -0.00118782 -0.00178649 0.999972 -0.00719089 0.00117418 0.0071931 0.999974 0.0120273 -0.0745425 -0.170218
FixedParameters: 0 0 0

#Transform 107
Transform: AffineTransform_float_3_3
Parameters: 0.999998 0.00177994 -0.000935567 -0.00178707 0.99997 -0.00760634 0.000922432 0.00760766 0.99997 0.0191941 -0.0576152 -0.161045
FixedParameters: 0 0 0

#Transform 108
Transform: AffineTransform_float_3_3
Parameters: 0.999997 0.0018888 -0.00102919 -0.00189719 0.999966 -0.00802107 0.00101381 0.00802294 0.999968 0.0179807 -0.0630211 -0.196993
FixedParameters: 0 0 0

#Transform 109
Transform: AffineTransform_float_3_3
Parameters: 0.999997 0.00177684 -0.00131187 -0.00178716 0.999968 -0.00778167 0.00129813 0.00778333 0.999969 0.0132031 -0.0721105 -0.215287
FixedParameters: 0 0 0

#Transform 110
Transform: AffineTransform_float_3_3
Parameters: 0.999998 0.00173353 -0.00111725 -0.00174247 0.99997 -0.00762408 0.00110375 0.00762594 0.999971 0.0170705 -0.0825801 -0.195979
FixedParameters: 0 0 0

#Transform 111
Transform: AffineTransform_float_3_3
Parameters: 0.999999 0.00159633 -0.00077775 -0.00160167 0.999971 -0.00734676 0.000766252 0.00734823 0.999972 0.0292164 -0.0775689 -0.179629
FixedParameters: 0 0 0

#Transform 112
Transform: AffineTransform_float_3_3
Parameters: 0.999999 0.00175832 -0.000349736 -0.00176168 0.999968 -0.0078054 0.000336258 0.00780661 0.99997 0.0315416 -0.0640446 -0.177993
FixedParameters: 0 0 0

#Transform 113
Transform: AffineTransform_float_3_3
Parameters: 0.999998 0.00186578 -0.000566085 -0.00187021 0.99997 -0.00753996 0.000551914 0.00754105 0.999972 0.0250795 -0.0529722 -0.178522
FixedParameters: 0 0 0

#Transform 114
Transform: AffineTransform_float_3_3
Parameters: 0.999998 0.00200139 -0.000351238 -0.00200362 0.999969 -0.00760831 0.000336765 0.00760869 0.999971 0.0311827 -0.0803824 -0.177879
FixedParameters: 0 0 0

#Transform 115
Transform: AffineTransform_float_3_3
Parameters: 0.999999 0.00175123 -0.000392554 -0.00175376 0.999973 -0.00716232 0.000379449 0.00716268 0.999975 0.0311282 -0.08807 -0.177844
FixedParameters: 0 0 0

#Transform 116
Transform: AffineTransform_float_3_3
Parameters: 0.999999 0.00175291 -0.000160435 -0.00175409 0.999974 -0.00709173 0.000147563 0.00709227 0.999975 0.0210764 -0.0679538 -0.166095
FixedParameters: 0 0 0

#Transform 117
Transform: AffineTransform_float_3_3
Parameters: 0.999998 0.00193288 -0.000462258 -0.00193612 0.999974 -0.00685312 0.000448742 0.00685388 0.999977 0.0306742 -0.0703632 -0.194606
FixedParameters: 0 0 0

#Transform 118
Transform: AffineTransform_float_3_3
Parameters: 0.999998 0.00203112 -0.000264878 -0.00203288 0.999971 -0.00732148 0.000249123 0.00732152 0.999973 0.031651 -0.0678386 -0.197437
FixedParameters: 0 0 0

#Transform 119
Transform: AffineTransform_float_3_3
Parameters: 0.999997 0.00218449 -0.000575399 -0.00218851 0.999966 -0.00795576 0.000558604 0.00795724 0.999968 0.0163535 -0.0695452 -0.219035
FixedParameters: 0 0 0

#Transform 120
Transform: AffineTransform_float_3_3
Parameters: 0.999998 0.0020601 -0.000265171 -0.00206189 0.999971 -0.00736047 0.000249831 0.00736053 0.999973 0.0316255 -0.0576612 -0.225534
FixedParameters: 0 0 0

#Transform 121
Transform: AffineTransform_float_3_3
Parameters: 0.999998 0.00198748 -0.000208961 -0.00198852 0.999969 -0.00752459 0.000194041 0.0075254 0.999971 0.0320023 -0.0700153 -0.226562
FixedParameters: 0 0 0

#Transform 122
Transform: AffineTransform_float_3_3
Parameters: 0.999998 0.00157924 -0.000609475 -0.00158376 0.999967 -0.00788704 0.000597526 0.00788795 0.999968 0.0511501 -0.0729815 -0.204625
FixedParameters: 0 0 0

#Transform 123
Transform: AffineTransform_float_3_3
Parameters: 1 0.000280251 -0.000262961 -0.00028375 0.999944 -0.0105139 0.000260031 0.0105141 0.999944 0.142688 -0.163248 -0.284137
FixedParameters: 0 0 0

#Transform 124
Transform: AffineTransform_float_3_3
Parameters: 1 0.00110037 -8.19861e-05 -0.00110163 0.999966 -0.00816391 7.30087e-05 0.00816408 0.999966 0.103461 -0.107991 -0.202668
FixedParameters: 0 0 0

#Transform 125
Transform: AffineTransform_float_3_3
Parameters: 0.999999 0.00158014 1.31682e-05 -0.00157986 0.99997 -0.00748803 -2.48306e-05 0.00748797 0.999972 0.0469109 -0.0731418 -0.242244
FixedParameters: 0 0 0

#Transform 126
Transform: AffineTransform_float_3_3
Parameters: 0.999999 0.00182298 -0.000139154 -0.00182402 0.999968 -0.00776176 0.000124845 0.00776224 0.99997 0.0459111 -0.0838378 -0.295422
FixedParameters: 0 0 0

#Transform 127
Transform: AffineTransform_float_3_3
Parameters: 0.999999 0.00185433 -0.000107258 -0.00185467 0.999977 -0.00660882 9.47444e-05 0.00660919 0.999978 0.0461011 -0.0672685 -0.224481
FixedParameters: 0 0 0

#Transform 128
Transform: AffineTransform_float_3_3
Parameters: 0.999998 0.00189603 0.000129721 -0.00189497 0.99997 -0.00753326 -0.000144279 0.00753274 0.999971 0.0473629 -0.0561679 -0.223888
FixedParameters: 0 0 0

#Transform 129
Transform: AffineTransform_float_3_3
Parameters: 0.999999 0.0014603 -9.71609e-05 -0.0014617 0.999969 -0.00764086 8.58335e-05 0.00764113 0.999971 0.0628792 -0.0442149 -0.275857
FixedParameters: 0 0 0

#Transform 130
Transform: AffineTransform_float_3_3
Parameters: 0.999999 0.00145972 -0.000178744 -0.00146128 0.999972 -0.00735675 0.000168255 0.00735625 0.999973 0.0633475 -0.0755266 -0.27266
FixedParameters: 0 0 0

#Transform 131
Transform: AffineTransform_float_3_3
Parameters: 0.999999 0.00146115 1.52507e-05 -0.00146185 0.999972 -0.00735703 -2.57555e-05 0.00735697 0.999973 0.0644427 -0.0655355 -0.254525
FixedParameters: 0 0 0

#Transform 132
Transform: AffineTransform_float_3_3
Parameters: 0.999999 0.00150452 0.000356523 -0.00150248 0.999974 -0.00696954 -0.000366479 0.00696845 0.999975 0.0662247 -0.0935941 -0.237754
FixedParameters: 0 0 0

#Transform 133
Transform: AffineTransform_float_3_3
Parameters: 0.999999 0.00156193 -1.53522e-05 -0.00156208 0.999967 -0.00790798 3.64719e-06 0.00790801 0.999968 0.0641555 -0.0965699 -0.247148
FixedParameters: 0 0 0

#Transform 134
Transform: AffineTransform_float_3_3
Parameters: 0.999999 0.00143815 -0.000126084 -0.00143885 0.999975 -0.00700983 0.000115916 0.00701018 0.999976 0.0636258 -0.0350126 -0.259459
FixedParameters: 0 0 0

#Transform 135
Transform: AffineTransform_float_3_3
Parameters: 0.999999 0.00154325 2.58909e-05 -0.00154375 0.999968 -0.00784705 -3.81149e-05 0.00784695 0.999969 0.0771622 -0.0920584 -0.259806
FixedParameters: 0 0 0

#Transform 136
Transform: AffineTransform_float_3_3
Parameters: 0.999999 0.00180867 0.000205813 -0.00180633 0.999967 -0.00784738 -0.000220181 0.00784661 0.999969 0.065266 -0.0911557 -0.213355
FixedParameters: 0 0 0

#Transform 137
Transform: AffineTransform_float_3_3
Parameters: 0.999999 0.00131794 -1.30536e-05 -0.00131806 0.99997 -0.00762799 2.94591e-06 0.00762801 0.999971 0.0814437 -0.0922217 -0.206405
FixedParameters: 0 0 0

#Transform 138
Transform: AffineTransform_float_3_3
Parameters: 0.999999 0.00120127 0.000296969 -0.00119873 0.999971 -0.00752536 -0.000306029 0.00752464 0.999971 0.0831847 -0.0924761 -0.171622
FixedParameters: 0 0 0

#Transform 139
Transform: AffineTransform_float_3_3
Parameters: 0.999998 0.00170658 0.000224301 -0.00170542 0.999975 -0.0068584 -0.000235701 0.00685761 0.999977 0.082565 -0.0459935 -0.193435
FixedParameters: 0 0 0

#Transform 140
Transform: AffineTransform_float_3_3
Parameters: 0.999999 0.00120094 0.000308533 -0.00119805 0.99998 -0.00622237 -0.00031646 0.00622162 0.99998 0.0832684 -0.0772462 -0.186807
FixedParameters: 0 0 0

#Transform 141
Transform: AffineTransform_float_3_3
Parameters: 0.999999 0.000828963 0.000345983 -0.000826036 0.999963 -0.00847929 -0.000353017 0.00847971 0.999964 0.108652 -0.0910837 -0.232004
FixedParameters: 0 0 0

#Transform 142
Transform: AffineTransform_float_3_3
Parameters: 1 0.00119736 -0.000164436 -0.00119865 0.999946 -0.0103788 0.000152569 0.0103782 0.999946 0.0970463 -0.143177 -0.2688
FixedParameters: 0 0 0

#Transform 143
Transform: AffineTransform_float_3_3
Parameters: 0.999999 0.00120615 0.000877253 -0.00119885 0.999967 -0.00810506 -0.000886745 0.00810394 0.999967 0.105437 -0.0526752 -0.213446
FixedParameters: 0 0 0

#Transform 144
Transform: AffineTransform_float_3_3
Parameters: 0.999999 0.00120425 0.00062702 -0.00119875 0.999965 -0.00830576 -0.000636979 0.00830524 0.999966 0.0978159 -0.0894483 -0.240108
FixedParameters: 0 0 0

#Transform 145
Transform: AffineTransform_float_3_3
Parameters: 0.999999 0.00078305 0.000301184 -0.00077995 0.999949 -0.0100002 -0.000308815 0.00999976 0.99995 0.100273 -0.101328 -0.286078
FixedParameters: 0 0 0

#Transform 146
Transform: AffineTransform_float_3_3
Parameters: 0.999999 0.00078412 0.000380628 -0.000779877 0.999943 -0.0107043 -0.00038937 0.0107047 0.999942 0.100683 -0.138678 -0.302793
FixedParameters: 0 0 0

#Transform 147
Transform: AffineTransform_float_3_3
Parameters: 1 0.00117859 -4.31687e-05 -0.00117941 0.999937 -0.011171 2.98267e-05 0.011171 0.999937 0.0982185 -0.12863 -0.334
FixedParameters: 0 0 0

#Transform 148
Transform: AffineTransform_float_3_3
Parameters: 0.999999 0.0012833 -0.000157547 -0.00128471 0.999935 -0.0113278 0.000143456 0.0113282 0.999936 0.0712623 -0.150665 -0.334831
FixedParameters: 0 0 0

#Transform 149
Transform: AffineTransform_float_3_3
Parameters: 0.999999 0.00140183 -0.000189803 -0.00140416 0.999928 -0.0119768 0.000172195 0.0119773 0.999929 0.0659477 -0.126563 -0.368733
FixedParameters: 0 0 0

#Transform 150
Transform: AffineTransform_float_3_3
Parameters: 0.999999 0.00140366 -3.851e-05 -0.00140435 0.999938 -0.011048 2.34862e-05 0.011048 0.999939 0.0790467 -0.113347 -0.359186
FixedParameters: 0 0 0

#Transform 151
Transform: AffineTransform_float_3_3
Parameters: 1 0.000850502 0.000787097 -0.0008445 0.999976 -0.00696368 -0.0007929 0.00696234 0.999976 0.096321 -0.154907 -0.0746953
FixedParameters: 0 0 0
