#Insight Transform File V1.0
#Transform 0
Transform: AffineTransform_float_3_3
Parameters: 0.999924 0.00194097 0.0122301 -0.00208704 0.999927 0.0119394 -0.0122059 -0.0119636 0.999854 0.262765 0.29624 0.156014
FixedParameters: 0 0 0

#Transform 1
Transform: AffineTransform_float_3_3
Parameters: 0.999918 0.00250541 0.0125755 -0.00269659 0.999882 0.0151613 -0.0125365 -0.0151947 0.999806 0.255974 0.267345 0.244102
FixedParameters: 0 0 0

#Transform 2
Transform: AffineTransform_float_3_3
Parameters: 0.99992 0.00263628 0.0123676 -0.00280672 0.9999 0.0138064 -0.0123304 -0.0138406 0.999828 0.264732 0.287887 0.220787
FixedParameters: 0 0 0

#Transform 3
Transform: AffineTransform_float_3_3
Parameters: 0.999909 0.00252235 0.0132453 -0.00269667 0.999911 0.0131095 -0.0132117 -0.0131435 0.999827 0.235681 0.313356 0.229042
FixedParameters: 0 0 0

#Transform 4
Transform: AffineTransform_float_3_3
Parameters: 0.999924 0.00206094 0.0122011 -0.00223707 0.999894 0.0144348 -0.01217 -0.0144602 0.999822 0.25758 0.274964 0.252994
FixedParameters: 0 0 0

#Transform 5
Transform: AffineTransform_float_3_3
Parameters: 0.999926 0.00209528 0.0119747 -0.00223772 0.999928 0.0118341 -0.0119483 -0.0118599 0.999859 0.262779 0.345494 0.243279
FixedParameters: 0 0 0

#Transform 6
Transform: AffineTransform_float_3_3
Parameters: 0.999916 0.0022158 0.0127658 -0.0023922 0.999902 0.0138036 -0.0127342 -0.0138334 0.999823 0.254304 0.280279 0.273487
FixedParameters: 0 0 0

#Transform 7
Transform: AffineTransform_float_3_3
Parameters: 0.999916 0.00220601 0.0127252 -0.002352 0.999931 0.011469 -0.0126998 -0.011498 0.999853 0.274464 0.313153 0.195799
FixedParameters: 0 0 0

#Transform 8
Transform: AffineTransform_float_3_3
Parameters: 0.999923 0.00236089 0.0121228 -0.00250912 0.999922 0.0122175 -0.0120932 -0.0122465 0.999852 0.247496 0.300004 0.244161
FixedParameters: 0 0 0

#Transform 9
Transform: AffineTransform_float_3_3
Parameters: 0.99992 0.00229961 0.0124865 -0.00244839 0.999926 0.0119624 -0.0124576 -0.0119916 0.999851 0.262786 0.287965 0.242685
FixedParameters: 0 0 0

#Transform 10
Transform: AffineTransform_float_3_3
Parameters: 0.999919 0.00232699 0.0125628 -0.00246201 0.99994 0.010742 -0.0125372 -0.0107721 0.999864 0.27915 0.325749 0.243071
FixedParameters: 0 0 0

#Transform 11
Transform: AffineTransform_float_3_3
Parameters: 0.999918 0.00243317 0.0125232 -0.00258382 0.999924 0.0120416 -0.0124927 -0.0120734 0.999849 0.288871 0.28857 0.23144
FixedParameters: 0 0 0

#Transform 12
Transform: AffineTransform_float_3_3
Parameters: 0.999925 0.00255309 0.0119794 -0.00269191 0.999929 0.0115936 -0.0119496 -0.0116254 0.999861 0.301672 0.306444 0.260354
FixedParameters: 0 0 0

#Transform 13
Transform: AffineTransform_float_3_3
Parameters: 0.99993 0.00218778 0.0115724 -0.00231822 0.999934 0.011251 -0.0115476 -0.011277 0.999869 0.310142 0.294203 0.226844
FixedParameters: 0 0 0

#Transform 14
Transform: AffineTransform_float_3_3
Parameters: 0.999926 0.00216076 0.0119719 -0.00228423 0.999945 0.0102894 -0.0119491 -0.0103166 0.999876 0.284691 0.284632 0.268952
FixedParameters: 0 0 0

#Transform 15
Transform: AffineTransform_float_3_3
Parameters: 0.999972 0.001758 0.00718515 -0.001799 0.999982 0.00570423 -0.00717484 -0.00571677 0.999958 0.203924 0.0212085 -0.0854353
FixedParameters: 0 0 0

#Transform 16
Transform: AffineTransform_float_3_3
Parameters: 0.999792 -0.00423066 -0.0199757 0.00427635 0.999989 0.00222804 0.0199664 -0.00231295 0.999798 -0.197512 -0.342234 -0.560657
FixedParameters: 0 0 0

#Transform 17
Transform: AffineTransform_float_3_3
Parameters: 0.999997 -0.00192674 -0.000902565 0.00192626 0.999998 0.000292262 0.000901436 -0.000293738 1 0.0607128 0.00291385 -0.491488
FixedParameters: 0 0 0

#Transform 18
Transform: AffineTransform_float_3_3
Parameters: 1 0.000108894 0.000152076 -0.000108106 1 0.000694983 -0.000151925 -0.000695016 0.999999 -0.00791427 -0.0959821 0.15621
FixedParameters: 0 0 0

#Transform 19
Transform: AffineTransform_float_3_3
Parameters: 1 1.5199e-05 -0.00101098 -1.38009e-05 1 0.00118601 0.00101102 -0.00118599 0.999999 0.0144096 -0.00315138 -0.0158179
FixedParameters: 0 0 0

#Transform 20
Transform: AffineTransform_float_3_3
Parameters: 1 -0.00013812 -0.000173905 0.00013788 1 -0.000691024 0.000174095 0.000690976 0.999999 -0.00853089 0.0138267 0.0181948
FixedParameters: 0 0 0

#Transform 21
Transform: AffineTransform_float_3_3
Parameters: 1 1.40678e-05 -6.7986e-05 -1.39322e-05 0.999999 0.000997 6.80139e-05 -0.000996998 0.999999 -0.0225339 -0.0214426 -0.0283112
FixedParameters: 0 0 0

#Transform 22
Transform: AffineTransform_float_3_3
Parameters: 1 1.40919e-05 -8.69852e-05 -1.39081e-05 1 0.001056 8.70148e-05 -0.001056 1 -0.00930234 0.0164477 -0.015104
FixedParameters: 0 0 0

#Transform 23
Transform: AffineTransform_float_3_3
Parameters: 0.999999 0.000623831 0.00126759 -0.000623169 0.999999 -0.00065579 -0.00126841 0.000655209 0.999999 -0.00656349 0.0112327 -0.0126041
FixedParameters: 0 0 0

#Transform 24
Transform: AffineTransform_float_3_3
Parameters: 0.999999 0.000573515 0.000619449 -0.000574484 0.999999 0.000782644 -0.00061855 -0.000783355 1 -0.00667147 0.0129524 0.0220844
FixedParameters: 0 0 0

#Transform 25
Transform: AffineTransform_float_3_3
Parameters: 1 0.000446726 0.000505241 -0.000446273 1 0.000540774 -0.000504758 -0.000541225 0.999999 -0.004566 0.00614474 -0.0398634
FixedParameters: 0 0 0

#Transform 26
Transform: AffineTransform_float_3_3
Parameters: 0.999999 0.000448655 0.000716215 -0.000449344 1 0.000480678 -0.000716783 -0.000481321 0.999999 0.00638291 0.0193649 -0.00840948
FixedParameters: 0 0 0

#Transform 27
Transform: AffineTransform_float_3_3
Parameters: 0.999999 0.000699139 -0.00013428 -0.000698862 0.999999 0.00103009 0.00013472 -0.00102991 1 0.00286863 0.00522209 -0.05027
FixedParameters: 0 0 0

#Transform 28
Transform: AffineTransform_float_3_3
Parameters: 0.999999 0.000520788 -0.000556331 -0.000519209 0.999994 0.00321029 0.000558669 -0.00320971 0.999994 -0.00994351 -0.0628399 -0.0417174
FixedParameters: 0 0 0

#Transform 29
Transform: AffineTransform_float_3_3
Parameters: 1 0.000449137 -0.000117478 -0.000448864 0.999999 0.00116205 0.000117522 -0.00116195 1 -0.0357722 -0.0313508 0.000130829
FixedParameters: 0 0 0

#Transform 30
Transform: AffineTransform_float_3_3
Parameters: 1 0.000355922 6.14563e-05 -0.000356078 0.999999 0.00128198 -6.05436e-05 -0.00128202 0.999999 -0.058785 -0.0527759 -0.00396084
FixedParameters: 0 0 0

#Transform 31
Transform: AffineTransform_float_3_3
Parameters: 1 9.0406e-06 -9.99963e-05 -8.9594e-06 1 0.000406001 0.000100004 -0.000405999 1 -0.0433416 -0.0420728 -0.0550217
FixedParameters: 0 0 0

#Transform 32
Transform: AffineTransform_float_3_3
Parameters: 1 4.52527e-05 0.000328104 -4.57471e-05 0.999998 0.00227799 -0.000327897 -0.00227802 0.999998 -0.0364933 -0.0831712 0.0725415
FixedParameters: 0 0 0

#Transform 33
Transform: AffineTransform_float_3_3
Parameters: 0.999998 0.000152151 0.00190015 -0.00015385 0.999999 0.000973709 -0.00189985 -0.00097329 0.999997 -0.015627 0.0278846 0.0470273
FixedParameters: 0 0 0

#Transform 34
Transform: AffineTransform_float_3_3
Parameters: 0.999999 5.25947e-06 0.001379 -6.74052e-06 1 0.000536991 -0.001379 -0.000537008 0.999999 0.0146034 0.0223371 0.0255598
FixedParameters: 0 0 0

#Transform 35
Transform: AffineTransform_float_3_3
Parameters: 0.999998 9.3364e-05 0.00187213 -9.66355e-05 0.999999 0.00140782 -0.00187187 -0.00140818 0.999998 0.00803439 -0.0337179 0.00214703
FixedParameters: 0 0 0

#Transform 36
Transform: AffineTransform_float_3_3
Parameters: 0.999999 -2.4314e-05 0.00182498 2.2686e-05 0.999999 0.000720042 -0.00182502 -0.000719957 0.999998 0.00985413 0.0140424 -0.0242294
FixedParameters: 0 0 0

#Transform 37
Transform: AffineTransform_float_3_3
Parameters: 0.999999 -0.000172495 0.00146282 0.000170506 1 0.00102225 -0.00146218 -0.00102175 0.999999 -0.0103477 -0.00100112 -0.0258842
FixedParameters: 0 0 0

#Transform 38
Transform: AffineTransform_float_3_3
Parameters: 0.999998 0.000374366 0.00198669 -0.000378635 0.999999 0.00182925 -0.00198631 -0.00182975 0.999997 0.017278 0.0525701 0.0260769
FixedParameters: 0 0 0

#Transform 39
Transform: AffineTransform_float_3_3
Parameters: 0.999997 0.00119176 0.00213693 -0.00119724 0.999997 0.00245145 -0.00213407 -0.00245355 0.999994 0.0341023 -0.00280929 0.0529639
FixedParameters: 0 0 0

#Transform 40
Transform: AffineTransform_float_3_3
Parameters: 0.999996 0.00174386 0.00231663 -0.00175014 0.999995 0.00264896 -0.00231237 -0.00265304 0.999994 0.0284911 0.0101567 0.026695
FixedParameters: 0 0 0

#Transform 41
Transform: AffineTransform_float_3_3
Parameters: 0.999993 0.00237809 0.00269711 -0.00239391 0.999979 0.00591058 -0.00268289 -0.00591742 0.999979 0.0954224 0.0348316 -0.0213445
FixedParameters: 0 0 0

#Transform 42
Transform: AffineTransform_float_3_3
Parameters: 0.999996 0.00136139 0.00272831 -0.00136961 0.999994 0.00315628 -0.00272469 -0.00315973 0.999992 0.100797 0.0305238 -0.0525968
FixedParameters: 0 0 0

#Transform 43
Transform: AffineTransform_float_3_3
Parameters: 0.999997 0.000877358 0.00228418 -0.000882641 0.999996 0.00246999 -0.00228183 -0.00247201 0.999995 0.0628966 0.0554392 -0.0305064
FixedParameters: 0 0 0

#Transform 44
Transform: AffineTransform_float_3_3
Parameters: 0.999997 0.00105606 0.00221285 -0.00106194 0.999996 0.00268566 -0.00221015 -0.00268834 0.999994 0.0404849 0.0207824 -0.0143036
FixedParameters: 0 0 0

#Transform 45
Transform: AffineTransform_float_3_3
Parameters: 0.999996 0.00114646 0.00280727 -0.00115254 0.999998 0.00197177 -0.00280473 -0.00197523 0.999994 0.0306296 0.0187182 -0.0144834
FixedParameters: 0 0 0

#Transform 46
Transform: AffineTransform_float_3_3
Parameters: 0.999995 0.00147898 0.00258303 -0.00148602 0.999995 0.00271917 -0.00257897 -0.00272283 0.999993 0.0279018 -0.0282202 0.0113691
FixedParameters: 0 0 0

#Transform 47
Transform: AffineTransform_float_3_3
Parameters: 0.999995 0.00114637 0.00273037 -0.00115263 0.999997 0.00205986 -0.00272763 -0.00206314 0.999994 0.0331229 0.0321651 0.0083553
FixedParameters: 0 0 0

#Transform 48
Transform: AffineTransform_float_3_3
Parameters: 0.999997 0.00104209 0.00228425 -0.00104691 0.999997 0.00215062 -0.00228175 -0.00215339 0.999995 0.0459785 -0.00467222 0.0205184
FixedParameters: 0 0 0

#Transform 49
Transform: AffineTransform_float_3_3
Parameters: 0.999996 0.00109573 0.0026068 -0.00110027 0.999998 0.00163714 -0.0026042 -0.00163986 0.999996 0.065308 0.0249299 0.00375312
FixedParameters: 0 0 0

#Transform 50
Transform: AffineTransform_float_3_3
Parameters: 0.999997 0.000740028 0.00261013 -0.000743969 0.999998 0.00152006 -0.00260887 -0.00152294 0.999996 0.0581735 0.0287323 -0.0301611
FixedParameters: 0 0 0

#Transform 51
Transform: AffineTransform_float_3_3
Parameters: 0.999996 0.00105464 0.00266912 -0.00106036 0.999997 0.00200718 -0.00266688 -0.00200982 0.999995 0.0646823 0.00364916 -0.00416309
FixedParameters: 0 0 0

#Transform 52
Transform: AffineTransform_float_3_3
Parameters: 0.999997 0.000860434 0.00258053 -0.000865567 0.999998 0.00176877 -0.00257947 -0.00177123 0.999995 0.0555777 0.0116975 0.0018432
FixedParameters: 0 0 0

#Transform 53
Transform: AffineTransform_float_3_3
Parameters: 0.999998 0.000912503 0.00204102 -0.000917497 0.999997 0.00220313 -0.00203898 -0.00220587 0.999996 0.0646308 0.00287681 -0.0494896
FixedParameters: 0 0 0

#Transform 54
Transform: AffineTransform_float_3_3
Parameters: 0.999999 -0.00143839 -0.00111649 0.00143761 0.999999 -0.000352606 0.00111751 0.000351393 1 -0.0505025 -0.247846 -0.118583
FixedParameters: 0 0 0

#Transform 55
Transform: AffineTransform_float_3_3
Parameters: 0.999993 6.84891e-05 0.00375197 -6.751e-05 1 -0.000397256 -0.00375203 0.000396746 0.999993 -0.0607051 0.0821034 -0.290834
FixedParameters: 0 0 0

#Transform 56
Transform: AffineTransform_float_3_3
Parameters: 0.999993 5.23942e-05 0.00354004 -5.46086e-05 0.999999 0.000736811 -0.00353996 -0.00073619 0.999994 -0.00607641 0.00422897 0.0666286
FixedParameters: 0 0 0

#Transform 57
Transform: AffineTransform_float_3_3
Parameters: 0.999994 0.000285054 0.00362716 -0.000286946 1 0.000535963 -0.00362685 -0.000537037 0.999994 -0.000409826 0.109281 -0.0054138
FixedParameters: 0 0 0

#Transform 58
Transform: AffineTransform_float_3_3
Parameters: 0.999993 0.000146149 0.00368004 -0.000147853 1 0.000231458 -0.00367997 -0.000231539 0.999993 -0.0150193 0.074273 0.035551
FixedParameters: 0 0 0

#Transform 59
Transform: AffineTransform_float_3_3
Parameters: 0.999995 -0.000137722 0.0032951 0.000139276 1 -0.000690545 -0.00329491 0.000691458 0.999995 -0.000857012 0.0849302 0.000122301
FixedParameters: 0 0 0

#Transform 60
Transform: AffineTransform_float_3_3
Parameters: 0.999994 0.000173726 0.00325612 -0.000176275 0.999999 0.00069843 -0.00325588 -0.000698569 0.999995 0.00650939 0.0483441 0.0103563
FixedParameters: 0 0 0

#Transform 61
Transform: AffineTransform_float_3_3
Parameters: 0.999996 -4.14795e-05 0.00290699 4.15202e-05 1 0.000165121 -0.00290701 -0.00016488 0.999996 0.026717 0.0916322 -0.0185297
FixedParameters: 0 0 0

#Transform 62
Transform: AffineTransform_float_3_3
Parameters: 0.999996 0.000333434 0.00302717 -0.000334566 1 0.00051699 -0.00302683 -0.000518012 0.999996 0.0298113 0.0386751 -0.027315
FixedParameters: 0 0 0

#Transform 63
Transform: AffineTransform_float_3_3
Parameters: 0.999995 -7.33106e-05 0.00300004 7.56886e-05 1 -0.000562776 -0.00299996 0.000563223 0.999996 0.0216595 0.118116 -0.0172782
FixedParameters: 0 0 0

#Transform 64
Transform: AffineTransform_float_3_3
Parameters: 0.999995 0.000500937 0.00312233 -0.000503064 0.999999 0.000660432 -0.00312167 -0.000661567 0.999995 0.0234649 0.00953065 0.00148285
FixedParameters: 0 0 0

#Transform 65
Transform: AffineTransform_float_3_3
Parameters: 0.999996 0.000258259 0.00279598 -0.000257739 1 -9.3721e-05 -0.00279602 9.22783e-05 0.999996 0.0155211 0.0702362 -0.028925
FixedParameters: 0 0 0

#Transform 66
Transform: AffineTransform_float_3_3
Parameters: 0.999993 0.000364219 0.00375217 -0.000365783 1 0.000474631 -0.00375183 -0.00047537 0.999993 0.00959284 0.03357 -0.023076
FixedParameters: 0 0 0

#Transform 67
Transform: AffineTransform_float_3_3
Parameters: 0.999996 -3.97045e-05 0.00287305 4.22952e-05 1 -0.00114688 -0.00287295 0.00114712 0.999995 0.00329988 0.0513259 -0.0979786
FixedParameters: 0 0 0

#Transform 68
Transform: AffineTransform_float_3_3
Parameters: 0.999993 0.000498278 0.00356296 -0.000498722 1 -7.87774e-05 -0.00356304 7.72251e-05 0.999993 0.00036005 0.00670489 -0.0544694
FixedParameters: 0 0 0

#Transform 69
Transform: AffineTransform_float_3_3
Parameters: 0.999996 0.000445061 0.00287299 -0.000444938 1 -2.22784e-05 -0.00287301 2.07214e-05 0.999996 0.00172722 0.0350209 -0.0499769
FixedParameters: 0 0 0

#Transform 70
Transform: AffineTransform_float_3_3
Parameters: 0.999994 0.000415298 0.00347684 -0.0004137 1 -0.000374441 -0.00347715 0.000372558 0.999994 0.00494607 0.063518 -0.047169
FixedParameters: 0 0 0

#Transform 71
Transform: AffineTransform_float_3_3
Parameters: 0.999995 -6.53353e-06 0.00334801 7.46639e-06 1 -0.000437978 -0.003348 0.000438024 0.999995 -0.0200976 0.0481102 -0.0446069
FixedParameters: 0 0 0

#Transform 72
Transform: AffineTransform_float_3_3
Parameters: 0.999994 -5.99778e-05 0.00352605 6.30249e-05 0.999999 -0.000857783 -0.00352595 0.000857217 0.999994 0.0296288 0.08832 -0.00776539
FixedParameters: 0 0 0

#Transform 73
Transform: AffineTransform_float_3_3
Parameters: 0.999991 0.00018223 0.00421999 -0.000182771 1 -5.47718e-05 -0.00422001 5.42315e-05 0.999991 0.00171515 0.0669884 0.0156853
FixedParameters: 0 0 0

#Transform 74
Transform: AffineTransform_float_3_3
Parameters: 0.999994 -6.10598e-05 0.00366003 6.29394e-05 1 -0.000529773 -0.00365997 0.000530227 0.999993 0.0160135 0.0893622 -0.0207888
FixedParameters: 0 0 0

#Transform 75
Transform: AffineTransform_float_3_3
Parameters: 0.999993 7.43162e-05 0.00370897 -7.26865e-05 1 -0.000354272 -0.00370903 0.000354727 0.999993 -0.00105823 0.0684963 -0.0204918
FixedParameters: 0 0 0

#Transform 76
Transform: AffineTransform_float_3_3
Parameters: 0.999993 5.74513e-05 0.00372596 -5.45479e-05 1 -0.000658208 -0.00372604 0.00065779 0.999993 0.0142984 0.0626399 -0.0138808
FixedParameters: 0 0 0

#Transform 77
Transform: AffineTransform_float_3_3
Parameters: 0.999993 -6.18226e-05 0.00389702 6.31764e-05 1 -0.000301756 -0.00389698 0.000302243 0.999993 -0.00505165 0.0677218 0.0146576
FixedParameters: 0 0 0

#Transform 78
Transform: AffineTransform_float_3_3
Parameters: 0.999994 -6.02211e-05 0.00352605 6.37781e-05 0.999999 -0.000787779 -0.00352595 0.000788217 0.999993 0.012067 0.0902163 0.0161873
FixedParameters: 0 0 0

#Transform 79
Transform: AffineTransform_float_3_3
Parameters: 0.999993 9.43694e-05 0.00360194 -9.26292e-05 1 -0.000658338 -0.00360206 0.000657664 0.999994 0.0164875 0.068488 -0.0145872
FixedParameters: 0 0 0

#Transform 80
Transform: AffineTransform_float_3_3
Parameters: 0.999992 0.000158521 0.0038279 -0.00015648 1 -0.000658604 -0.0038281 0.000658398 0.999993 0.00757318 0.0457202 0.00103089
FixedParameters: 0 0 0

#Transform 81
Transform: AffineTransform_float_3_3
Parameters: 0.999993 -6.15671e-05 0.00359902 6.3432e-05 1 -0.000397774 -0.00359897 0.000398224 0.999994 0.00823461 0.0851321 0.0226027
FixedParameters: 0 0 0

#Transform 82
Transform: AffineTransform_float_3_3
Parameters: 0.999993 2.19054e-05 0.00375398 -1.90942e-05 0.999999 -0.000774077 -0.00375401 0.000773923 0.999992 -0.0106918 0.0878487 0.0120347
FixedParameters: 0 0 0

#Transform 83
Transform: AffineTransform_float_3_3
Parameters: 0.999992 -6.04708e-05 0.00384304 6.35289e-05 1 -0.000657761 -0.00384396 0.000658237 0.999993 -0.00643509 0.0794957 0.00809976
FixedParameters: 0 0 0

#Transform 84
Transform: AffineTransform_float_3_3
Parameters: 0.999993 9.06945e-05 0.00388796 -8.83042e-05 1 -0.000436347 -0.00388804 0.000435651 0.999993 0.00221559 0.0865304 -0.00686758
FixedParameters: 0 0 0

#Transform 85
Transform: AffineTransform_float_3_3
Parameters: 0.999991 7.85026e-05 0.00409199 -7.8496e-05 1 -0.000123322 -0.00409201 0.00012268 0.999991 0.00552411 0.0690898 -0.0138889
FixedParameters: 0 0 0

#Transform 86
Transform: AffineTransform_float_3_3
Parameters: 0.999993 -6.06511e-05 0.00356904 6.3348e-05 1 -0.000657778 -0.00356896 0.000658221 0.999994 0.0286744 0.0915502 -0.0122905
FixedParameters: 0 0 0

#Transform 87
Transform: AffineTransform_float_3_3
Parameters: 0.999993 -5.93485e-05 0.00356906 6.36542e-05 1 -0.00102378 -0.00356894 0.00102322 0.999993 -0.0116291 0.0952861 0.00312584
FixedParameters: 0 0 0

#Transform 88
Transform: AffineTransform_float_3_3
Parameters: 0.999993 3.13482e-05 0.00356898 -2.8652e-05 1 -0.000658107 -0.00356802 0.000657892 0.999994 0.00156076 0.0856392 -0.00497653
FixedParameters: 0 0 0

#Transform 89
Transform: AffineTransform_float_3_3
Parameters: 0.999993 9.66054e-05 0.00356895 -9.53937e-05 1 -0.000450343 -0.00356804 0.000449658 0.999993 -0.00349165 0.088798 0.00919634
FixedParameters: 0 0 0

#Transform 90
Transform: AffineTransform_float_3_3
Parameters: 0.999993 -6.04267e-05 0.00391004 6.3573e-05 1 -0.000657756 -0.00391096 0.000658241 0.999992 0.00075106 0.0828882 -0.00124677
FixedParameters: 0 0 0

#Transform 91
Transform: AffineTransform_float_3_3
Parameters: 0.999993 -6.00016e-05 0.00356905 6.29975e-05 0.999999 -0.00083978 -0.00356895 0.000840219 0.999994 0.00949207 0.116469 0.0169494
FixedParameters: 0 0 0

#Transform 92
Transform: AffineTransform_float_3_3
Parameters: 0.999993 -6.08689e-05 0.00356904 6.31303e-05 1 -0.000596779 -0.00356896 0.000597221 0.999994 0.0079397 0.0946987 -0.00875298
FixedParameters: 0 0 0

#Transform 93
Transform: AffineTransform_float_3_3
Parameters: 0.999993 -6.03085e-05 0.00356905 6.36906e-05 0.999999 -0.000753778 -0.00356895 0.00075422 0.999994 -0.00060138 0.0861473 -0.00246864
FixedParameters: 0 0 0

#Transform 94
Transform: AffineTransform_float_3_3
Parameters: 0.999994 -6.10633e-05 0.00362604 6.29359e-05 1 -0.000533775 -0.00362597 0.000534225 0.999994 -0.0207346 0.0841191 -0.00307043
FixedParameters: 0 0 0

#Transform 95
Transform: AffineTransform_float_3_3
Parameters: 0.999993 -5.97553e-05 0.00356906 6.32438e-05 0.999999 -0.00090878 -0.00356894 0.000909219 0.999993 -0.00288722 0.0875259 0.017777
FixedParameters: 0 0 0

#Transform 96
Transform: AffineTransform_float_3_3
Parameters: 0.999994 2.86742e-05 0.00363999 -2.73254e-05 1 -0.000460103 -0.00364002 0.000459899 0.999994 -0.0083691 0.0827367 -0.0237432
FixedParameters: 0 0 0

#Transform 97
Transform: AffineTransform_float_3_3
Parameters: 0.999993 -6.14863e-05 0.00356902 6.35164e-05 1 -0.000424776 -0.00356897 0.000424222 0.999993 0.00770582 0.0831737 -0.0187306
FixedParameters: 0 0 0

#Transform 98
Transform: AffineTransform_float_3_3
Parameters: 0.999993 -6.10652e-05 0.00356903 6.2934e-05 1 -0.000541778 -0.00356896 0.000542221 0.999993 -0.00297902 0.110792 -0.00753134
FixedParameters: 0 0 0

#Transform 99
Transform: AffineTransform_float_3_3
Parameters: 0.999993 -6.0205e-05 0.00356905 6.37941e-05 0.999999 -0.000782777 -0.00356895 0.00078322 0.999994 -0.00295955 0.100323 -0.00226198
FixedParameters: 0 0 0

#Transform 100
Transform: AffineTransform_float_3_3
Parameters: 0.999993 -6.05762e-05 0.00356904 6.34229e-05 1 -0.000678778 -0.00356896 0.000679221 0.999994 -0.00292146 0.0854616 0.00590605
FixedParameters: 0 0 0

#Transform 101
Transform: AffineTransform_float_3_3
Parameters: 0.999993 -6.08582e-05 0.00356904 6.3141e-05 1 -0.000599779 -0.00356896 0.000600221 0.999994 0.0134876 0.121513 -0.0195229
FixedParameters: 0 0 0

#Transform 102
Transform: AffineTransform_float_3_3
Parameters: 0.999993 -6.3046e-05 0.003569 6.29532e-05 1 1.32248e-05 -0.003569 -1.27751e-05 0.999993 -0.0120946 0.0908017 -0.0113876
FixedParameters: 0 0 0

#Transform 103
Transform: AffineTransform_float_3_3
Parameters: 0.999992 -6.20486e-05 0.00381901 6.29543e-05 1 -0.000249761 -0.00381898 0.000249239 0.999992 -0.0281627 0.0815351 -0.0115838
FixedParameters: 0 0 0

#Transform 104
Transform: AffineTransform_float_3_3
Parameters: 0.999995 -5.95831e-05 0.00319907 6.34194e-05 1 -0.0010688 -0.00319893 0.0010682 0.999995 0.000352391 0.115303 0.000831595
FixedParameters: 0 0 0

#Transform 105
Transform: AffineTransform_float_3_3
Parameters: 0.999991 6.10792e-05 0.00408996 -5.79197e-05 0.999999 -0.000753243 -0.00409004 0.000752757 0.999992 -0.0215679 0.0592827 -0.0194186
FixedParameters: 0 0 0

#Transform 106
Transform: AffineTransform_float_3_3
Parameters: 0.999993 6.96905e-05 0.00356895 -6.63092e-05 0.999999 -0.000754242 -0.00356805 0.000753756 0.999994 -0.0241752 0.0742601 -0.0118725
FixedParameters: 0 0 0

#Transform 107
Transform: AffineTransform_float_3_3
Parameters: 0.999993 -6.03299e-05 0.00356905 6.36692e-05 0.999999 -0.000747778 -0.00356895 0.00074822 0.999994 -0.00294532 0.0861029 0.00147411
FixedParameters: 0 0 0

#Transform 108
Transform: AffineTransform_float_3_3
Parameters: 0.999996 -0.000411926 0.00257496 0.000424069 0.999989 -0.00468992 -0.00257204 0.00469107 0.999985 0.0135837 0.186376 -0.0745993
FixedParameters: 0 0 0

#Transform 109
Transform: AffineTransform_float_3_3
Parameters: 0.999994 -0.000596399 0.00356961 0.000599601 1 -0.00100787 -0.0035684 0.00101014 0.999993 0.0258583 0.311058 -0.0310679
FixedParameters: 0 0 0

#Transform 110
Transform: AffineTransform_float_3_3
Parameters: 0.999998 0.00111679 -0.00179304 -0.00109921 0.99995 0.00988998 0.00180396 -0.009888 0.999949 0.0164334 0.307634 -0.186825
FixedParameters: 0 0 0

#Transform 111
Transform: AffineTransform_float_3_3
Parameters: 0.999998 0.00198552 0.000502753 -0.00199348 0.999845 0.017464 -0.000468256 -0.017465 0.999848 0.0669112 0.425357 -0.248565
FixedParameters: 0 0 0

#Transform 112
Transform: AffineTransform_float_3_3
Parameters: 0.999994 0.00267008 0.00214419 -0.00272794 0.999618 0.0274803 -0.00207081 -0.0274857 0.99962 0.0617397 0.517414 -0.527861
FixedParameters: 0 0 0

#Transform 113
Transform: AffineTransform_float_3_3
Parameters: 0.999992 0.00278617 0.00288141 -0.00286682 0.999592 0.028439 -0.00280059 -0.0284471 0.999592 0.0418159 0.56393 -0.529247
FixedParameters: 0 0 0

#Transform 114
Transform: AffineTransform_float_3_3
Parameters: 0.999995 0.0026119 0.00169162 -0.00266612 0.999458 0.0328127 -0.00160538 -0.0328164 0.99946 0.0643244 0.685326 -0.613845
FixedParameters: 0 0 0

#Transform 115
Transform: AffineTransform_float_3_3
Parameters: 0.999995 0.00301677 -0.000999086 -0.00297623 0.999286 0.0376652 0.00111188 -0.0376618 0.99929 0.0730125 0.757128 -0.750365
FixedParameters: 0 0 0

#Transform 116
Transform: AffineTransform_float_3_3
Parameters: 0.999989 0.00472418 0.000241117 -0.00472981 0.999223 0.0391453 -5.58868e-05 -0.0391467 0.999234 0.103861 0.705579 -0.863675
FixedParameters: 0 0 0

#Transform 117
Transform: AffineTransform_float_3_3
Parameters: 0.999992 0.00395207 0.000205592 -0.00395695 0.999287 0.0375615 -5.74119e-05 -0.0375616 0.999295 0.0687284 0.692247 -0.80103
FixedParameters: 0 0 0

#Transform 118
Transform: AffineTransform_float_3_3
Parameters: 0.999997 0.0016625 0.00144849 -0.0016695 0.999988 0.00449759 -0.0014405 -0.0045004 0.999989 0.0671631 0.329352 -0.146738
FixedParameters: 0 0 0

#Transform 119
Transform: AffineTransform_float_3_3
Parameters: 0.999986 -0.00131153 0.00514057 0.00133747 0.999987 -0.0049552 -0.00513343 0.0049618 0.999975 0.0169547 0.374535 0.122667
FixedParameters: 0 0 0

#Transform 120
Transform: AffineTransform_float_3_3
Parameters: 0.999986 0.000350326 0.00525852 -0.000342669 0.999999 -0.00139482 -0.00525948 0.00139218 0.999985 -0.000717318 0.344461 0.0334958
FixedParameters: 0 0 0

#Transform 121
Transform: AffineTransform_float_3_3
Parameters: 0.999989 4.10691e-05 0.00482101 -4.19348e-05 1 0.0001938 -0.004821 -0.0001932 0.999989 0.00777609 0.332742 0.042875
FixedParameters: 0 0 0

#Transform 122
Transform: AffineTransform_float_3_3
Parameters: 0.999993 0.00100939 0.00373426 -0.00102461 0.99999 0.00418021 -0.00372975 -0.0041838 0.999985 0.0423544 0.350145 -0.0115623
FixedParameters: 0 0 0

#Transform 123
Transform: AffineTransform_float_3_3
Parameters: 0.99999 0.000759833 0.00428 -0.000770165 0.999997 0.00260773 -0.004278 -0.00261128 0.999988 0.0318313 0.317098 -0.00651269
FixedParameters: 0 0 0

#Transform 124
Transform: AffineTransform_float_3_3
Parameters: 0.999996 0.000575971 0.00302432 -0.000588029 0.999992 0.00397724 -0.00302269 -0.00397976 0.999988 0.0389778 0.345724 -0.0102117
FixedParameters: 0 0 0

#Transform 125
Transform: AffineTransform_float_3_3
Parameters: 0.999995 0.000874337 0.00302481 -0.000883666 0.999995 0.00319535 -0.00302219 -0.00319766 0.999991 0.0284963 0.338852 -0.0258405
FixedParameters: 0 0 0

#Transform 126
Transform: AffineTransform_float_3_3
Parameters: 0.999995 0.000643326 0.00302408 -0.000652674 0.999994 0.00319904 -0.00302193 -0.00320096 0.999991 0.0247369 0.345019 -0.0324037
FixedParameters: 0 0 0

#Transform 127
Transform: AffineTransform_float_3_3
Parameters: 0.999994 0.000645425 0.00344543 -0.000652579 0.999998 0.00219877 -0.00344457 -0.00220024 0.999991 0.0365812 0.327353 -0.0355618
FixedParameters: 0 0 0

#Transform 128
Transform: AffineTransform_float_3_3
Parameters: 0.999989 0.00129571 0.00464904 -0.00130329 0.999998 0.00156496 -0.00464696 -0.00157104 0.999988 0.0246886 0.314784 -0.0510229
FixedParameters: 0 0 0

#Transform 129
Transform: AffineTransform_float_3_3
Parameters: 0.999986 0.000452383 0.00536839 -0.000456616 1 0.000858562 -0.00536861 -0.000861442 0.999985 -0.0499361 0.278541 -0.0408684
FixedParameters: 0 0 0

#Transform 130
Transform: AffineTransform_float_3_3
Parameters: 0.999984 0.000793345 0.00559909 -0.000800657 0.999998 0.00136554 -0.00559791 -0.00136946 0.999984 -0.0124446 0.317083 -0.0505488
FixedParameters: 0 0 0

#Transform 131
Transform: AffineTransform_float_3_3
Parameters: 0.999987 0.000873308 0.00504981 -0.000878695 0.999999 0.000927575 -0.00504918 -0.000931422 0.999987 -0.0343254 0.315113 -0.0981468
FixedParameters: 0 0 0

#Transform 132
Transform: AffineTransform_float_3_3
Parameters: 0.99999 0.000602137 0.00439595 -0.000608864 0.999998 0.00156034 -0.00439506 -0.00156266 0.999989 0.00523709 0.348819 -0.10436
FixedParameters: 0 0 0

#Transform 133
Transform: AffineTransform_float_3_3
Parameters: 0.999992 0.000461587 0.00382565 -0.00046741 0.999999 0.00141322 -0.00382534 -0.00141578 0.999991 0.0312644 0.358672 -0.116412
FixedParameters: 0 0 0

#Transform 134
Transform: AffineTransform_float_3_3
Parameters: 0.999993 0.000754247 0.00382654 -0.000761754 0.999997 0.0020251 -0.00382546 -0.0020279 0.99999 0.0422166 0.338564 -0.105175
FixedParameters: 0 0 0

#Transform 135
Transform: AffineTransform_float_3_3
Parameters: 0.999991 0.000904387 0.00400649 -0.000910609 0.999998 0.00164837 -0.0040045 -0.00165264 0.99999 0.0569086 0.344545 -0.0919428
FixedParameters: 0 0 0

#Transform 136
Transform: AffineTransform_float_3_3
Parameters: 0.99999 0.00075601 0.00427642 -0.000763992 0.999998 0.00186775 -0.00427458 -0.00187025 0.999989 0.0607868 0.329876 -0.120659
FixedParameters: 0 0 0

#Transform 137
Transform: AffineTransform_float_3_3
Parameters: 0.999992 0.000676103 0.00408931 -0.000683893 0.999998 0.00192922 -0.00408769 -0.00193278 0.99999 0.0556757 0.334288 -0.0903475
FixedParameters: 0 0 0

#Transform 138
Transform: AffineTransform_float_3_3
Parameters: 0.999992 -6.2328e-06 0.004135 -1.23285e-06 0.999998 0.00199101 -0.00413501 -0.00199099 0.999989 0.0979578 0.391765 -0.100637
FixedParameters: 0 0 0

#Transform 139
Transform: AffineTransform_float_3_3
Parameters: 0.999986 -0.000116489 0.00515763 9.95121e-05 0.999994 0.00339056 -0.00515837 -0.00339044 0.999981 0.103177 0.400883 -0.0891385
FixedParameters: 0 0 0

#Transform 140
Transform: AffineTransform_float_3_3
Parameters: 0.99999 0.00042485 0.00449705 -0.00045615 0.999976 0.00692802 -0.00449395 -0.00692998 0.999966 0.122202 0.460525 -0.118461
FixedParameters: 0 0 0

#Transform 141
Transform: AffineTransform_float_3_3
Parameters: 0.999514 0.0270025 0.0155479 -0.0290045 0.988625 0.147582 -0.011386 -0.147961 0.988927 0.787595 3.82121 3.03895
FixedParameters: 0 0 0

#Transform 142
Transform: AffineTransform_float_3_3
Parameters: 0.999108 0.0383581 0.0176488 -0.0417757 0.958718 0.281276 -0.00613029 -0.281761 0.959465 0.93236 3.82039 1.15685
FixedParameters: 0 0 0

#Transform 143
Transform: AffineTransform_float_3_3
Parameters: 0.997765 0.0668192 0.00118478 -0.0619179 0.917616 0.392614 0.0251468 -0.391811 0.919703 0.387191 7.85522 6.97626
FixedParameters: 0 0 0

#Transform 144
Transform: AffineTransform_float_3_3
Parameters: 0.999883 0.0111641 0.010478 -0.0122129 0.994285 0.106062 -0.00923404 -0.106178 0.994305 -0.189058 4.00564 6.19331
FixedParameters: 0 0 0

#Transform 145
Transform: AffineTransform_float_3_3
Parameters: 0.999053 0.0431245 0.00576148 -0.0431537 0.965356 0.257345 0.00553538 -0.25735 0.966303 0.376647 5.36334 4.03158
FixedParameters: 0 0 0

#Transform 146
Transform: AffineTransform_float_3_3
Parameters: 0.998025 0.0612498 0.0139394 -0.0621491 0.930561 0.360826 0.00912946 -0.360979 0.93253 -0.0137395 8.39343 6.98819
FixedParameters: 0 0 0

#Transform 147
Transform: AffineTransform_float_3_3
Parameters: 0.999811 0.0194749 0.000165932 -0.0193442 0.992031 0.124499 0.00225994 -0.124479 0.992219 -0.650267 5.53289 7.71814
FixedParameters: 0 0 0

#Transform 148
Transform: AffineTransform_float_3_3
Parameters: 0.999925 0.0121702 0.000661297 -0.0121777 0.995402 0.0950071 0.000498275 -0.095008 0.995477 -0.537864 4.38363 7.65956
FixedParameters: 0 0 0

#Transform 149
Transform: AffineTransform_float_3_3
Parameters: 0.999926 0.0118094 -0.00297661 -0.0114805 0.995566 0.0933651 0.00406644 -0.0933239 0.995628 -0.600009 3.76388 7.29947
FixedParameters: 0 0 0

#Transform 150
Transform: AffineTransform_float_3_3
Parameters: 0.99994 0.0105439 0.00302639 -0.0107711 0.995992 0.0887968 -0.0020776 -0.0888233 0.996045 -0.536966 3.56478 7.29201
FixedParameters: 0 0 0

#Transform 151
Transform: AffineTransform_float_3_3
Parameters: 0.999944 0.0104396 0.00159548 -0.0105385 0.996127 0.0872931 -0.000678567 -0.087305 0.996182 -0.522921 3.48931 7.17185
FixedParameters: 0 0 0
