# transform file /out/sourcedata/freesurfer/sub-v2s3x28842_ses-1/mri/transforms/cc_up.lta
# created by oesteban on Fri Mar 13 05:09:22 2026

type      = 0 # LINEAR_VOX_TO_VOX
nxforms   = 1
mean      = 134.0000 93.0000 97.0000
sigma     = 10000.0000
1 4 4
9.999136328697205e-01 7.996749132871628e-03 -1.042171195149422e-02 -6.249508380889893e+00 
-7.996314205229282e-03 9.999679327011108e-01 8.334248559549451e-05 5.506324005126953e+01 
1.042204536497593e-02 -7.275956746821688e-12 9.999456405639648e-01 3.361226272583008e+01 
0.000000000000000e+00 0.000000000000000e+00 0.000000000000000e+00 1.000000000000000e+00 
src volume info
valid = 1  # volume info valid
filename = /out/sourcedata/freesurfer/sub-v2s3x28842_ses-1/mri/norm.mgz
volume = 256 256 256
voxelsize = 1.000000000000000e+00 1.000000000000000e+00 1.000000000000000e+00
xras   = -1.000000000000000e+00 0.000000000000000e+00 0.000000000000000e+00
yras   = 0.000000000000000e+00 0.000000000000000e+00 -1.000000000000000e+00
zras   = 0.000000000000000e+00 1.000000000000000e+00 0.000000000000000e+00
cras   = 3.861412048339844e+00 5.598428344726562e+01 -9.362457275390625e+00
dst volume info
valid = 1  # volume info valid
filename = /out/sourcedata/freesurfer/sub-v2s3x28842_ses-1/mri/norm.mgz
volume = 256 256 256
voxelsize = 1.000000000000000e+00 1.000000000000000e+00 1.000000000000000e+00
xras   = -1.000000000000000e+00 0.000000000000000e+00 0.000000000000000e+00
yras   = 0.000000000000000e+00 0.000000000000000e+00 -1.000000000000000e+00
zras   = 0.000000000000000e+00 1.000000000000000e+00 0.000000000000000e+00
cras   = 3.861412048339844e+00 5.598428344726562e+01 -9.362457275390625e+00
