#Insight Transform File V1.0
#Transform 0
Transform: AffineTransform_float_3_3
Parameters: 1 0.00046274 0.000505016 -0.000462112 0.999999 -0.000621233 -0.00050559 0.000620766 0.999999 -0.0135432 -0.0882666 0.0536104
FixedParameters: 0 0 0

#Transform 1
Transform: AffineTransform_float_3_3
Parameters: 0.999999 0.000849176 9.96246e-05 -0.000849034 0.999998 -0.00188909 -0.000100847 0.00188892 0.999998 -0.000916328 0.0162076 0.0703781
FixedParameters: 0 0 0

#Transform 2
Transform: AffineTransform_float_3_3
Parameters: 0.999999 0.000776014 -1.36868e-05 -0.00077603 0.999999 -0.000607989 1.27431e-05 0.00060801 1 -0.00828593 0.0322372 -0.0495272
FixedParameters: 0 0 0

#Transform 3
Transform: AffineTransform_float_3_3
Parameters: 1 -0.000127104 -1.51187e-05 0.000127095 1 -0.000283002 1.51907e-05 0.000282998 1 -0.0340065 0.0468853 -0.0934881
FixedParameters: 0 0 0

#Transform 4
Transform: AffineTransform_float_3_3
Parameters: 1 0.000358703 0.000447456 -0.000358352 1 -0.00039216 -0.000447737 0.000391839 1 -0.0372542 0.0301641 -0.124122
FixedParameters: 0 0 0

#Transform 5
Transform: AffineTransform_float_3_3
Parameters: 1 -0.00051509 0.00103151 0.00051535 0.999999 -0.000607572 -0.001031 0.000607428 0.999999 -0.042507 0.0068714 -0.128205
FixedParameters: 0 0 0

#Transform 6
Transform: AffineTransform_float_3_3
Parameters: 1 -0.000242531 0.000574377 0.000242 1 -0.000298847 -0.000575343 0.000298154 0.999999 -0.0268574 -0.0138195 -0.116458
FixedParameters: 0 0 0

#Transform 7
Transform: AffineTransform_float_3_3
Parameters: 1 0.00023039 0.00115232 -0.000229979 1 -0.000178397 -0.0011524 0.000178603 1 -0.0374221 -0.036632 0.0403974
FixedParameters: 0 0 0

#Transform 8
Transform: AffineTransform_float_3_3
Parameters: 1 -0.000225963 0.00108997 0.000227289 1 -0.00060787 -0.0010897 0.000608129 0.999999 -0.0368178 -0.000973181 -0.0300007
FixedParameters: 0 0 0

#Transform 9
Transform: AffineTransform_float_3_3
Parameters: 1 -0.000394243 0.00035535 0.00039432 0.999999 -0.00150786 -0.000354279 0.00150814 0.999999 -0.000473167 0.0242314 0.0303168
FixedParameters: 0 0 0

#Transform 10
Transform: AffineTransform_float_3_3
Parameters: 0.999999 0.000738896 -0.000683355 -0.000740175 0.999998 -0.0015776 0.000682133 0.0015774 0.999999 0.0155331 0.0534394 0.0977923
FixedParameters: 0 0 0

#Transform 11
Transform: AffineTransform_float_3_3
Parameters: 0.999999 0.000811157 -0.000198485 -0.000810228 0.999999 -0.000161839 0.000198341 0.000162161 1 0.0182918 0.0348269 0.0576593
FixedParameters: 0 0 0

#Transform 12
Transform: AffineTransform_float_3_3
Parameters: 0.999999 0.000757003 0.000517388 -0.00075716 0.999999 0.000151608 -0.000517158 -0.000152391 1 0.00183094 -0.0202151 0.0287532
FixedParameters: 0 0 0

#Transform 13
Transform: AffineTransform_float_3_3
Parameters: 1 0.00038064 0.000161797 -0.000380307 1 -0.00102706 -0.000162578 0.00102694 1 0.027246 -0.00608986 0.0349801
FixedParameters: 0 0 0

#Transform 14
Transform: AffineTransform_float_3_3
Parameters: 1 -0.000326442 0.000256361 0.000325809 0.999999 -0.000703916 -0.00025602 0.000704083 0.999999 -0.00743377 0.0136218 0.0174569
FixedParameters: 0 0 0

#Transform 15
Transform: AffineTransform_float_3_3
Parameters: 1 -0.00020682 -0.00028899 0.00020554 0.999997 -0.00221218 0.000289902 0.00221182 0.999998 0.0157716 -0.0282134 0.0321394
FixedParameters: 0 0 0

#Transform 16
Transform: AffineTransform_float_3_3
Parameters: 1 -9.50859e-05 0.000283776 9.44431e-05 1 -0.000616973 -0.000283777 0.000617027 1 0.0100949 -0.0329667 0.0232089
FixedParameters: 0 0 0

#Transform 17
Transform: AffineTransform_float_3_3
Parameters: 1 -0.00038799 -0.000235322 0.000387683 0.999999 -0.000652091 0.000235828 0.000651908 1 -0.00173232 -0.0123603 -0.0116096
FixedParameters: 0 0 0

#Transform 18
Transform: AffineTransform_float_3_3
Parameters: 1 -0.000399946 -0.000133554 0.000400116 0.999999 0.000636946 0.000133045 -0.000637053 1 -0.00481694 -0.0521328 -0.0233364
FixedParameters: 0 0 0

#Transform 19
Transform: AffineTransform_float_3_3
Parameters: 1 -0.000366761 -0.000413212 0.000366527 1 -0.000283151 0.00041342 0.000282848 1 0.0207959 -0.0310705 0.0269093
FixedParameters: 0 0 0

#Transform 20
Transform: AffineTransform_float_3_3
Parameters: 1 -0.000389052 -0.000225592 0.000388989 1 -0.000138088 0.000225699 0.000137912 1 -0.00244311 -0.0215266 0.00873391
FixedParameters: 0 0 0

#Transform 21
Transform: AffineTransform_float_3_3
Parameters: 1 -0.000228503 1.6138e-05 0.000228514 1 -0.000347996 -1.59789e-05 0.000348004 1 -0.0047497 -0.000996475 -0.0509241
FixedParameters: 0 0 0

#Transform 22
Transform: AffineTransform_float_3_3
Parameters: 1 -0.000466367 0.000420476 0.000465708 0.999999 0.000643196 -0.000420082 -0.000642804 0.999999 -0.016449 -0.0508139 -0.0272457
FixedParameters: 0 0 0

#Transform 23
Transform: AffineTransform_float_3_3
Parameters: 1 -0.00101332 0.000651301 0.00101236 0.999998 0.00140767 -0.000653041 -0.00140732 0.999998 -0.0417271 -0.0632667 -0.0278176
FixedParameters: 0 0 0

#Transform 24
Transform: AffineTransform_float_3_3
Parameters: 0.999999 -0.000755703 0.000567337 0.000756069 0.999999 -0.00119857 -0.000565643 0.00119943 0.999999 -0.0357122 0.0340696 -0.00279379
FixedParameters: 0 0 0

#Transform 25
Transform: AffineTransform_float_3_3
Parameters: 1 -0.00114228 0.000382553 0.00114235 1 -9.44315e-05 -0.000382337 9.45684e-05 1 -0.0466806 -0.0287095 0.0409347
FixedParameters: 0 0 0

#Transform 26
Transform: AffineTransform_float_3_3
Parameters: 0.999999 -0.000985642 0.000400618 0.000985091 1 0.000540513 -0.000400689 -0.000539488 1 -0.00690276 -0.0135603 -0.00186619
FixedParameters: 0 0 0

#Transform 27
Transform: AffineTransform_float_3_3
Parameters: 1 -9.2217e-05 0.00101423 9.12454e-05 1 0.000478975 -0.00101432 -0.000479024 1 0.0031739 -0.00226831 -0.0883484
FixedParameters: 0 0 0

#Transform 28
Transform: AffineTransform_float_3_3
Parameters: 0.999999 0.000108491 0.000993972 -0.000108583 1 0.000604775 -0.000994716 -0.000605226 1 -0.00786354 -0.0559691 -0.0519503
FixedParameters: 0 0 0

#Transform 29
Transform: AffineTransform_float_3_3
Parameters: 0.999999 0.000119909 0.000899632 -0.000119778 1 0.000478892 -0.000899399 -0.000479108 0.999999 0.0111492 -0.0545521 -0.00302734
FixedParameters: 0 0 0

#Transform 30
Transform: AffineTransform_float_3_3
Parameters: 0.999999 0.000384445 0.000801392 -0.00038525 1 0.000501691 -0.000801006 -0.000502308 0.999999 0.00546747 -0.0455705 -0.0394395
FixedParameters: 0 0 0

#Transform 31
Transform: AffineTransform_float_3_3
Parameters: 1 0.000739917 0.000859255 -0.000741046 1 0.00072535 -0.000859173 -0.000725651 1 0.00687966 -0.0171848 -0.0420677
FixedParameters: 0 0 0

#Transform 32
Transform: AffineTransform_float_3_3
Parameters: 0.999999 0.000769092 0.000619387 -0.000769053 0.999999 -3.14763e-05 -0.000619435 3.05236e-05 1 0.0101134 -0.0273064 -0.00306158
FixedParameters: 0 0 0

#Transform 33
Transform: AffineTransform_float_3_3
Parameters: 1 0.000377793 0.000387445 -0.000377776 1 -2.21464e-05 -0.000387462 2.18536e-05 1 -0.00126585 -0.0237077 -0.0327508
FixedParameters: 0 0 0

#Transform 34
Transform: AffineTransform_float_3_3
Parameters: 1 0.00024411 0.000537653 -0.000244005 1 -9.81312e-05 -0.000537701 9.78687e-05 1 -0.00922825 -0.00729168 -0.0487945
FixedParameters: 0 0 0

#Transform 35
Transform: AffineTransform_float_3_3
Parameters: 0.999999 0.000506792 0.000569409 -0.000507477 0.999999 0.000704711 -0.000569687 -0.000705288 0.999999 0.00735701 -0.048226 -0.0117787
FixedParameters: 0 0 0

#Transform 36
Transform: AffineTransform_float_3_3
Parameters: 0.999999 0.000311993 0.000942391 -0.000311208 1 -0.000416293 -0.00094265 0.000415706 0.999999 -0.0179473 0.0208923 0.00447215
FixedParameters: 0 0 0

#Transform 37
Transform: AffineTransform_float_3_3
Parameters: 0.999999 0.000343966 0.000673284 -0.000343525 1 -0.000416231 -0.000672577 0.000415769 0.999999 -0.0157572 -0.0207574 0.0259754
FixedParameters: 0 0 0

#Transform 38
Transform: AffineTransform_float_3_3
Parameters: 1 0.000177787 0.000529658 -0.000177271 1 -0.000487094 -0.000529831 0.000486906 0.999999 -0.0108843 0.00991474 0.115178
FixedParameters: 0 0 0

#Transform 39
Transform: AffineTransform_float_3_3
Parameters: 0.999999 -0.000447813 0.000774439 0.000447865 1 -3.36391e-05 -0.000774409 3.33608e-05 0.999999 -0.0359038 -0.00243416 0.108064
FixedParameters: 0 0 0

#Transform 40
Transform: AffineTransform_float_3_3
Parameters: 0.999999 -0.000237495 0.000898129 0.000236539 1 0.000532226 -0.000898381 -0.000532772 0.999999 -0.0246781 -0.00221529 0.024726
FixedParameters: 0 0 0

#Transform 41
Transform: AffineTransform_float_3_3
Parameters: 0.999999 -0.000112359 0.000913118 0.000111448 1 0.000498985 -0.00091323 -0.000499015 1 -0.0117452 -0.0374736 0.00407338
FixedParameters: 0 0 0

#Transform 42
Transform: AffineTransform_float_3_3
Parameters: 1 -0.000440052 0.00112591 0.000440719 1 -0.000296608 -0.00112565 0.000296392 1 -0.024052 0.0135848 0.0252919
FixedParameters: 0 0 0

#Transform 43
Transform: AffineTransform_float_3_3
Parameters: 0.999999 -7.04232e-05 0.000918087 7.09671e-05 0.999999 -0.000837053 -0.000918087 0.000836947 0.999999 -0.00767006 0.0224361 -0.00800497
FixedParameters: 0 0 0

#Transform 44
Transform: AffineTransform_float_3_3
Parameters: 0.999999 -0.000663748 0.00132675 0.000663752 1 -1.22292e-06 -0.00132675 1.77708e-06 0.999999 -0.0359813 -0.0151334 -0.00588711
FixedParameters: 0 0 0

#Transform 45
Transform: AffineTransform_float_3_3
Parameters: 0.999998 -0.000595852 0.00155344 0.000595361 1 -0.000161179 -0.00155337 0.000161822 0.999998 -0.0399834 -0.0213612 0.0253476
FixedParameters: 0 0 0

#Transform 46
Transform: AffineTransform_float_3_3
Parameters: 0.999999 -0.000205882 0.000983542 0.000205908 1 -1.27975e-05 -0.000983537 1.32025e-05 0.999999 0.0117644 -0.0187846 -0.0588123
FixedParameters: 0 0 0

#Transform 47
Transform: AffineTransform_float_3_3
Parameters: 0.999999 -0.000300997 0.000890533 0.000301129 1 0.000483151 -0.000890706 -0.00048285 1 0.0114744 -0.0581378 -0.0261262
FixedParameters: 0 0 0

#Transform 48
Transform: AffineTransform_float_3_3
Parameters: 0.999999 -3.68667e-05 0.000921922 3.89883e-05 0.999996 -0.00276597 -0.000922067 0.00276603 0.999995 0.0185292 0.0470529 0.159128
FixedParameters: 0 0 0

#Transform 49
Transform: AffineTransform_float_3_3
Parameters: 1 0.000179015 0.00119837 -0.000173596 0.999992 -0.00396633 -0.00119924 0.00396567 0.999992 0.0174972 0.0875137 0.122057
FixedParameters: 0 0 0

#Transform 50
Transform: AffineTransform_float_3_3
Parameters: 0.999999 -4.51183e-05 0.00137001 4.89651e-05 0.999997 -0.00249105 -0.00137013 0.00249095 0.999996 -0.0121163 0.0890275 0.0696144
FixedParameters: 0 0 0

#Transform 51
Transform: AffineTransform_float_3_3
Parameters: 0.999999 -3.71442e-05 0.00137102 3.90644e-05 0.999999 -0.00178608 -0.00137124 0.00178692 0.999998 -0.0118366 0.0467809 0.0431147
FixedParameters: 0 0 0

#Transform 52
Transform: AffineTransform_float_3_3
Parameters: 0.999999 0.000330911 0.00124111 -0.000325584 0.999993 -0.00379152 -0.00124308 0.00379047 0.999992 -0.0193032 0.0820856 0.00732674
FixedParameters: 0 0 0

#Transform 53
Transform: AffineTransform_float_3_3
Parameters: 0.999999 0.000984877 0.000975757 -0.000980313 0.999986 -0.00523397 -0.000980677 0.00523302 0.999986 0.0065321 0.133513 0.227012
FixedParameters: 0 0 0

#Transform 54
Transform: AffineTransform_float_3_3
Parameters: 0.999999 0.000887699 0.00117318 -0.000882507 0.999991 -0.00410105 -0.00117694 0.00409995 0.999991 0.00322621 0.130685 0.0763114
FixedParameters: 0 0 0

#Transform 55
Transform: AffineTransform_float_3_3
Parameters: 0.999999 0.000746871 0.00127935 -0.00074235 0.999993 -0.00345508 -0.00128199 0.00345391 0.999994 0.000137667 0.120182 0.0524403
FixedParameters: 0 0 0

#Transform 56
Transform: AffineTransform_float_3_3
Parameters: 0.999999 0.00128962 0.000500203 -0.00128872 0.999996 -0.00224166 -0.000503121 0.00224134 0.999998 0.0263885 0.0863204 -0.0358366
FixedParameters: 0 0 0

#Transform 57
Transform: AffineTransform_float_3_3
Parameters: 0.999998 0.00153913 0.0008137 -0.00153732 0.999996 -0.00261815 -0.000818017 0.00261685 0.999997 0.0227558 0.135435 -0.0618681
FixedParameters: 0 0 0

#Transform 58
Transform: AffineTransform_float_3_3
Parameters: 0.999998 0.00147588 0.00135345 -0.00147298 0.999996 -0.00234391 -0.00135674 0.00234209 0.999996 0.0194321 0.0723916 0.0161334
FixedParameters: 0 0 0

#Transform 59
Transform: AffineTransform_float_3_3
Parameters: 0.999999 0.00125907 0.00132631 -0.00125401 0.999993 -0.00362357 -0.00133092 0.00362143 0.999992 0.0277164 0.132134 0.0571958
FixedParameters: 0 0 0

#Transform 60
Transform: AffineTransform_float_3_3
Parameters: 0.999999 0.000784662 0.00127262 -0.000781755 0.999997 -0.00240413 -0.00127475 0.00240287 0.999997 0.0150313 0.0822181 0.0188475
FixedParameters: 0 0 0

#Transform 61
Transform: AffineTransform_float_3_3
Parameters: 0.999999 0.000862949 0.00142536 -0.000859383 0.999996 -0.00276736 -0.00142762 0.00276564 0.999995 0.0134828 0.0692617 0.0935643
FixedParameters: 0 0 0

#Transform 62
Transform: AffineTransform_float_3_3
Parameters: 0.999999 0.00108991 0.00109158 -0.00108757 0.999996 -0.0025972 -0.00109461 0.0025958 0.999996 0.0237038 0.116653 0.0392315
FixedParameters: 0 0 0

#Transform 63
Transform: AffineTransform_float_3_3
Parameters: 0.999999 0.00113304 0.00131356 -0.00112957 0.999997 -0.00221051 -0.00131582 0.00220948 0.999997 0.0185946 0.0663125 0.0450105
FixedParameters: 0 0 0

#Transform 64
Transform: AffineTransform_float_3_3
Parameters: 0.999998 0.00103288 0.0013017 -0.00102915 0.999996 -0.00233137 -0.00130376 0.00233063 0.999996 0.0124666 0.0909525 0.0511311
FixedParameters: 0 0 0

#Transform 65
Transform: AffineTransform_float_3_3
Parameters: 0.999998 0.00153987 0.00135792 -0.00153347 0.99999 -0.004119 -0.0013641 0.004117 0.99999 0.0449282 0.15404 0.382252
FixedParameters: 0 0 0

#Transform 66
Transform: AffineTransform_float_3_3
Parameters: 0.999999 -0.000649191 0.000598237 0.000651371 0.999995 -0.00328861 -0.000596182 0.00328939 0.999995 0.00892238 0.13884 0.246234
FixedParameters: 0 0 0

#Transform 67
Transform: AffineTransform_float_3_3
Parameters: 1 8.02954e-05 0.00121323 -7.53898e-05 0.999994 -0.00365709 -0.00121427 0.0036569 0.999992 0.00270839 0.0843252 0.142573
FixedParameters: 0 0 0

#Transform 68
Transform: AffineTransform_float_3_3
Parameters: 1 -0.00029428 0.000243411 0.000296232 0.999983 -0.00583293 -0.000241078 0.00583307 0.999983 0.0185305 0.0704927 0.153499
FixedParameters: 0 0 0

#Transform 69
Transform: AffineTransform_float_3_3
Parameters: 1 0.000159695 0.000531562 -0.000156565 0.999988 -0.00492008 -0.000532362 0.00491991 0.999988 0.027132 0.11561 0.111529
FixedParameters: 0 0 0

#Transform 70
Transform: AffineTransform_float_3_3
Parameters: 1 0.000321725 0.000274573 -0.000320564 0.999992 -0.00412409 -0.000276347 0.00412392 0.999992 0.0418859 0.112513 0.142041
FixedParameters: 0 0 0

#Transform 71
Transform: AffineTransform_float_3_3
Parameters: 0.999999 0.00067126 0.000684137 -0.000668807 0.999991 -0.00421947 -0.000687168 0.00421953 0.999991 0.0319713 0.10951 0.0868263
FixedParameters: 0 0 0

#Transform 72
Transform: AffineTransform_float_3_3
Parameters: 0.999998 0.00112155 0.00115475 -0.00111731 0.999994 -0.00332731 -0.00115859 0.00332569 0.999994 0.0364939 0.0532605 0.105454
FixedParameters: 0 0 0

#Transform 73
Transform: AffineTransform_float_3_3
Parameters: 1 0.000266757 0.000546414 -0.000265495 0.999995 -0.00307815 -0.000547296 0.00307786 0.999995 0.0274763 0.0679711 0.0573777
FixedParameters: 0 0 0

#Transform 74
Transform: AffineTransform_float_3_3
Parameters: 1 -0.000315837 0.000162714 0.000317016 0.999994 -0.00326895 -0.000161638 0.00326905 0.999994 0.0203617 0.0944626 0.0287072
FixedParameters: 0 0 0

#Transform 75
Transform: AffineTransform_float_3_3
Parameters: 1 0.000478655 0.000448016 -0.000476813 0.999994 -0.00342221 -0.000449418 0.00342179 0.999994 0.0363178 0.0693815 0.13054
FixedParameters: 0 0 0

#Transform 76
Transform: AffineTransform_float_3_3
Parameters: 1 0.000133676 0.000176465 -0.000133398 0.999993 -0.00393303 -0.000176641 0.00393298 0.999993 0.0467454 0.10713 0.110847
FixedParameters: 0 0 0

#Transform 77
Transform: AffineTransform_float_3_3
Parameters: 1 5.65357e-05 5.08302e-05 -5.61726e-05 0.999993 -0.003558 -5.12312e-05 0.00355799 0.999993 0.0435627 0.0697925 0.148299
FixedParameters: 0 0 0

#Transform 78
Transform: AffineTransform_float_3_3
Parameters: 0.999999 0.000649602 0.000318912 -0.000648851 0.999995 -0.00328409 -0.000320316 0.00328391 0.999994 0.0411701 0.0759486 0.128699
FixedParameters: 0 0 0

#Transform 79
Transform: AffineTransform_float_3_3
Parameters: 1 0.000253988 -5.53358e-05 -0.000253568 0.999992 -0.00413999 5.43458e-05 0.00414002 0.999992 0.0393437 0.0920071 0.196942
FixedParameters: 0 0 0

#Transform 80
Transform: AffineTransform_float_3_3
Parameters: 1 0.000738111 0.000860416 -0.000735189 0.999993 -0.00363064 -0.00086314 0.00362937 0.999993 0.0294598 0.104219 0.171524
FixedParameters: 0 0 0

#Transform 81
Transform: AffineTransform_float_3_3
Parameters: 0.999999 0.000115516 0.00101099 -0.000111671 0.999994 -0.00343311 -0.00101113 0.00343288 0.999993 0.00696469 0.0971738 0.117151
FixedParameters: 0 0 0

#Transform 82
Transform: AffineTransform_float_3_3
Parameters: 1 -0.000227671 -0.000216536 0.000227156 0.999993 -0.00375005 0.000217367 0.00374995 0.999993 0.0107846 0.100815 0.169346
FixedParameters: 0 0 0

#Transform 83
Transform: AffineTransform_float_3_3
Parameters: 0.999999 -0.000647755 -0.000415711 0.000646593 0.999991 -0.00419927 0.000418404 0.00419873 0.999991 -0.0116583 0.120363 0.188453
FixedParameters: 0 0 0

#Transform 84
Transform: AffineTransform_float_3_3
Parameters: 1 -0.000497919 0.000251957 0.000498472 0.99999 -0.00459088 -0.000249605 0.00459113 0.99999 -0.0141918 0.141024 0.186999
FixedParameters: 0 0 0

#Transform 85
Transform: AffineTransform_float_3_3
Parameters: 0.999999 -0.000574004 0.000543892 0.000575603 0.999992 -0.00399869 -0.000541636 0.00399931 0.999992 -0.0178192 0.105862 0.219616
FixedParameters: 0 0 0

#Transform 86
Transform: AffineTransform_float_3_3
Parameters: 1 -0.000117174 0.000596498 0.00011966 0.999993 -0.00375093 -0.000595847 0.00375107 0.999993 -0.00572354 0.111669 0.254644
FixedParameters: 0 0 0

#Transform 87
Transform: AffineTransform_float_3_3
Parameters: 1 -0.000199116 3.35408e-05 0.000199534 0.999989 -0.00453599 -3.27255e-05 0.004536 0.999989 0.0119374 0.127468 0.277695
FixedParameters: 0 0 0

#Transform 88
Transform: AffineTransform_float_3_3
Parameters: 1 0.000364565 0.000311962 -0.000363486 0.999993 -0.00350213 -0.000313637 0.00350287 0.999994 0.0160567 0.133732 0.209914
FixedParameters: 0 0 0

#Transform 89
Transform: AffineTransform_float_3_3
Parameters: 0.999999 0.000701887 0.00021462 -0.000700936 0.999996 -0.00275615 -0.0002165 0.00275585 0.999996 0.0285524 0.100573 0.215434
FixedParameters: 0 0 0

#Transform 90
Transform: AffineTransform_float_3_3
Parameters: 0.999999 0.000694296 0.000280781 -0.000692662 0.999994 -0.00331609 -0.000283395 0.00331691 0.999994 0.0265571 0.136745 0.198978
FixedParameters: 0 0 0

#Transform 91
Transform: AffineTransform_float_3_3
Parameters: 1 0.000607253 0.000328117 -0.00060634 0.999994 -0.0032542 -0.000330198 0.0032538 0.999994 0.0263562 0.0988231 0.209971
FixedParameters: 0 0 0

#Transform 92
Transform: AffineTransform_float_3_3
Parameters: 0.999999 0.000770612 0.000492587 -0.00076822 0.999993 -0.00378526 -0.000495551 0.00378474 0.999992 0.00720574 0.107167 0.243739
FixedParameters: 0 0 0

#Transform 93
Transform: AffineTransform_float_3_3
Parameters: 1 0.000441826 2.70119e-05 -0.000441878 0.999994 -0.00336801 -2.80023e-05 0.00336799 0.999995 0.0259388 0.119875 0.12158
FixedParameters: 0 0 0

#Transform 94
Transform: AffineTransform_float_3_3
Parameters: 0.999999 0.000535347 0.000563752 -0.000534556 0.999997 -0.0026713 -0.00056486 0.0026707 0.999997 0.00428916 0.111303 0.101678
FixedParameters: 0 0 0

#Transform 95
Transform: AffineTransform_float_3_3
Parameters: 0.999999 0.000381873 0.000726497 -0.000380404 0.999999 -0.00177529 -0.000726976 0.00177571 0.999998 0.0102452 0.137911 0.0631739
FixedParameters: 0 0 0

#Transform 96
Transform: AffineTransform_float_3_3
Parameters: 1 -0.000319224 -0.000461495 0.000318979 0.999999 -0.00146915 0.000461558 0.00146885 0.999999 0.0450537 0.198515 0.771743
FixedParameters: 0 0 0

#Transform 97
Transform: AffineTransform_float_3_3
Parameters: 0.999998 -0.000622731 -0.00185435 0.000621958 0.999999 -0.000508417 0.0018541 0.000507583 0.999999 -0.0293508 0.169465 0.392393
FixedParameters: 0 0 0

#Transform 98
Transform: AffineTransform_float_3_3
Parameters: 0.999999 -0.000937534 -0.00103565 0.00093739 1 -0.000606854 0.00103591 0.000605147 0.999999 -0.0415859 0.161844 0.324003
FixedParameters: 0 0 0

#Transform 99
Transform: AffineTransform_float_3_3
Parameters: 0.999998 -0.00102225 -0.00148119 0.00102023 0.999999 -0.00105454 0.00148247 0.00105346 0.999998 -0.0252364 0.161769 0.437202
FixedParameters: 0 0 0

#Transform 100
Transform: AffineTransform_float_3_3
Parameters: 0.999999 -0.000152473 -0.00137792 0.000149338 0.999997 -0.00262122 0.0013782 0.00262178 0.999995 -0.0211346 0.209081 0.389617
FixedParameters: 0 0 0

#Transform 101
Transform: AffineTransform_float_3_3
Parameters: 0.999999 -0.000835564 -0.00107192 0.000832025 0.999992 -0.00371991 0.00107462 0.00371909 0.999992 -0.041517 0.236192 0.376572
FixedParameters: 0 0 0

#Transform 102
Transform: AffineTransform_float_3_3
Parameters: 0.999999 -0.000857308 -0.00087529 0.0008553 0.999997 -0.00248263 0.000876799 0.00248137 0.999996 -0.040172 0.137937 0.509957
FixedParameters: 0 0 0

#Transform 103
Transform: AffineTransform_float_3_3
Parameters: 0.999999 -0.00110564 -0.000799752 0.00110413 0.999996 -0.00232988 0.000803149 0.00232811 0.999997 -0.0646729 0.173827 0.510881
FixedParameters: 0 0 0

#Transform 104
Transform: AffineTransform_float_3_3
Parameters: 0.999998 -0.000458909 -0.00151509 0.000456705 0.999999 -0.00142182 0.00151563 0.00142117 0.999998 -0.041347 0.140021 0.461861
FixedParameters: 0 0 0

#Transform 105
Transform: AffineTransform_float_3_3
Parameters: 0.999999 -2.61297e-05 -0.000751392 2.63161e-05 1 0.00012398 0.000751386 -0.00012402 0.999999 -0.0478964 0.144663 0.392883
FixedParameters: 0 0 0

#Transform 106
Transform: AffineTransform_float_3_3
Parameters: 1 -0.000572951 -0.000999661 0.000572352 0.999999 -0.000299704 0.001 0.000299296 1 -0.0412373 0.155054 0.413268
FixedParameters: 0 0 0

#Transform 107
Transform: AffineTransform_float_3_3
Parameters: 1 -0.000196613 -0.00110863 0.000195658 0.999999 -0.00138034 0.00110841 0.00137967 0.999999 -0.039272 0.15926 0.403537
FixedParameters: 0 0 0

#Transform 108
Transform: AffineTransform_float_3_3
Parameters: 0.999999 -0.000191178 -0.00077318 0.000188355 0.999995 -0.00318516 0.000773633 0.00318584 0.999994 -0.069286 0.200949 0.422805
FixedParameters: 0 0 0

#Transform 109
Transform: AffineTransform_float_3_3
Parameters: 0.999999 -0.000499994 -0.00113586 0.00049579 0.999993 -0.00369958 0.00113803 0.00369942 0.999992 -0.0850613 0.211499 0.36196
FixedParameters: 0 0 0

#Transform 110
Transform: AffineTransform_float_3_3
Parameters: 0.999999 -0.000449469 -0.000567685 0.000448194 0.999996 -0.00297127 0.000569596 0.00297173 0.999996 -0.080541 0.214479 0.261849
FixedParameters: 0 0 0

#Transform 111
Transform: AffineTransform_float_3_3
Parameters: 0.999999 -0.000883018 -0.000310294 0.000882708 0.999996 -0.00266528 0.00031214 0.00266473 0.999997 -0.118306 0.177121 0.283847
FixedParameters: 0 0 0

#Transform 112
Transform: AffineTransform_float_3_3
Parameters: 0.999998 3.42091e-05 -0.00162377 -3.97517e-05 0.999993 -0.00388406 0.00162332 0.00388395 0.999991 -0.0789677 0.217705 0.330078
FixedParameters: 0 0 0

#Transform 113
Transform: AffineTransform_float_3_3
Parameters: 1 -0.000340976 -0.00101857 0.000336312 0.99999 -0.00429248 0.00102096 0.00429252 0.999991 -0.090916 0.245712 0.279059
FixedParameters: 0 0 0

#Transform 114
Transform: AffineTransform_float_3_3
Parameters: 1 -0.000414898 -0.00100309 0.000411181 0.999992 -0.00394741 0.00100484 0.00394658 0.999991 -0.0836943 0.214631 0.284093
FixedParameters: 0 0 0

#Transform 115
Transform: AffineTransform_float_3_3
Parameters: 1 -0.000489578 -0.00101219 0.00048644 0.999995 -0.00313651 0.00101362 0.00313649 0.999994 -0.085732 0.202125 0.296685
FixedParameters: 0 0 0

#Transform 116
Transform: AffineTransform_float_3_3
Parameters: 1 -0.000411453 -0.000513906 0.00040944 0.999996 -0.00303521 0.000515523 0.00303479 0.999996 -0.0966753 0.196063 0.32004
FixedParameters: 0 0 0

#Transform 117
Transform: AffineTransform_float_3_3
Parameters: 1 -0.000283209 -0.00044677 0.000281897 0.999996 -0.00270914 0.000447426 0.00270986 0.999997 -0.0756463 0.184856 0.330915
FixedParameters: 0 0 0

#Transform 118
Transform: AffineTransform_float_3_3
Parameters: 1 2.82204e-05 -0.000424581 -2.97187e-05 0.999995 -0.00293399 0.00042453 0.00293401 0.999995 -0.0597041 0.207384 0.317375
FixedParameters: 0 0 0

#Transform 119
Transform: AffineTransform_float_3_3
Parameters: 1 -0.000124522 -0.000278342 0.000124356 0.999998 -0.00229604 0.000278039 0.00229597 0.999998 -0.0594148 0.181546 0.331985
FixedParameters: 0 0 0

#Transform 120
Transform: AffineTransform_float_3_3
Parameters: 1 5.92498e-05 0.000208275 -5.83448e-05 0.999997 -0.00246101 -0.000207571 0.00246099 0.999997 -0.032661 0.174892 0.405445
FixedParameters: 0 0 0

#Transform 121
Transform: AffineTransform_float_3_3
Parameters: 1 -0.000497013 0.000126126 0.000496707 0.999998 -0.00226294 -0.000124989 0.00226306 0.999998 -0.0525073 0.189454 0.344338
FixedParameters: 0 0 0

#Transform 122
Transform: AffineTransform_float_3_3
Parameters: 1 -7.83321e-05 0.000229421 7.80772e-05 0.999998 -0.00160898 -0.000229288 0.00160902 0.999998 -0.0372537 0.160886 0.356119
FixedParameters: 0 0 0

#Transform 123
Transform: AffineTransform_float_3_3
Parameters: 1 3.73646e-05 -7.7129e-05 -3.64287e-05 1 -0.000369997 7.72201e-05 0.000370003 1 -0.0415322 0.122826 0.38411
FixedParameters: 0 0 0

#Transform 124
Transform: AffineTransform_float_3_3
Parameters: 1 5.854e-05 -0.000256907 -5.81127e-05 1 -0.00110099 0.000256897 0.00110102 1 -0.038557 0.15711 0.364349
FixedParameters: 0 0 0

#Transform 125
Transform: AffineTransform_float_3_3
Parameters: 1 2.07304e-05 6.28828e-05 -2.06682e-05 1 -0.000495001 -6.29033e-05 0.000494999 1 -0.0372027 0.129443 0.358693
FixedParameters: 0 0 0

#Transform 126
Transform: AffineTransform_float_3_3
Parameters: 1 1.76544e-05 8.87036e-05 -1.75876e-05 1 -0.000376002 -8.87168e-05 0.000375998 1 -0.038012 0.127646 0.404032
FixedParameters: 0 0 0

#Transform 127
Transform: AffineTransform_float_3_3
Parameters: 1 0.000139487 0.000342871 -0.000139274 1 -0.000311048 -0.000342957 0.000310952 1 -0.0411724 0.134031 0.335428
FixedParameters: 0 0 0

#Transform 128
Transform: AffineTransform_float_3_3
Parameters: 1 2.99531e-05 -1.45194e-05 -2.99153e-05 0.999999 0.001299 1.45972e-05 -0.001299 0.999999 -0.0278634 0.112529 0.290332
FixedParameters: 0 0 0

#Transform 129
Transform: AffineTransform_float_3_3
Parameters: 1 0.000402644 -9.71943e-05 -0.000402115 0.999998 0.00210705 9.78973e-05 -0.00210795 0.999997 -0.0216843 0.0617222 0.307417
FixedParameters: 0 0 0

#Transform 130
Transform: AffineTransform_float_3_3
Parameters: 1 5.92011e-05 -0.000256755 -5.84444e-05 0.999999 0.00147301 0.000256928 -0.00147298 0.999999 -0.0242627 0.103825 0.311829
FixedParameters: 0 0 0

#Transform 131
Transform: AffineTransform_float_3_3
Parameters: 1 0.00046093 3.36179e-06 -0.000460822 0.999998 0.001672 -2.81358e-06 -0.001672 0.999998 -0.00242143 0.068185 0.348916
FixedParameters: 0 0 0

#Transform 132
Transform: AffineTransform_float_3_3
Parameters: 1 0.00010497 -0.000633979 -0.000103649 0.999999 0.00182507 0.000634241 -0.00182493 0.999998 0.0100578 0.0770518 0.371802
FixedParameters: 0 0 0

#Transform 133
Transform: AffineTransform_float_3_3
Parameters: 1 0.000583905 -0.000341842 -0.000583359 0.999999 0.000797199 0.000342773 -0.000796799 0.999999 -0.0160849 0.113091 0.298206
FixedParameters: 0 0 0

#Transform 134
Transform: AffineTransform_float_3_3
Parameters: 0.999999 -0.000303749 -0.000702997 0.00030396 1 0.000233786 0.000703848 -0.000234214 0.999999 0.00533823 0.1168 0.312468
FixedParameters: 0 0 0

#Transform 135
Transform: AffineTransform_float_3_3
Parameters: 1 0.00031387 -0.000629205 -0.000313552 1 0.000252197 0.000629363 -0.000251802 1 0.00994085 0.115448 0.336269
FixedParameters: 0 0 0

#Transform 136
Transform: AffineTransform_float_3_3
Parameters: 0.999999 0.000325892 -0.000627725 -0.000325362 1 0.000422204 0.000628 -0.000421795 0.999999 0.0144882 0.109542 0.291449
FixedParameters: 0 0 0

#Transform 137
Transform: AffineTransform_float_3_3
Parameters: 1 2.05957e-05 -0.00107016 -2.00862e-05 1 0.000701904 0.00107007 -0.000702096 0.999999 0.0172832 0.0933262 0.339259
FixedParameters: 0 0 0

#Transform 138
Transform: AffineTransform_float_3_3
Parameters: 0.999999 -0.000475459 -0.000723564 0.000475816 1 0.000327656 0.000724245 -0.000328344 0.999999 -0.0198639 0.128841 0.318713
FixedParameters: 0 0 0

#Transform 139
Transform: AffineTransform_float_3_3
Parameters: 0.999999 -0.000695544 -0.00135484 0.000695415 0.999999 -4.80738e-05 0.0013549 4.69261e-05 0.999999 -0.0226182 0.131465 0.312471
FixedParameters: 0 0 0

#Transform 140
Transform: AffineTransform_float_3_3
Parameters: 0.999998 -0.000182137 -0.00158287 0.000182652 1 0.00047658 0.00158258 -0.00047642 0.999998 0.00117203 0.120109 0.353219
FixedParameters: 0 0 0

#Transform 141
Transform: AffineTransform_float_3_3
Parameters: 0.999999 -0.000653554 -0.00121784 0.000654234 0.999999 -0.000128928 0.00121813 0.000128072 1 -0.00868244 0.140547 0.337762
FixedParameters: 0 0 0

#Transform 142
Transform: AffineTransform_float_3_3
Parameters: 0.999999 -0.000550477 -0.00120603 0.000550657 0.999999 0.000535205 0.00120631 -0.000535796 0.999999 -0.00591573 0.105346 0.311159
FixedParameters: 0 0 0

#Transform 143
Transform: AffineTransform_float_3_3
Parameters: 1 -0.000295531 -0.0011754 0.000296329 1 0.00033952 0.0011752 -0.000339479 1 0.00098344 0.107698 0.368195
FixedParameters: 0 0 0

#Transform 144
Transform: AffineTransform_float_3_3
Parameters: 0.999999 -0.000223785 -0.00150595 0.000223734 1 -0.000346469 0.00150622 0.000346532 0.999999 0.0205523 0.140488 0.368357
FixedParameters: 0 0 0

#Transform 145
Transform: AffineTransform_float_3_3
Parameters: 0.999999 -0.000328469 -0.00124771 0.000328713 1 9.74584e-05 0.00124765 -9.75415e-05 1 0.0458809 0.117489 0.471568
FixedParameters: 0 0 0

#Transform 146
Transform: AffineTransform_float_3_3
Parameters: 0.999999 -0.000216567 -0.00127141 0.000215388 1 -0.000463406 0.00127161 0.000463593 0.999999 0.070302 0.155913 0.492229
FixedParameters: 0 0 0

#Transform 147
Transform: AffineTransform_float_3_3
Parameters: 0.999999 -0.00065445 -0.00121736 0.000653339 1 -0.00086381 0.00121861 0.00086319 0.999999 0.0231103 0.17916 0.43959
FixedParameters: 0 0 0

#Transform 148
Transform: AffineTransform_float_3_3
Parameters: 0.999998 -0.000975718 -0.00125582 0.000975514 1 -0.000476254 0.00125687 0.000475746 0.999999 0.0186077 0.152413 0.452989
FixedParameters: 0 0 0

#Transform 149
Transform: AffineTransform_float_3_3
Parameters: 0.999998 -0.000976146 -0.00125549 0.000975204 0.999999 -0.000818239 0.00125621 0.000816761 0.999999 0.0244846 0.137717 0.478821
FixedParameters: 0 0 0

#Transform 150
Transform: AffineTransform_float_3_3
Parameters: 0.999999 -0.000640726 -0.00110116 0.000639564 1 -0.000581719 0.00110091 0.000581282 1 0.0523997 0.155248 0.401253
FixedParameters: 0 0 0

#Transform 151
Transform: AffineTransform_float_3_3
Parameters: 0.999998 -0.000890091 -0.001764 0.000890775 1 0.000193401 0.00176366 -0.000194598 0.999998 0.044001 0.146015 0.410786
FixedParameters: 0 0 0
