# transform file /out/sourcedata/freesurfer/sub-v2s3x28837_ses-1/mri/transforms/cc_up.lta
# created by oesteban on Fri Mar 13 04:35:49 2026

type      = 0 # LINEAR_VOX_TO_VOX
nxforms   = 1
mean      = 127.0000 98.0000 125.0000
sigma     = 10000.0000
1 4 4
9.913218617439270e-01 1.952811889350414e-02 -1.299984306097031e-01 1.194477272033691e+01 
-1.936234533786774e-02 9.998092651367188e-01 2.539109205827117e-03 5.223236083984375e+01 
1.300232410430908e-01 0.000000000000000e+00 9.915109872817993e-01 -5.901317596435547e+00 
0.000000000000000e+00 0.000000000000000e+00 0.000000000000000e+00 1.000000000000000e+00 
src volume info
valid = 1  # volume info valid
filename = /out/sourcedata/freesurfer/sub-v2s3x28837_ses-1/mri/norm.mgz
volume = 256 256 256
voxelsize = 1.000000000000000e+00 1.000000000000000e+00 1.000000000000000e+00
xras   = -1.000000000000000e+00 0.000000000000000e+00 0.000000000000000e+00
yras   = 0.000000000000000e+00 0.000000000000000e+00 -1.000000000000000e+00
zras   = 0.000000000000000e+00 1.000000000000000e+00 0.000000000000000e+00
cras   = 2.953620910644531e+00 2.530560302734375e+01 -8.122741699218750e+00
dst volume info
valid = 1  # volume info valid
filename = /out/sourcedata/freesurfer/sub-v2s3x28837_ses-1/mri/norm.mgz
volume = 256 256 256
voxelsize = 1.000000000000000e+00 1.000000000000000e+00 1.000000000000000e+00
xras   = -1.000000000000000e+00 0.000000000000000e+00 0.000000000000000e+00
yras   = 0.000000000000000e+00 0.000000000000000e+00 -1.000000000000000e+00
zras   = 0.000000000000000e+00 1.000000000000000e+00 0.000000000000000e+00
cras   = 2.953620910644531e+00 2.530560302734375e+01 -8.122741699218750e+00
