#Insight Transform File V1.0
#Transform 0
Transform: AffineTransform_float_3_3
Parameters: 0.999997 -0.000437098 0.00268314 0.000437318 1 -0.000226187 -0.00268303 0.000226814 0.999997 -0.00138101 -0.0461413 -0.042985
FixedParameters: 0 0 0

#Transform 1
Transform: AffineTransform_float_3_3
Parameters: 0.999997 0.00192533 0.00144529 -0.00192636 0.999998 0.00110539 -0.00144284 -0.00110861 0.999998 0.0603753 -0.0216801 -0.016654
FixedParameters: 0 0 0

#Transform 2
Transform: AffineTransform_float_3_3
Parameters: 0.999997 0.00111666 0.00210523 -0.00111807 0.999999 0.000827531 -0.00210419 -0.000829469 0.999997 0.00860279 -0.109909 0.0113763
FixedParameters: 0 0 0

#Transform 3
Transform: AffineTransform_float_3_3
Parameters: 0.999996 0.00146664 0.00239408 -0.00147521 0.999992 0.00377936 -0.0023881 -0.00378265 0.99999 0.0239621 -0.116774 0.0486009
FixedParameters: 0 0 0

#Transform 4
Transform: AffineTransform_float_3_3
Parameters: 0.999998 0.000960501 0.00166309 -0.000966773 0.999992 0.00382329 -0.00166014 -0.00382471 0.999992 0.0277292 -0.122654 -0.0215955
FixedParameters: 0 0 0

#Transform 5
Transform: AffineTransform_float_3_3
Parameters: 0.999999 -0.00126083 -5.03181e-05 0.00126177 0.999999 0.00130103 4.912e-05 -0.00130097 0.999999 0.0352501 -0.117511 0.0234424
FixedParameters: 0 0 0

#Transform 6
Transform: AffineTransform_float_3_3
Parameters: 0.999999 0.000334859 0.00118288 -0.000337539 0.999998 0.00201351 -0.00118234 -0.00201449 0.999998 0.0212683 -0.133621 -0.00426229
FixedParameters: 0 0 0

#Transform 7
Transform: AffineTransform_float_3_3
Parameters: 0.999999 0.000533169 0.00173735 -0.000534457 1 0.000969973 -0.00173712 -0.000971029 0.999998 0.00726705 -0.129767 0.00990568
FixedParameters: 0 0 0

#Transform 8
Transform: AffineTransform_float_3_3
Parameters: 0.999999 0.000459265 0.00166683 -0.000460776 0.999999 0.000453132 -0.00166641 -0.000453866 0.999998 0.0149525 -0.145919 0.000626907
FixedParameters: 0 0 0

#Transform 9
Transform: AffineTransform_float_3_3
Parameters: 0.999999 0.000281197 0.000886803 -0.000281384 1 0.00010475 -0.000886744 -0.000105249 0.999999 0.0209039 -0.124569 0.0332622
FixedParameters: 0 0 0

#Transform 10
Transform: AffineTransform_float_3_3
Parameters: 0.999999 0.000163067 0.00127668 -0.0001635 1 0.000559691 -0.0012764 -0.000559309 0.999999 0.0130824 -0.0943434 0.0343726
FixedParameters: 0 0 0

#Transform 11
Transform: AffineTransform_float_3_3
Parameters: 1 -0.000520969 -0.000239525 0.000521304 0.999999 0.000700875 0.000238795 -0.000701124 0.999999 -0.0232516 -0.106384 0.0231144
FixedParameters: 0 0 0

#Transform 12
Transform: AffineTransform_float_3_3
Parameters: 0.999998 0.000437191 0.00154826 -0.000437565 1 0.000442222 -0.00154778 -0.000442778 0.999998 -0.0149471 -0.106836 0.038135
FixedParameters: 0 0 0

#Transform 13
Transform: AffineTransform_float_3_3
Parameters: 0.999998 0.00102927 0.00135655 -0.00103104 0.999999 0.00145759 -0.00135535 -0.00145841 0.999998 0.00294874 -0.0155186 0.0248296
FixedParameters: 0 0 0

#Transform 14
Transform: AffineTransform_float_3_3
Parameters: 0.999999 0.00107101 0.00110898 -0.00107232 0.999999 0.0011208 -0.00110848 -0.0011222 0.999999 0.00948167 -0.000546946 0.026922
FixedParameters: 0 0 0

#Transform 15
Transform: AffineTransform_float_3_3
Parameters: 0.999998 0.000207847 0.00204379 -0.000207333 1 -0.000369617 -0.00204404 0.000369383 0.999998 0.00405624 -0.0541998 0.00457205
FixedParameters: 0 0 0

#Transform 16
Transform: AffineTransform_float_3_3
Parameters: 0.999999 0.000392612 0.00137225 -0.000392257 1 0.000233361 -0.00137198 -0.000233639 0.999999 0.0170909 -0.0262072 -0.00419936
FixedParameters: 0 0 0

#Transform 17
Transform: AffineTransform_float_3_3
Parameters: 0.999998 0.000112813 0.00169979 -0.000113148 1 0.000391707 -0.00169961 -0.000391293 0.999998 -0.0136085 -0.0547494 -0.01986
FixedParameters: 0 0 0

#Transform 18
Transform: AffineTransform_float_3_3
Parameters: 0.999998 0.000675281 0.00146632 -0.000676632 1 0.000831992 -0.0014661 -0.000832008 0.999998 0.0155445 -0.000483272 0.0142798
FixedParameters: 0 0 0

#Transform 19
Transform: AffineTransform_float_3_3
Parameters: 0.999999 0.000583883 0.00134385 -0.000581699 0.999999 -0.00118288 -0.00134532 0.00118212 0.999999 -0.00673131 -0.0311431 0.0272662
FixedParameters: 0 0 0

#Transform 20
Transform: AffineTransform_float_3_3
Parameters: 0.999999 8.35331e-05 0.00129825 -8.33396e-05 1 -7.42088e-05 -0.00129826 7.47911e-05 0.999999 -0.00416127 -0.0210003 0.0191888
FixedParameters: 0 0 0

#Transform 21
Transform: AffineTransform_float_3_3
Parameters: 0.999999 -8.82154e-05 0.00128232 8.94336e-05 1 -0.000474978 -0.00128224 0.000475022 0.999999 -0.0137577 -0.0158104 -0.0111474
FixedParameters: 0 0 0

#Transform 22
Transform: AffineTransform_float_3_3
Parameters: 0.999999 -0.000915455 -0.000209358 0.000915859 0.999999 0.0009689 0.000207584 -0.000969098 0.999999 -0.0419002 -0.0411683 -0.089822
FixedParameters: 0 0 0

#Transform 23
Transform: AffineTransform_float_3_3
Parameters: 0.999997 0.000280313 -0.00265448 -0.000282462 0.999999 -0.000779621 0.00265423 0.000780379 0.999996 -0.0125826 -0.00285032 -0.273772
FixedParameters: 0 0 0

#Transform 24
Transform: AffineTransform_float_3_3
Parameters: 0.999997 0.000665094 -0.00260423 -0.000668681 0.999999 -0.00124353 0.00260384 0.00124547 0.999996 -0.0158295 0.00309816 -0.326708
FixedParameters: 0 0 0

#Transform 25
Transform: AffineTransform_float_3_3
Parameters: 0.999998 2.93559e-05 -0.00203233 -2.53937e-05 0.999997 0.00222187 0.00203299 -0.00222213 0.999995 -0.0475449 -0.0610287 -0.0715566
FixedParameters: 0 0 0

#Transform 26
Transform: AffineTransform_float_3_3
Parameters: 0.999998 0.000200311 -0.00201611 -0.000198867 1 0.000605218 0.00201626 -0.000604781 0.999998 -0.0528889 -0.00239189 -0.114685
FixedParameters: 0 0 0

#Transform 27
Transform: AffineTransform_float_3_3
Parameters: 0.999998 0.000155183 -0.00189277 -0.00015382 1 0.000360108 0.00189288 -0.000359891 0.999998 -0.0439112 -0.0262632 -0.122806
FixedParameters: 0 0 0

#Transform 28
Transform: AffineTransform_float_3_3
Parameters: 0.999998 0.000103297 -0.00198593 -0.000104468 1 -0.000294977 0.00198586 0.000295022 0.999998 -0.0483569 -0.0660677 -0.107971
FixedParameters: 0 0 0

#Transform 29
Transform: AffineTransform_float_3_3
Parameters: 0.999999 5.1698e-05 -0.0014323 -5.33508e-05 1 -0.000577016 0.00143224 0.000576982 0.999999 -0.0490659 -0.0404929 -0.0877183
FixedParameters: 0 0 0

#Transform 30
Transform: AffineTransform_float_3_3
Parameters: 0.999999 -3.48113e-05 -0.00145543 3.46076e-05 1 -7.01424e-05 0.00145543 6.98574e-05 0.999999 -0.044284 -0.0609 -0.103469
FixedParameters: 0 0 0

#Transform 31
Transform: AffineTransform_float_3_3
Parameters: 0.999999 5.53508e-05 -0.00180763 -5.50652e-05 1 7.89157e-05 0.00180763 -7.90841e-05 0.999999 -0.0375722 -0.0556564 -0.102545
FixedParameters: 0 0 0

#Transform 32
Transform: AffineTransform_float_3_3
Parameters: 0.999999 5.51827e-05 -0.00180763 -5.52315e-05 1 -1.30927e-05 0.00180763 1.39073e-05 0.999999 -0.043187 -0.0307458 -0.0936099
FixedParameters: 0 0 0

#Transform 33
Transform: AffineTransform_float_3_3
Parameters: 0.999999 -0.000222605 -0.00152496 0.000221558 1 -0.000343439 0.00152511 0.00034356 0.999999 -0.0477587 0.0039465 -0.0732708
FixedParameters: 0 0 0

#Transform 34
Transform: AffineTransform_float_3_3
Parameters: 0.999999 6.03059e-05 -0.0018564 -6.01581e-05 1 0.000307928 0.00185635 -0.000308073 0.999998 -0.0445693 0.00275706 -0.0831105
FixedParameters: 0 0 0

#Transform 35
Transform: AffineTransform_float_3_3
Parameters: 0.999998 6.45742e-05 -0.0019032 -6.45727e-05 1 0.000261939 0.00190314 -0.000262062 0.999998 -0.0522601 0.0122978 -0.0726619
FixedParameters: 0 0 0

#Transform 36
Transform: AffineTransform_float_3_3
Parameters: 0.999998 6.13106e-05 -0.00187135 -6.19246e-05 1 0.000101932 0.00187127 -0.000102069 0.999998 -0.0543664 -0.0258645 -0.0729154
FixedParameters: 0 0 0

#Transform 37
Transform: AffineTransform_float_3_3
Parameters: 0.999998 7.4883e-05 -0.00202671 -7.6174e-05 1 -0.000318039 0.00202666 0.00031896 0.999998 -0.0461941 -0.0143393 -0.100514
FixedParameters: 0 0 0

#Transform 38
Transform: AffineTransform_float_3_3
Parameters: 0.999998 7.35147e-05 -0.00201078 -7.45884e-05 1 -0.000267034 0.00201074 0.000266964 0.999998 -0.0563642 -0.017026 -0.0802709
FixedParameters: 0 0 0

#Transform 39
Transform: AffineTransform_float_3_3
Parameters: 0.999999 -6.0885e-05 -0.00185853 6.02847e-05 1 -0.000161305 0.00185855 0.000161695 0.999999 -0.0603732 -0.0188561 -0.0739151
FixedParameters: 0 0 0

#Transform 40
Transform: AffineTransform_float_3_3
Parameters: 0.999998 0.000138055 -0.00205705 -0.000138146 1 0.000220101 0.00205702 -0.0002199 0.999998 -0.0474777 0.0261752 -0.0623671
FixedParameters: 0 0 0

#Transform 41
Transform: AffineTransform_float_3_3
Parameters: 0.999998 8.21788e-05 -0.00209338 -8.22535e-05 1 0.000219989 0.00209333 -0.000220012 0.999998 -0.0490438 0.0118364 -0.07867
FixedParameters: 0 0 0

#Transform 42
Transform: AffineTransform_float_3_3
Parameters: 1 5.14182e-07 -0.00122314 -1.45845e-06 1 -0.000386091 0.00122314 0.000385909 0.999999 -0.0766294 -0.0461575 -0.0843775
FixedParameters: 0 0 0

#Transform 43
Transform: AffineTransform_float_3_3
Parameters: 0.999999 0.000337691 -0.00124425 -0.000338036 1 -0.000538672 0.00124397 0.000539328 0.999999 -0.0633357 -0.0841457 -0.073225
FixedParameters: 0 0 0

#Transform 44
Transform: AffineTransform_float_3_3
Parameters: 0.999999 0.000285512 -0.00130829 -0.00028561 1 -0.000417719 0.00130814 0.000418282 0.999999 -0.0431529 -0.0950953 -0.0899226
FixedParameters: 0 0 0

#Transform 45
Transform: AffineTransform_float_3_3
Parameters: 0.999998 0.000645487 -0.00155086 -0.000645565 1 0.000296909 0.00155115 -0.000295091 0.999998 -0.0438103 -0.0751104 -0.0313028
FixedParameters: 0 0 0

#Transform 46
Transform: AffineTransform_float_3_3
Parameters: 0.999999 0.000508185 -0.00115627 -0.000508719 0.999999 -0.000661496 0.00115569 0.000661504 0.999999 -0.0355731 -0.0593972 -0.0426395
FixedParameters: 0 0 0

#Transform 47
Transform: AffineTransform_float_3_3
Parameters: 1 0.000283388 -0.00116792 -0.000283777 1 -0.000592761 0.00116768 0.000593239 0.999999 -0.0611018 -0.105199 -0.0794622
FixedParameters: 0 0 0

#Transform 48
Transform: AffineTransform_float_3_3
Parameters: 0.999999 0.000221217 -0.00138257 -0.000223066 1 -0.00102869 0.00138221 0.00102931 0.999998 -0.0597876 -0.0997205 -0.0665411
FixedParameters: 0 0 0

#Transform 49
Transform: AffineTransform_float_3_3
Parameters: 0.999999 1.09404e-05 -0.00149021 -1.2478e-05 1 -0.00118408 0.00149037 0.00118393 0.999998 -0.0903536 -0.0951252 -0.0624409
FixedParameters: 0 0 0

#Transform 50
Transform: AffineTransform_float_3_3
Parameters: 0.999998 2.82942e-05 -0.00168042 -3.04098e-05 1 -0.00122204 0.00168053 0.00122196 0.999998 -0.0755373 -0.119495 -0.0571129
FixedParameters: 0 0 0

#Transform 51
Transform: AffineTransform_float_3_3
Parameters: 0.999998 -0.000625179 -0.00193934 0.000622865 1 -0.000877319 0.00193953 0.00087668 0.999998 -0.0720711 -0.102863 -0.0314074
FixedParameters: 0 0 0

#Transform 52
Transform: AffineTransform_float_3_3
Parameters: 0.999998 -0.000247455 -0.00196211 0.000246158 1 -0.000330676 0.00196227 0.000330323 0.999998 -0.0756114 -0.111569 -0.0373012
FixedParameters: 0 0 0

#Transform 53
Transform: AffineTransform_float_3_3
Parameters: 0.999998 -0.000256799 -0.00199186 0.000255445 0.999999 -0.000863694 0.00199149 0.000862306 0.999997 -0.062939 -0.0892408 -0.0275275
FixedParameters: 0 0 0

#Transform 54
Transform: AffineTransform_float_3_3
Parameters: 0.999999 -3.81369e-05 -0.00179003 3.74736e-05 0.999999 -0.000741261 0.00179027 0.00074174 0.999998 -0.0564267 -0.0797635 -0.0382571
FixedParameters: 0 0 0

#Transform 55
Transform: AffineTransform_float_3_3
Parameters: 0.999998 -0.000177982 -0.00189727 0.000176987 0.999999 -0.000787521 0.00189774 0.000786479 0.999998 -0.0623068 -0.070029 -0.0391733
FixedParameters: 0 0 0

#Transform 56
Transform: AffineTransform_float_3_3
Parameters: 0.999999 -3.27675e-05 -0.00184579 3.24958e-05 1 -0.000613245 0.00184602 0.000612757 0.999998 -0.0596679 -0.0469936 -0.0372681
FixedParameters: 0 0 0

#Transform 57
Transform: AffineTransform_float_3_3
Parameters: 0.999999 -0.000196461 -0.00184779 0.000194909 0.999999 -0.000714554 0.00184716 0.000714446 0.999998 -0.0633765 -0.0463617 -0.0231973
FixedParameters: 0 0 0

#Transform 58
Transform: AffineTransform_float_3_3
Parameters: 0.999998 -7.96788e-06 -0.00210968 7.34333e-06 1 -0.0003842 0.00210977 0.0003838 0.999997 -0.0557171 -0.0511936 -0.0300572
FixedParameters: 0 0 0

#Transform 59
Transform: AffineTransform_float_3_3
Parameters: 0.999998 -9.1702e-06 -0.00210967 7.13619e-06 0.999999 -0.000954293 0.00210987 0.000953707 0.999998 -0.0556888 -0.0675635 -0.0434066
FixedParameters: 0 0 0

#Transform 60
Transform: AffineTransform_float_3_3
Parameters: 0.999999 -7.9147e-05 -0.00134886 7.83961e-05 1 -0.00105111 0.00134822 0.00105089 0.999998 -0.0671914 -0.0358025 -0.0459075
FixedParameters: 0 0 0

#Transform 61
Transform: AffineTransform_float_3_3
Parameters: 1 -9.67261e-05 -0.00115272 9.61217e-05 1 -0.000694203 0.00115295 0.000693797 0.999999 -0.081417 -0.0782953 -0.0508011
FixedParameters: 0 0 0

#Transform 62
Transform: AffineTransform_float_3_3
Parameters: 0.999999 -7.27906e-05 -0.00141956 7.15422e-05 1 -0.0011412 0.00141991 0.00114081 0.999999 -0.082365 -0.103758 -0.0227047
FixedParameters: 0 0 0

#Transform 63
Transform: AffineTransform_float_3_3
Parameters: 0.999999 -6.75725e-05 -0.00147137 6.71537e-05 0.999999 -0.000819191 0.00147166 0.000818809 0.999998 -0.0815374 -0.0923378 0.0222418
FixedParameters: 0 0 0

#Transform 64
Transform: AffineTransform_float_3_3
Parameters: 0.999999 -7.55978e-05 -0.0013877 7.4647e-05 1 -0.0010601 0.00138804 0.0010599 0.999998 -0.0826989 -0.0869961 0.00329884
FixedParameters: 0 0 0

#Transform 65
Transform: AffineTransform_float_3_3
Parameters: 0.999999 -0.000151984 -0.00127328 0.000151055 0.999999 -0.000755293 0.0012736 0.000755706 0.999999 -0.095923 -0.0869308 -0.0156282
FixedParameters: 0 0 0

#Transform 66
Transform: AffineTransform_float_3_3
Parameters: 0.999999 -7.24841e-05 -0.00140669 7.32548e-05 1 -8.01951e-05 0.0014068 7.98061e-05 0.999999 -0.0904438 -0.109182 -0.0485831
FixedParameters: 0 0 0

#Transform 67
Transform: AffineTransform_float_3_3
Parameters: 0.999998 -0.000139427 -0.00204055 0.000138785 1 -0.000157476 0.0020406 0.000157523 0.999998 -0.0714844 -0.0974439 -0.0263345
FixedParameters: 0 0 0

#Transform 68
Transform: AffineTransform_float_3_3
Parameters: 0.999999 8.25223e-05 -0.00152083 -8.41454e-05 0.999999 -0.000860964 0.00152078 0.000861034 0.999998 -0.084849 -0.0687849 -0.0145658
FixedParameters: 0 0 0

#Transform 69
Transform: AffineTransform_float_3_3
Parameters: 0.999998 -0.000159808 -0.00168976 0.000158353 0.999999 -0.000725453 0.00169008 0.000724547 0.999999 -0.0766059 -0.0878181 -0.0138231
FixedParameters: 0 0 0

#Transform 70
Transform: AffineTransform_float_3_3
Parameters: 0.999999 -0.000232761 -0.00135896 0.000231208 0.999999 -0.000972406 0.00135851 0.000971592 0.999998 -0.0825117 -0.0884734 0.00953941
FixedParameters: 0 0 0

#Transform 71
Transform: AffineTransform_float_3_3
Parameters: 0.999999 -0.000220405 -0.00149537 0.000218256 1 -0.00108243 0.00149494 0.00108257 0.999999 -0.0805064 -0.0569814 0.016358
FixedParameters: 0 0 0

#Transform 72
Transform: AffineTransform_float_3_3
Parameters: 0.999999 -0.000217954 -0.00152029 0.000215994 1 -0.000972422 0.0015208 0.000971579 0.999999 -0.0930686 -0.0858488 -0.0193034
FixedParameters: 0 0 0

#Transform 73
Transform: AffineTransform_float_3_3
Parameters: 0.999999 -0.00015541 -0.00150149 0.000153486 1 -0.000972324 0.00150188 0.000971677 0.999999 -0.0844819 -0.0850148 -0.008471
FixedParameters: 0 0 0

#Transform 74
Transform: AffineTransform_float_3_3
Parameters: 0.999998 -0.000198676 -0.00172843 0.00019666 0.999999 -0.000871525 0.00172887 0.000870474 0.999998 -0.0769628 -0.0556782 0.00614874
FixedParameters: 0 0 0

#Transform 75
Transform: AffineTransform_float_3_3
Parameters: 0.999999 6.2756e-05 -0.00184398 -6.44525e-05 1 -0.000999975 0.00184404 0.00100003 0.999998 -0.0835748 -0.0668518 0.00401655
FixedParameters: 0 0 0

#Transform 76
Transform: AffineTransform_float_3_3
Parameters: 0.999999 -6.27465e-05 -0.00156336 6.0958e-05 1 -0.000572188 0.00156343 0.00057181 0.999998 -0.0987731 -0.0791431 -0.0109255
FixedParameters: 0 0 0

#Transform 77
Transform: AffineTransform_float_3_3
Parameters: 0.999999 -0.000213765 -0.00156216 0.000212425 0.999999 -0.000747433 0.00156257 0.000747566 0.999998 -0.100466 -0.0900929 -0.0407956
FixedParameters: 0 0 0

#Transform 78
Transform: AffineTransform_float_3_3
Parameters: 0.999999 -0.000295906 -0.00145914 0.000294986 1 -0.00099744 0.00145992 0.00099756 0.999998 -0.0865164 -0.0837529 -0.0349801
FixedParameters: 0 0 0

#Transform 79
Transform: AffineTransform_float_3_3
Parameters: 0.999998 -5.68558e-06 -0.00169366 4.46085e-06 0.999999 -0.000655201 0.00169376 0.000655799 0.999999 -0.0868243 -0.0923901 -0.00516602
FixedParameters: 0 0 0

#Transform 80
Transform: AffineTransform_float_3_3
Parameters: 0.999999 -0.000256442 -0.00185204 0.000254505 0.999999 -0.00132956 0.001853 0.00132843 0.999997 -0.0871537 -0.0759381 0.0278404
FixedParameters: 0 0 0

#Transform 81
Transform: AffineTransform_float_3_3
Parameters: 0.999997 -0.000696336 -0.00232539 0.00069496 0.999999 -0.00095882 0.00232601 0.000957182 0.999997 -0.0927183 -0.0731676 0.0210533
FixedParameters: 0 0 0

#Transform 82
Transform: AffineTransform_float_3_3
Parameters: 0.999998 -0.000938423 -0.0021364 0.000937941 1 -0.000368122 0.00213619 0.000366879 0.999998 -0.0926732 -0.0567019 0.00118017
FixedParameters: 0 0 0

#Transform 83
Transform: AffineTransform_float_3_3
Parameters: 0.999998 -0.000181553 -0.00158254 0.000180643 1 2.66222e-05 0.00158244 -2.73793e-05 0.999998 -0.0823731 -0.0759533 -0.0242269
FixedParameters: 0 0 0

#Transform 84
Transform: AffineTransform_float_3_3
Parameters: 0.999999 5.65553e-05 -0.00179542 -5.66225e-05 1 -0.000296083 0.00179548 0.000295918 0.999999 -0.0740691 -0.106369 -0.0235667
FixedParameters: 0 0 0

#Transform 85
Transform: AffineTransform_float_3_3
Parameters: 0.999997 -0.000860071 -0.00236657 0.000860083 1 1.75502e-06 0.00236656 -3.24497e-06 0.999998 -0.0879884 -0.0866703 -0.012354
FixedParameters: 0 0 0

#Transform 86
Transform: AffineTransform_float_3_3
Parameters: 0.999996 -0.000813206 -0.00263452 0.000810985 1 -0.000818433 0.00263504 0.000815568 0.999997 -0.0941969 -0.0677703 0.00163374
FixedParameters: 0 0 0

#Transform 87
Transform: AffineTransform_float_3_3
Parameters: 0.999996 -0.000895796 -0.00247132 0.000891143 0.999998 -0.0017855 0.00247288 0.0017825 0.999996 -0.098947 -0.0777571 -0.0427517
FixedParameters: 0 0 0

#Transform 88
Transform: AffineTransform_float_3_3
Parameters: 0.999996 -0.000667515 -0.00247855 0.000662193 0.999998 -0.00191494 0.00247947 0.00191306 0.999995 -0.0883558 -0.0341965 -0.0163295
FixedParameters: 0 0 0

#Transform 89
Transform: AffineTransform_float_3_3
Parameters: 0.999998 -0.000277572 -0.00187798 0.000274839 0.999998 -0.00154771 0.00187811 0.00154729 0.999997 -0.103406 -0.089662 -0.00654126
FixedParameters: 0 0 0

#Transform 90
Transform: AffineTransform_float_3_3
Parameters: 0.999997 0.000263753 -0.00215495 -0.000267577 0.999999 -0.00158069 0.00215439 0.0015803 0.999997 -0.0899249 -0.106887 0.0246769
FixedParameters: 0 0 0

#Transform 91
Transform: AffineTransform_float_3_3
Parameters: 0.999997 -9.33999e-05 -0.00219438 8.79124e-05 0.999997 -0.00215748 0.00219514 0.00215752 0.999996 -0.0986276 -0.0769584 0.032032
FixedParameters: 0 0 0

#Transform 92
Transform: AffineTransform_float_3_3
Parameters: 0.999997 -0.000673577 -0.00242287 0.000668469 0.999998 -0.00191492 0.00242382 0.00191308 0.999996 -0.101508 -0.0898408 -0.0104307
FixedParameters: 0 0 0

#Transform 93
Transform: AffineTransform_float_3_3
Parameters: 0.999998 -0.000939284 -0.00214166 0.000935878 0.999998 -0.00200013 0.00214388 0.00199887 0.999996 -0.112842 -0.0900403 0.0128262
FixedParameters: 0 0 0

#Transform 94
Transform: AffineTransform_float_3_3
Parameters: 0.999998 -0.000116444 -0.00194963 0.000113397 0.999998 -0.00157142 0.00194927 0.00157158 0.999997 -0.109573 -0.0960724 -0.0154895
FixedParameters: 0 0 0

#Transform 95
Transform: AffineTransform_float_3_3
Parameters: 0.999998 -0.000285225 -0.00204737 0.000281858 0.999998 -0.00155177 0.00204852 0.00155123 0.999996 -0.108759 -0.0980374 0.00689247
FixedParameters: 0 0 0

#Transform 96
Transform: AffineTransform_float_3_3
Parameters: 0.999999 -0.000214636 -0.00180186 0.000211212 0.999999 -0.00177848 0.00180289 0.00177852 0.999997 -0.110252 -0.101034 0.0067938
FixedParameters: 0 0 0

#Transform 97
Transform: AffineTransform_float_3_3
Parameters: 0.999998 -0.000413699 -0.0019451 0.000409438 0.999997 -0.00242299 0.00194557 0.00242201 0.999995 -0.113721 -0.0836626 -0.00413847
FixedParameters: 0 0 0

#Transform 98
Transform: AffineTransform_float_3_3
Parameters: 0.999998 -0.000494814 -0.00201403 0.000491211 0.999998 -0.00190619 0.00201528 0.00190481 0.999996 -0.124128 -0.0983408 -0.0340438
FixedParameters: 0 0 0

#Transform 99
Transform: AffineTransform_float_3_3
Parameters: 0.999999 -7.67944e-05 -0.00180749 7.49835e-05 0.999999 -0.00135332 0.00180698 0.00135268 0.999998 -0.106177 -0.0982336 -0.0292086
FixedParameters: 0 0 0

#Transform 100
Transform: AffineTransform_float_3_3
Parameters: 0.999998 -0.000560768 -0.00196896 0.000558151 0.999999 -0.00169921 0.00197024 0.00169879 0.999996 -0.118716 -0.0786201 -0.017471
FixedParameters: 0 0 0

#Transform 101
Transform: AffineTransform_float_3_3
Parameters: 0.999997 -0.00041077 -0.00236805 0.000407184 0.999998 -0.00161825 0.00236875 0.00161675 0.999996 -0.112641 -0.0934026 -0.0353332
FixedParameters: 0 0 0

#Transform 102
Transform: AffineTransform_float_3_3
Parameters: 0.999998 -0.000408835 -0.00163273 0.000405945 0.999998 -0.00182777 0.0016335 0.00182723 0.999997 -0.111844 -0.066565 -0.010308
FixedParameters: 0 0 0

#Transform 103
Transform: AffineTransform_float_3_3
Parameters: 0.999998 -0.000368125 -0.00160885 0.000364716 0.999998 -0.00201668 0.0016096 0.00201532 0.999996 -0.121232 -0.0719655 0.0166792
FixedParameters: 0 0 0

#Transform 104
Transform: AffineTransform_float_3_3
Parameters: 0.999999 -0.000379205 -0.00180766 0.000374994 0.999998 -0.00201687 0.00180846 0.00201513 0.999997 -0.104739 -0.0972201 0.0148672
FixedParameters: 0 0 0

#Transform 105
Transform: AffineTransform_float_3_3
Parameters: 0.999997 -0.000985924 -0.00233561 0.000979783 0.999995 -0.00288551 0.00233795 0.0028835 0.999993 -0.115945 -0.0569812 0.0387419
FixedParameters: 0 0 0

#Transform 106
Transform: AffineTransform_float_3_3
Parameters: 0.999999 -0.000892769 -0.00164017 0.000888632 0.999997 -0.00222756 0.00164242 0.00222544 0.999996 -0.122803 -0.100544 0.00213242
FixedParameters: 0 0 0

#Transform 107
Transform: AffineTransform_float_3_3
Parameters: 0.999998 -0.000311805 -0.00185695 0.000308765 0.999998 -0.00164777 0.00185725 0.00164723 0.999997 -0.106637 -0.100594 -0.0234615
FixedParameters: 0 0 0

#Transform 108
Transform: AffineTransform_float_3_3
Parameters: 0.999998 -0.000727822 -0.00187433 0.000723887 0.999998 -0.00213646 0.0018768 0.00213454 0.999996 -0.120123 -0.0933905 -0.0109021
FixedParameters: 0 0 0

#Transform 109
Transform: AffineTransform_float_3_3
Parameters: 0.999998 -0.00100005 -0.00199691 0.000997416 0.999998 -0.00170311 0.00199869 0.00170189 0.999996 -0.125886 -0.0966504 -0.0361857
FixedParameters: 0 0 0

#Transform 110
Transform: AffineTransform_float_3_3
Parameters: 0.999999 -0.000331014 -0.00178718 0.00032657 0.999997 -0.00210478 0.00178785 0.00210422 0.999996 -0.120282 -0.0953965 -0.00568863
FixedParameters: 0 0 0

#Transform 111
Transform: AffineTransform_float_3_3
Parameters: 0.999998 -0.000243979 -0.00161468 0.00024068 0.999998 -0.00194648 0.0016159 0.00194552 0.999997 -0.108149 -0.0799848 -0.0126941
FixedParameters: 0 0 0

#Transform 112
Transform: AffineTransform_float_3_3
Parameters: 0.999998 -0.000510467 -0.00183688 0.000507448 0.999999 -0.00166004 0.00183785 0.00165897 0.999997 -0.111367 -0.104514 0.0248642
FixedParameters: 0 0 0

#Transform 113
Transform: AffineTransform_float_3_3
Parameters: 0.999997 -0.000916955 -0.00229015 0.00091167 0.999998 -0.00208431 0.00229135 0.0020827 0.999996 -0.114972 -0.0557092 0.0626113
FixedParameters: 0 0 0

#Transform 114
Transform: AffineTransform_float_3_3
Parameters: 0.999998 -0.00120058 -0.00193501 0.00119593 0.999997 -0.00230135 0.00193791 0.00229965 0.999995 -0.134367 -0.0274388 0.034062
FixedParameters: 0 0 0

#Transform 115
Transform: AffineTransform_float_3_3
Parameters: 0.999998 -0.000567054 -0.00179793 0.000563539 0.999998 -0.00155721 0.00179888 0.00155579 0.999997 -0.132785 -0.0548795 -0.0404018
FixedParameters: 0 0 0

#Transform 116
Transform: AffineTransform_float_3_3
Parameters: 0.999998 -0.00028121 -0.00190956 0.000278325 0.999999 -0.00127673 0.00191046 0.00127627 0.999998 -0.117321 -0.0713875 -0.0206973
FixedParameters: 0 0 0

#Transform 117
Transform: AffineTransform_float_3_3
Parameters: 0.999997 -0.000747731 -0.00200485 0.000744153 0.999998 -0.0019317 0.00200611 0.0019303 0.999996 -0.134374 -0.0451513 0.0272687
FixedParameters: 0 0 0

#Transform 118
Transform: AffineTransform_float_3_3
Parameters: 0.999998 -0.000762555 -0.00184823 0.000758427 0.999997 -0.00226951 0.00184907 0.00226749 0.999996 -0.136721 -0.0506257 0.034125
FixedParameters: 0 0 0

#Transform 119
Transform: AffineTransform_float_3_3
Parameters: 0.999997 -0.000837516 -0.00207103 0.00083284 0.999998 -0.00213484 0.00207297 0.00213316 0.999995 -0.119003 -0.052886 0.038966
FixedParameters: 0 0 0

#Transform 120
Transform: AffineTransform_float_3_3
Parameters: 0.999997 -0.0014241 -0.00204127 0.00141971 0.999997 -0.00187302 0.00204388 0.00186998 0.999997 -0.138471 -0.0296931 0.0388679
FixedParameters: 0 0 0

#Transform 121
Transform: AffineTransform_float_3_3
Parameters: 0.999998 -0.000895953 -0.00189213 0.000893034 0.999998 -0.0016098 0.0018933 0.0016082 0.999997 -0.122221 -0.0557576 -0.00979789
FixedParameters: 0 0 0

#Transform 122
Transform: AffineTransform_float_3_3
Parameters: 0.999997 -0.00111562 -0.00248286 0.0011121 0.999999 -0.00134798 0.00248415 0.00134502 0.999996 -0.119644 -0.0831004 -0.0347822
FixedParameters: 0 0 0

#Transform 123
Transform: AffineTransform_float_3_3
Parameters: 0.999998 -0.000286583 -0.00156757 0.00028417 0.999999 -0.00140455 0.00156856 0.00140445 0.999998 -0.107857 -0.106583 -0.0276579
FixedParameters: 0 0 0

#Transform 124
Transform: AffineTransform_float_3_3
Parameters: 0.999998 -0.000405198 -0.00195779 0.000401504 0.999999 -0.00172989 0.00195847 0.00172911 0.999996 -0.122467 -0.0897032 -0.0178432
FixedParameters: 0 0 0

#Transform 125
Transform: AffineTransform_float_3_3
Parameters: 0.999997 -0.000390951 -0.00211415 0.000386748 0.999999 -0.00172202 0.00211477 0.00172198 0.999997 -0.119324 -0.108184 0.000165593
FixedParameters: 0 0 0

#Transform 126
Transform: AffineTransform_float_3_3
Parameters: 0.999998 -0.000571497 -0.00201152 0.000566639 0.999996 -0.00249035 0.00201282 0.00248965 0.999995 -0.124705 -0.115836 -0.00758619
FixedParameters: 0 0 0

#Transform 127
Transform: AffineTransform_float_3_3
Parameters: 0.999998 -0.000309933 -0.00190264 0.000305127 0.999997 -0.00233368 0.00190345 0.00233331 0.999995 -0.10838 -0.137778 0.0399576
FixedParameters: 0 0 0

#Transform 128
Transform: AffineTransform_float_3_3
Parameters: 0.999998 -0.000706545 -0.00182599 0.000702976 0.999997 -0.0023904 0.00182783 0.0023896 0.999995 -0.118617 -0.135561 0.0380454
FixedParameters: 0 0 0

#Transform 129
Transform: AffineTransform_float_3_3
Parameters: 0.999996 -0.00108637 -0.00253117 0.00108006 0.999997 -0.00228496 0.0025336 0.00228304 0.999995 -0.11825 -0.0892346 0.00398724
FixedParameters: 0 0 0

#Transform 130
Transform: AffineTransform_float_3_3
Parameters: 0.999998 -0.000286742 -0.00166302 0.000284384 0.999999 -0.00130758 0.00166395 0.00130742 0.999998 -0.121039 -0.105434 -0.00467146
FixedParameters: 0 0 0

#Transform 131
Transform: AffineTransform_float_3_3
Parameters: 0.999998 -0.000190715 -0.00163302 0.000188133 0.999998 -0.0017045 0.00163394 0.0017045 0.999998 -0.117738 -0.101108 0.0408218
FixedParameters: 0 0 0

#Transform 132
Transform: AffineTransform_float_3_3
Parameters: 0.999998 -0.000602616 -0.00184022 0.000599435 0.999999 -0.00170121 0.00184155 0.00169979 0.999997 -0.139798 -0.0813261 -0.025507
FixedParameters: 0 0 0

#Transform 133
Transform: AffineTransform_float_3_3
Parameters: 0.999999 -0.000200478 -0.00152153 0.000198066 0.999999 -0.0014464 0.00152229 0.0014466 0.999998 -0.126193 -0.0878568 0.00899824
FixedParameters: 0 0 0

#Transform 134
Transform: AffineTransform_float_3_3
Parameters: 0.999999 -0.000174163 -0.00182711 0.000169751 0.999997 -0.00232241 0.00182728 0.00232258 0.999995 -0.127095 -0.080574 0.0506814
FixedParameters: 0 0 0

#Transform 135
Transform: AffineTransform_float_3_3
Parameters: 0.999998 -0.000188202 -0.00166977 0.000184805 0.999998 -0.00220941 0.00167097 0.0022086 0.999996 -0.127421 -0.0834785 0.03741
FixedParameters: 0 0 0

#Transform 136
Transform: AffineTransform_float_3_3
Parameters: 0.999998 -0.000272162 -0.0017016 0.000268766 0.999998 -0.00190256 0.00170191 0.00190244 0.999997 -0.150097 -0.0944402 -0.0260595
FixedParameters: 0 0 0

#Transform 137
Transform: AffineTransform_float_3_3
Parameters: 0.999997 -0.000776481 -0.00200608 0.000774521 0.999999 -0.00127976 0.00200635 0.00127824 0.999998 -0.155765 -0.101366 -0.0376059
FixedParameters: 0 0 0

#Transform 138
Transform: AffineTransform_float_3_3
Parameters: 0.999998 -0.000614926 -0.00179937 0.000611812 0.999998 -0.0014443 0.00180033 0.00144369 0.999998 -0.146412 -0.0936992 0.026956
FixedParameters: 0 0 0

#Transform 139
Transform: AffineTransform_float_3_3
Parameters: 0.999997 -0.000867329 -0.00227211 0.000863127 0.999998 -0.00160218 0.00227417 0.00160082 0.999997 -0.166969 -0.0737646 0.00850544
FixedParameters: 0 0 0

#Transform 140
Transform: AffineTransform_float_3_3
Parameters: 0.999996 -0.000852205 -0.00261802 0.000848276 0.999998 -0.00173752 0.00261945 0.00173448 0.999995 -0.162256 -0.10164 -0.0115091
FixedParameters: 0 0 0

#Transform 141
Transform: AffineTransform_float_3_3
Parameters: 0.999998 -0.000594969 -0.00200391 0.000592808 1 -0.00078829 0.00200494 0.000786708 0.999997 -0.164277 -0.104588 -0.030633
FixedParameters: 0 0 0

#Transform 142
Transform: AffineTransform_float_3_3
Parameters: 0.999998 -0.000744771 -0.00214281 0.000741626 0.999999 -0.00122079 0.00214382 0.00121921 0.999997 -0.16599 -0.0985274 -0.00498731
FixedParameters: 0 0 0

#Transform 143
Transform: AffineTransform_float_3_3
Parameters: 0.999999 -0.000498977 -0.00131891 0.000497578 0.999999 -0.00132075 0.00131942 0.00131925 0.999999 -0.138439 -0.08401 -0.0132753
FixedParameters: 0 0 0

#Transform 144
Transform: AffineTransform_float_3_3
Parameters: 0.999999 -0.000291442 -0.00136242 0.000290393 0.999999 -0.000784496 0.00136197 0.000784503 0.999999 -0.138797 -0.0748909 -0.0798769
FixedParameters: 0 0 0

#Transform 145
Transform: AffineTransform_float_3_3
Parameters: 0.999998 -0.000672814 -0.00150504 0.0006718 1 -0.000668021 0.00150603 0.000666979 0.999998 -0.142817 -0.0958361 -0.0906692
FixedParameters: 0 0 0

#Transform 146
Transform: AffineTransform_float_3_3
Parameters: 0.999998 -0.000267986 -0.00162029 0.000266903 0.999999 -0.000948626 0.00162098 0.000948374 0.999999 -0.151951 -0.099334 -0.024248
FixedParameters: 0 0 0

#Transform 147
Transform: AffineTransform_float_3_3
Parameters: 0.999999 -0.000473038 -0.00172421 0.00047042 0.999999 -0.00136391 0.00172468 0.00136309 0.999997 -0.171323 -0.0691892 0.00410231
FixedParameters: 0 0 0

#Transform 148
Transform: AffineTransform_float_3_3
Parameters: 0.999998 -0.00058244 -0.00190903 0.000579794 0.999999 -0.00123921 0.00190965 0.00123779 0.999997 -0.155383 -0.06653 0.00304609
FixedParameters: 0 0 0

#Transform 149
Transform: AffineTransform_float_3_3
Parameters: 0.999998 -0.000762639 -0.00183771 0.000761371 1 -0.00064151 0.00183778 0.000640491 0.999998 -0.160531 -0.0630644 0.0120454
FixedParameters: 0 0 0

#Transform 150
Transform: AffineTransform_float_3_3
Parameters: 0.999998 -0.000447154 -0.00160364 0.000445415 1 -0.000881817 0.00160352 0.000881184 0.999999 -0.117751 -0.0693099 -0.0299015
FixedParameters: 0 0 0

#Transform 151
Transform: AffineTransform_float_3_3
Parameters: 0.999999 -0.000413253 -0.0013826 0.000412862 1 -0.000895572 0.00138253 0.00089443 0.999998 -0.151947 -0.0950857 -0.0530854
FixedParameters: 0 0 0
