#Insight Transform File V1.0
#Transform 0
Transform: AffineTransform_float_3_3
Parameters: 1 0.000368878 -0.000576967 -0.000368686 0.999999 0.00117825 0.00057704 -0.00117875 0.999999 -0.000493694 0.0261145 -0.100286
FixedParameters: 0 0 0

#Transform 1
Transform: AffineTransform_float_3_3
Parameters: 0.999999 0.000580106 -0.00120843 -0.000579428 0.999999 0.000357917 0.00120787 -0.000357083 1 0.000307587 0.0373343 -0.206525
FixedParameters: 0 0 0

#Transform 2
Transform: AffineTransform_float_3_3
Parameters: 0.999999 0.000756838 -0.00021755 -0.000756606 0.999999 0.000959017 0.00021802 -0.000959983 0.999999 -0.00100727 0.0284988 -0.0814196
FixedParameters: 0 0 0

#Transform 3
Transform: AffineTransform_float_3_3
Parameters: 0.999999 0.000666254 -0.000634106 -0.000666403 1 0.000803275 0.00063438 -0.000803726 0.999999 0.00338752 0.0245155 -0.174016
FixedParameters: 0 0 0

#Transform 4
Transform: AffineTransform_float_3_3
Parameters: 1 0.000573891 -0.000200328 -0.000573604 0.999999 0.00117712 0.000200696 -0.00117689 1 0.00388783 -0.00980065 -0.0889033
FixedParameters: 0 0 0

#Transform 5
Transform: AffineTransform_float_3_3
Parameters: 1 0.000331186 -0.000607828 -0.000330548 1 0.000525201 0.000608176 -0.000524798 0.999999 0.0168666 0.0466927 -0.105799
FixedParameters: 0 0 0

#Transform 6
Transform: AffineTransform_float_3_3
Parameters: 1 0.000562044 -0.000198263 -0.000561868 1 0.000911929 0.000198305 -0.000912071 0.999999 -0.000406094 0.0168546 -0.167446
FixedParameters: 0 0 0

#Transform 7
Transform: AffineTransform_float_3_3
Parameters: 1 0.000413668 -0.000170305 -0.000413309 1 0.00105207 0.000171175 -0.00105193 1 -0.00825808 0.0125145 -0.0683897
FixedParameters: 0 0 0

#Transform 8
Transform: AffineTransform_float_3_3
Parameters: 1 0.000278588 0.000112435 -0.00027877 0.999999 0.000808968 -0.000111984 -0.000809031 0.999999 -0.0130657 0.0426845 -0.0682537
FixedParameters: 0 0 0

#Transform 9
Transform: AffineTransform_float_3_3
Parameters: 1 -6.56132e-05 0.000202652 6.54004e-05 1 0.000525013 -0.000202721 -0.000524987 1 0.010904 0.0301343 -0.0746972
FixedParameters: 0 0 0

#Transform 10
Transform: AffineTransform_float_3_3
Parameters: 0.999999 -0.000420683 0.000894352 0.000419744 1 0.000525375 -0.000894793 -0.000524623 0.999999 0.00591205 0.0284777 0.00126188
FixedParameters: 0 0 0

#Transform 11
Transform: AffineTransform_float_3_3
Parameters: 1 0.000133394 0.000664796 -0.000133109 1 0.000524911 -0.000664842 -0.000525089 0.999999 0.0137692 0.0647634 -0.0772492
FixedParameters: 0 0 0

#Transform 12
Transform: AffineTransform_float_3_3
Parameters: 0.999999 0.000594251 -0.000453116 -0.000594122 0.999999 0.000142304 0.000453285 -0.000142696 1 0.014777 0.0199272 -0.0361494
FixedParameters: 0 0 0

#Transform 13
Transform: AffineTransform_float_3_3
Parameters: 1 -0.00059914 -0.000231064 0.000599383 0.999999 0.000524861 0.000230434 -0.000525138 1 -0.0118397 0.0443296 0.0705969
FixedParameters: 0 0 0

#Transform 14
Transform: AffineTransform_float_3_3
Parameters: 1 0.000204129 -5.07483e-05 -0.000204112 1 0.00016201 5.08144e-05 -0.00016199 1 -0.00269663 0.0442873 -0.0899432
FixedParameters: 0 0 0

#Transform 15
Transform: AffineTransform_float_3_3
Parameters: 1 -0.000171627 0.000250987 0.00017106 1 0.00112904 -0.000251373 -0.00112896 1 -0.0196665 0.0195678 -0.0277051
FixedParameters: 0 0 0

#Transform 16
Transform: AffineTransform_float_3_3
Parameters: 1 0.000597251 -0.000102996 -0.000597017 0.999999 0.00112906 0.000104345 -0.00112894 1 -0.00404681 0.0470676 -0.0315724
FixedParameters: 0 0 0

#Transform 17
Transform: AffineTransform_float_3_3
Parameters: 1 3.60109e-05 -0.000100415 -3.59486e-05 1 0.000310004 0.000100438 -0.000309996 1 0.00729504 0.0386743 -0.0821702
FixedParameters: 0 0 0

#Transform 18
Transform: AffineTransform_float_3_3
Parameters: 1 -0.000399025 -0.000353481 0.000400121 0.999999 0.00128686 0.000353435 -0.00128714 0.999999 0.00631919 0.0205763 -0.00244052
FixedParameters: 0 0 0

#Transform 19
Transform: AffineTransform_float_3_3
Parameters: 0.999999 -0.000531918 -0.000766895 0.000532225 0.999999 0.000840775 0.000766185 -0.000841225 1 0.00279 0.070181 0.00330607
FixedParameters: 0 0 0

#Transform 20
Transform: AffineTransform_float_3_3
Parameters: 1 3.9264e-05 -0.000271036 -3.84833e-05 1 -0.000372955 0.000270821 0.000372045 1 0.017769 -0.00447507 0.0513887
FixedParameters: 0 0 0

#Transform 21
Transform: AffineTransform_float_3_3
Parameters: 1 0.000326527 -0.000189716 -0.000326305 1 0.000584062 0.000190097 -0.000583938 1 -0.00110146 0.0777835 -0.058398
FixedParameters: 0 0 0

#Transform 22
Transform: AffineTransform_float_3_3
Parameters: 0.999999 -0.00055874 0.00133986 0.00055693 0.999998 0.00147796 -0.0013409 -0.00147704 0.999998 -0.026799 -0.0153095 0.0015357
FixedParameters: 0 0 0

#Transform 23
Transform: AffineTransform_float_3_3
Parameters: 0.999999 -7.71661e-05 0.000935187 7.61172e-05 0.999998 0.00161125 -0.000935805 -0.00161075 0.999998 -0.0287605 0.0678785 -0.0204277
FixedParameters: 0 0 0

#Transform 24
Transform: AffineTransform_float_3_3
Parameters: 1 0.000262616 0.000422763 -0.000262627 0.999999 0.000955037 -0.00042343 -0.000953963 1 -0.0292815 0.048667 -0.12325
FixedParameters: 0 0 0

#Transform 25
Transform: AffineTransform_float_3_3
Parameters: 0.999999 -0.000435024 0.000816163 0.000433943 0.999999 0.00137739 -0.000816563 -0.00137761 0.999999 -0.0126969 0.0266426 -0.0171675
FixedParameters: 0 0 0

#Transform 26
Transform: AffineTransform_float_3_3
Parameters: 1 0.00015548 0.000382851 -0.000156058 0.999999 0.00075494 -0.000382616 -0.000755059 0.999999 -0.00482511 0.0503382 -0.151357
FixedParameters: 0 0 0

#Transform 27
Transform: AffineTransform_float_3_3
Parameters: 1 9.01249e-05 0.000580319 -9.1491e-05 0.999998 0.00202395 -0.000580137 -0.00202405 0.999998 -0.0183698 0.0135196 -0.0224455
FixedParameters: 0 0 0

#Transform 28
Transform: AffineTransform_float_3_3
Parameters: 1 5.36845e-05 0.000382672 -5.4276e-05 0.999999 0.000772979 -0.000382589 -0.00077302 0.999999 -0.0169036 0.0546116 -0.154699
FixedParameters: 0 0 0

#Transform 29
Transform: AffineTransform_float_3_3
Parameters: 1 -0.000216456 0.00104467 0.000215106 0.999998 0.00167544 -0.00104479 -0.00167556 0.999998 -0.0176371 -0.00629641 -0.0898944
FixedParameters: 0 0 0

#Transform 30
Transform: AffineTransform_float_3_3
Parameters: 0.999999 0.000302175 0.000795886 -0.000302803 1 0.00101176 -0.000795459 -0.00101224 0.999999 -0.0262544 0.0703135 -0.124386
FixedParameters: 0 0 0

#Transform 31
Transform: AffineTransform_float_3_3
Parameters: 1 0.000184305 0.00102051 -0.000185046 0.999999 0.00132581 -0.0010204 -0.00132619 0.999998 -0.00472136 0.0372887 -0.129634
FixedParameters: 0 0 0

#Transform 32
Transform: AffineTransform_float_3_3
Parameters: 1 0.000187469 0.000414588 -0.000187922 0.999998 0.0017321 -0.000414124 -0.0017319 0.999999 0.00588288 0.0311884 -0.061392
FixedParameters: 0 0 0

#Transform 33
Transform: AffineTransform_float_3_3
Parameters: 0.999999 -8.66197e-05 0.001276 8.5489e-05 0.999999 0.000828292 -0.00127633 -0.000827707 0.999999 -0.0126228 0.0491607 -0.0903704
FixedParameters: 0 0 0

#Transform 34
Transform: AffineTransform_float_3_3
Parameters: 0.999999 0.000281274 0.000909651 -0.000282437 1 0.000536926 -0.000910331 -0.000537074 1 0.00335033 0.0434397 -0.112746
FixedParameters: 0 0 0

#Transform 35
Transform: AffineTransform_float_3_3
Parameters: 0.999999 -0.000547452 0.00121204 0.00054628 1 0.000888698 -0.0012132 -0.000888302 0.999999 -0.0149946 0.0130457 -0.0178034
FixedParameters: 0 0 0

#Transform 36
Transform: AffineTransform_float_3_3
Parameters: 0.999999 -0.00064312 0.00124429 0.000642122 1 0.000870835 -0.00124461 -0.000870166 0.999999 -0.025896 0.0426531 0.0425704
FixedParameters: 0 0 0

#Transform 37
Transform: AffineTransform_float_3_3
Parameters: 0.999999 -0.000290768 0.000849507 0.000290797 1 0.000561247 -0.000850019 -0.000560753 0.999999 -0.0258432 0.064901 0.0355098
FixedParameters: 0 0 0

#Transform 38
Transform: AffineTransform_float_3_3
Parameters: 0.999999 0.000101932 0.000751119 -0.000102524 1 0.000393923 -0.000751038 -0.000394076 0.999999 -0.00911967 0.0655564 -0.105393
FixedParameters: 0 0 0

#Transform 39
Transform: AffineTransform_float_3_3
Parameters: 0.999999 -0.00067981 0.0010505 0.000678584 0.999999 0.00113975 -0.00105125 -0.00113925 0.999999 -0.00810395 0.0198016 0.021705
FixedParameters: 0 0 0

#Transform 40
Transform: AffineTransform_float_3_3
Parameters: 0.999999 7.60274e-05 0.00134613 -7.65312e-05 0.999999 0.00091708 -0.00134636 -0.00091692 0.999998 -0.0119342 0.0677712 -0.0692763
FixedParameters: 0 0 0

#Transform 41
Transform: AffineTransform_float_3_3
Parameters: 0.999998 -8.17356e-06 0.00194708 7.00563e-06 0.999999 0.000804414 -0.00194746 -0.000804586 0.999998 -0.0384605 0.0452467 0.00663661
FixedParameters: 0 0 0

#Transform 42
Transform: AffineTransform_float_3_3
Parameters: 0.999999 -0.000350223 0.00175608 0.000349692 0.999999 0.000711015 -0.00175695 -0.000709986 0.999999 -0.0354223 0.064969 0.0439651
FixedParameters: 0 0 0

#Transform 43
Transform: AffineTransform_float_3_3
Parameters: 0.999999 -0.000549355 0.00137246 0.000548963 0.999999 0.000500971 -0.0013732 -0.000500029 0.999999 -0.0327144 0.0722654 0.0552437
FixedParameters: 0 0 0

#Transform 44
Transform: AffineTransform_float_3_3
Parameters: 0.999999 -0.000377826 0.00168726 0.000377693 1 0.000330854 -0.0016877 -0.000330146 0.999998 -0.0350132 0.046976 -0.00746667
FixedParameters: 0 0 0

#Transform 45
Transform: AffineTransform_float_3_3
Parameters: 0.999998 -0.000869854 0.0015156 0.000870865 0.999999 -0.000657612 -0.00151427 0.000658387 0.999999 -0.0288572 0.0553867 0.187964
FixedParameters: 0 0 0

#Transform 46
Transform: AffineTransform_float_3_3
Parameters: 0.999999 -0.000698211 0.00138193 0.000698015 0.999999 -0.000283819 -0.00138135 0.000285182 0.999999 -0.0242668 0.0766841 0.173712
FixedParameters: 0 0 0

#Transform 47
Transform: AffineTransform_float_3_3
Parameters: 0.999999 0.000121782 0.00156561 -0.000121815 1 1.00262e-05 -0.00156561 -1.09738e-05 0.999999 -0.0131292 0.118642 -0.0297515
FixedParameters: 0 0 0

#Transform 48
Transform: AffineTransform_float_3_3
Parameters: 0.999999 -0.00109956 0.00148315 0.00110001 1 -0.000152334 -0.00148281 0.000154665 0.999999 -0.0116888 0.0329341 0.157721
FixedParameters: 0 0 0

#Transform 49
Transform: AffineTransform_float_3_3
Parameters: 0.999999 -0.000771062 0.00131266 0.00077021 1 0.000325046 -0.00131316 -0.000323954 0.999999 -0.0102865 0.0921412 0.142595
FixedParameters: 0 0 0

#Transform 50
Transform: AffineTransform_float_3_3
Parameters: 0.999999 -0.00045643 0.0012046 0.000456106 1 0.000134766 -0.00120472 -0.000134233 1 -0.0138535 0.103867 0.102479
FixedParameters: 0 0 0

#Transform 51
Transform: AffineTransform_float_3_3
Parameters: 0.999999 -0.000122697 0.00148454 0.000122298 1 0.000134399 -0.00148457 -0.000134601 0.999999 -0.0111599 0.0868482 0.0222586
FixedParameters: 0 0 0

#Transform 52
Transform: AffineTransform_float_3_3
Parameters: 0.999999 -0.000607178 0.00139792 0.000606802 0.999999 0.000135065 -0.00139809 -0.000133934 0.999999 -0.00756213 0.0792632 0.126247
FixedParameters: 0 0 0

#Transform 53
Transform: AffineTransform_float_3_3
Parameters: 0.999999 -0.000817977 0.00133372 0.0008171 1 0.000329125 -0.00133425 -0.000327875 0.999999 -0.0060097 0.0916701 0.0931522
FixedParameters: 0 0 0

#Transform 54
Transform: AffineTransform_float_3_3
Parameters: 0.999998 -0.000684393 0.00184749 0.000685468 1 -0.000290665 -0.00184709 0.000291334 0.999998 -0.00877896 0.0929227 0.0308604
FixedParameters: 0 0 0

#Transform 55
Transform: AffineTransform_float_3_3
Parameters: 0.999997 -0.00118132 0.00225231 0.0011825 0.999999 -0.000518052 -0.00225188 0.000520947 0.999997 -0.0376801 0.0548474 0.176429
FixedParameters: 0 0 0

#Transform 56
Transform: AffineTransform_float_3_3
Parameters: 0.999996 -0.000692506 0.00271219 0.000693418 1 -0.000382653 -0.00271245 0.000384348 0.999996 -0.0482357 0.0738088 0.169967
FixedParameters: 0 0 0

#Transform 57
Transform: AffineTransform_float_3_3
Parameters: 0.999998 0.000215543 0.00232542 -0.000215457 1 -1.89193e-05 -0.00232543 1.80806e-05 0.999998 -0.0262081 0.129626 -0.0584254
FixedParameters: 0 0 0

#Transform 58
Transform: AffineTransform_float_3_3
Parameters: 0.999997 -0.000932713 0.00225705 0.00093247 1 0.000272391 -0.00225775 -0.000270609 0.999997 -0.0349707 0.0134511 0.120292
FixedParameters: 0 0 0

#Transform 59
Transform: AffineTransform_float_3_3
Parameters: 0.999998 -0.000541706 0.00183824 0.00054161 0.999999 0.000344247 -0.00183781 -0.000343753 0.999998 -0.0252356 0.08281 0.115307
FixedParameters: 0 0 0

#Transform 60
Transform: AffineTransform_float_3_3
Parameters: 0.999998 -0.000178913 0.00193099 0.000179334 1 -0.000363255 -0.00193067 0.000363745 0.999998 -0.024815 0.106983 0.137104
FixedParameters: 0 0 0

#Transform 61
Transform: AffineTransform_float_3_3
Parameters: 0.999998 -0.000500799 0.00204602 0.000501828 0.999999 -0.00053654 -0.00204628 0.00053746 0.999998 -0.0293641 0.0836784 0.106717
FixedParameters: 0 0 0

#Transform 62
Transform: AffineTransform_float_3_3
Parameters: 0.999997 -1.5164e-05 0.00237533 1.63832e-05 1 -0.000463381 -0.00237513 0.000463619 0.999997 -0.0496374 0.0961993 0.212383
FixedParameters: 0 0 0

#Transform 63
Transform: AffineTransform_float_3_3
Parameters: 0.999997 0.000107915 0.00243543 -0.000107161 1 -0.00035668 -0.00243532 0.00035632 0.999997 -0.0223139 0.152264 -0.00729739
FixedParameters: 0 0 0

#Transform 64
Transform: AffineTransform_float_3_3
Parameters: 0.999997 -0.00107661 0.00248524 0.00107819 0.999999 -0.000748855 -0.00248424 0.000752145 0.999997 -0.0457682 0.0386818 0.253419
FixedParameters: 0 0 0

#Transform 65
Transform: AffineTransform_float_3_3
Parameters: 0.999999 -0.000233989 0.00174067 0.000233768 1 6.36239e-05 -0.0017407 -6.33758e-05 0.999998 -0.0116259 0.143817 0.0813839
FixedParameters: 0 0 0

#Transform 66
Transform: AffineTransform_float_3_3
Parameters: 0.999998 -0.000256884 0.00160768 0.000257072 1 -5.83699e-05 -0.00160765 5.86299e-05 0.999999 -0.0111308 0.100584 0.0448584
FixedParameters: 0 0 0

#Transform 67
Transform: AffineTransform_float_3_3
Parameters: 0.999997 -0.000931049 0.00219991 0.000933683 0.999999 -0.00135266 -0.00219879 0.00135434 0.999997 -0.035495 0.073824 0.256221
FixedParameters: 0 0 0

#Transform 68
Transform: AffineTransform_float_3_3
Parameters: 0.999998 -0.000687347 0.0017411 0.00068711 0.999999 -0.000213552 -0.00174062 0.000214448 0.999998 -0.035921 0.15269 0.199131
FixedParameters: 0 0 0

#Transform 69
Transform: AffineTransform_float_3_3
Parameters: 0.999999 -0.000286735 0.00150512 0.000288571 0.999999 -0.00126335 -0.00150402 0.00126365 0.999998 -0.0207848 0.0909917 0.0750792
FixedParameters: 0 0 0

#Transform 70
Transform: AffineTransform_float_3_3
Parameters: 0.999998 -0.00109385 0.00167278 0.00109387 0.999999 0.000288899 -0.00167359 -0.000287101 0.999998 -0.0247555 0.0749636 0.189285
FixedParameters: 0 0 0

#Transform 71
Transform: AffineTransform_float_3_3
Parameters: 0.999997 -4.5124e-07 0.0021974 6.35399e-07 1 -0.0002656 -0.00219721 0.000265401 0.999997 -0.0149141 0.136822 0.00972873
FixedParameters: 0 0 0

#Transform 72
Transform: AffineTransform_float_3_3
Parameters: 0.999997 -0.000377888 0.00250555 0.000376811 1 0.000215561 -0.00250571 -0.000214437 0.999997 -0.0374934 0.0776483 0.180267
FixedParameters: 0 0 0

#Transform 73
Transform: AffineTransform_float_3_3
Parameters: 1 0.000219412 0.000477585 -0.000219551 1 0.000145895 -0.000477521 -0.000146105 1 0.0215148 0.13452 0.0931005
FixedParameters: 0 0 0

#Transform 74
Transform: AffineTransform_float_3_3
Parameters: 0.999997 -0.000747055 0.00263302 0.000746225 1 0.000380435 -0.00263279 -0.000378566 0.999996 -0.0362664 0.0990659 -0.0281348
FixedParameters: 0 0 0

#Transform 75
Transform: AffineTransform_float_3_3
Parameters: 0.999996 -0.000369047 0.00256131 0.000366638 1 0.000890376 -0.00256135 -0.000889624 0.999996 -0.0382848 0.0974219 0.111508
FixedParameters: 0 0 0

#Transform 76
Transform: AffineTransform_float_3_3
Parameters: 0.999996 -0.000368517 0.00256138 0.000366186 1 0.000683374 -0.00256109 -0.000682625 0.999996 -0.0162109 0.0965871 0.067995
FixedParameters: 0 0 0

#Transform 77
Transform: AffineTransform_float_3_3
Parameters: 0.999998 -0.000466132 0.00204345 0.000464076 1 0.000744167 -0.00204433 -0.000742832 0.999997 -0.0242933 0.114953 0.110592
FixedParameters: 0 0 0

#Transform 78
Transform: AffineTransform_float_3_3
Parameters: 0.999999 2.15896e-05 0.00146943 -2.18472e-05 1 0.000422151 -0.0014696 -0.00042185 0.999999 -0.0150018 0.0927486 0.0951669
FixedParameters: 0 0 0

#Transform 79
Transform: AffineTransform_float_3_3
Parameters: 0.999999 6.27708e-06 0.00123939 -6.16802e-06 1 -4.38252e-05 -0.0012394 4.41747e-05 0.999999 0.0118099 0.115046 0.0333558
FixedParameters: 0 0 0

#Transform 80
Transform: AffineTransform_float_3_3
Parameters: 0.999998 -0.000740758 0.00216616 0.000740624 1 3.18558e-05 -0.00216621 -3.01441e-05 0.999998 -0.027283 0.0942046 0.242328
FixedParameters: 0 0 0

#Transform 81
Transform: AffineTransform_float_3_3
Parameters: 0.999997 -2.83448e-05 0.00214945 2.7425e-05 1 0.000442459 -0.00214966 -0.000442541 0.999997 -0.0149897 0.164926 0.0752389
FixedParameters: 0 0 0

#Transform 82
Transform: AffineTransform_float_3_3
Parameters: 0.999998 -0.00020887 0.00223874 0.0002089 1 -4.80986e-05 -0.0022397 4.79017e-05 0.999997 -0.030174 0.0993883 0.114243
FixedParameters: 0 0 0

#Transform 83
Transform: AffineTransform_float_3_3
Parameters: 0.999998 -0.000433216 0.00205373 0.000432093 0.999999 0.000513288 -0.00205436 -0.000511712 0.999998 -0.0136353 0.129461 0.177295
FixedParameters: 0 0 0

#Transform 84
Transform: AffineTransform_float_3_3
Parameters: 0.999997 8.70061e-05 0.0024484 -8.71946e-05 1 3.83684e-05 -0.0024484 -3.86314e-05 0.999997 -0.0280168 0.141964 0.00187933
FixedParameters: 0 0 0

#Transform 85
Transform: AffineTransform_float_3_3
Parameters: 0.999999 -3.05616e-05 0.00183326 2.86749e-05 0.999999 0.000782453 -0.00183349 -0.000782546 0.999998 -0.0111013 0.0940449 0.139834
FixedParameters: 0 0 0

#Transform 86
Transform: AffineTransform_float_3_3
Parameters: 0.999999 -2.67523e-05 0.00184998 2.61716e-05 1 0.000422449 -0.00185019 -0.000422552 0.999999 -0.0233331 0.138077 0.205489
FixedParameters: 0 0 0

#Transform 87
Transform: AffineTransform_float_3_3
Parameters: 0.999997 -0.000789424 0.00200542 0.000789343 1 2.08344e-05 -0.00200545 -1.91655e-05 0.999998 -0.0252572 0.130753 0.2688
FixedParameters: 0 0 0

#Transform 88
Transform: AffineTransform_float_3_3
Parameters: 0.999998 -9.86534e-05 0.00230151 9.90228e-05 1 -0.000334157 -0.00230224 0.000333844 0.999998 -0.0235916 0.13434 0.13547
FixedParameters: 0 0 0

#Transform 89
Transform: AffineTransform_float_3_3
Parameters: 0.999998 -0.000676639 0.00184505 0.000676888 1 -0.000333683 -0.00184441 0.000334318 0.999998 -0.0165991 0.116925 0.23023
FixedParameters: 0 0 0

#Transform 90
Transform: AffineTransform_float_3_3
Parameters: 0.999998 0.00017139 0.00199377 -0.000171942 1 0.000385023 -0.00199382 -0.000384978 0.999998 0.00912223 0.170706 0.0600384
FixedParameters: 0 0 0

#Transform 91
Transform: AffineTransform_float_3_3
Parameters: 0.999999 -4.1059e-05 0.00177137 4.05896e-05 1 0.000132289 -0.00177138 -0.00013271 0.999998 -0.00411067 0.100999 0.136531
FixedParameters: 0 0 0

#Transform 92
Transform: AffineTransform_float_3_3
Parameters: 0.999998 -6.61882e-05 0.00164066 6.48461e-05 1 0.000409289 -0.00164072 -0.000408709 0.999998 0.00220953 0.137553 0.135157
FixedParameters: 0 0 0

#Transform 93
Transform: AffineTransform_float_3_3
Parameters: 0.999998 -0.000219294 0.00174076 0.00021787 1 0.000409562 -0.00174094 -0.000408436 0.999998 -0.0290101 0.13537 0.171567
FixedParameters: 0 0 0

#Transform 94
Transform: AffineTransform_float_3_3
Parameters: 0.999998 0.000236932 0.00191526 -0.000237516 1 0.000408911 -0.00191525 -0.00040909 0.999998 -0.0382518 0.129506 0.154663
FixedParameters: 0 0 0

#Transform 95
Transform: AffineTransform_float_3_3
Parameters: 0.999998 0.000149208 0.00225462 -0.000148168 1 -0.000448754 -0.00225457 0.000448247 0.999998 -0.0568348 0.130537 0.186242
FixedParameters: 0 0 0

#Transform 96
Transform: AffineTransform_float_3_3
Parameters: 0.999997 -0.000385152 0.00235554 0.000385572 1 -8.86581e-05 -0.00235547 8.93412e-05 0.999997 -0.0571805 0.144847 0.303044
FixedParameters: 0 0 0

#Transform 97
Transform: AffineTransform_float_3_3
Parameters: 0.999997 -0.000253554 0.00211935 0.000255404 0.999999 -0.00066806 -0.00211883 0.000668938 0.999997 -0.047945 0.168592 0.139076
FixedParameters: 0 0 0

#Transform 98
Transform: AffineTransform_float_3_3
Parameters: 0.999996 3.13207e-05 0.00258724 -3.0485e-05 1 -0.000161498 -0.00258725 0.000161501 0.999996 -0.0490512 0.140782 0.287626
FixedParameters: 0 0 0

#Transform 99
Transform: AffineTransform_float_3_3
Parameters: 0.999998 -0.000371826 0.00208356 0.000372508 1 -0.000398825 -0.00208308 0.000400175 0.999998 -0.0416155 0.15982 0.286283
FixedParameters: 0 0 0

#Transform 100
Transform: AffineTransform_float_3_3
Parameters: 0.999997 -0.000310254 0.00268961 0.000311671 1 -0.000297546 -0.00269041 0.000298452 0.999996 -0.0369724 0.169907 0.22826
FixedParameters: 0 0 0

#Transform 101
Transform: AffineTransform_float_3_3
Parameters: 0.999995 -8.84822e-05 0.00295848 9.19913e-05 1 -0.000955968 -0.00295892 0.000957031 0.999995 -0.0642851 0.150924 0.31399
FixedParameters: 0 0 0

#Transform 102
Transform: AffineTransform_float_3_3
Parameters: 0.999995 -0.000136366 0.00308381 0.000135225 1 0.000185399 -0.00308386 -0.000184599 0.999996 -0.0541911 0.151674 0.249434
FixedParameters: 0 0 0

#Transform 103
Transform: AffineTransform_float_3_3
Parameters: 0.999994 -0.000473756 0.00325653 0.000473446 1 4.83753e-05 -0.00325658 -4.66243e-05 0.999995 -0.053983 0.155738 0.254622
FixedParameters: 0 0 0

#Transform 104
Transform: AffineTransform_float_3_3
Parameters: 0.999995 -5.24716e-05 0.00316474 5.31567e-05 1 4.71496e-05 -0.00316493 -4.6853e-05 0.999995 -0.0450632 0.144263 0.134819
FixedParameters: 0 0 0

#Transform 105
Transform: AffineTransform_float_3_3
Parameters: 0.999994 -0.000219945 0.00326453 0.000219456 1 7.56979e-05 -0.00326457 -7.43012e-05 0.999995 -0.0544894 0.142093 0.19133
FixedParameters: 0 0 0

#Transform 106
Transform: AffineTransform_float_3_3
Parameters: 0.999995 -0.000678741 0.00329069 0.000679883 1 -0.000349897 -0.00329101 0.000352103 0.999995 -0.0687179 0.148861 0.34849
FixedParameters: 0 0 0

#Transform 107
Transform: AffineTransform_float_3_3
Parameters: 0.999995 3.99051e-06 0.00309396 -4.07535e-06 1 0.000172935 -0.00309414 -0.000172067 0.999995 -0.0460564 0.179177 0.16891
FixedParameters: 0 0 0

#Transform 108
Transform: AffineTransform_float_3_3
Parameters: 0.999995 -0.000210926 0.00320531 0.000213101 0.999999 -0.000521304 -0.00320589 0.000521694 0.999995 -0.0676137 0.124488 0.146682
FixedParameters: 0 0 0

#Transform 109
Transform: AffineTransform_float_3_3
Parameters: 0.999995 0.000162261 0.0033339 -0.000162347 1 -0.000134595 -0.00333376 0.000134406 0.999994 -0.0481165 0.180584 0.0286784
FixedParameters: 0 0 0

#Transform 110
Transform: AffineTransform_float_3_3
Parameters: 0.999996 -0.000297784 0.00302647 0.000296595 0.999999 0.000521698 -0.00302715 -0.000520302 0.999995 -0.0432223 0.128895 0.344241
FixedParameters: 0 0 0

#Transform 111
Transform: AffineTransform_float_3_3
Parameters: 0.999996 7.42176e-05 0.00285532 -7.15152e-05 1 -0.000989626 -0.00285491 0.000989374 0.999995 -0.0484649 0.20147 0.138273
FixedParameters: 0 0 0

#Transform 112
Transform: AffineTransform_float_3_3
Parameters: 0.999999 0.000492348 0.00168499 -0.000493409 1 0.0006065 -0.00168458 -0.0006065 0.999999 -0.0399632 0.154627 0.311822
FixedParameters: 0 0 0

#Transform 113
Transform: AffineTransform_float_3_3
Parameters: 0.999999 0.000585814 0.00176911 -0.000586617 1 0.000451328 -0.00176974 -0.000452673 0.999999 -0.0505436 0.183696 0.0968998
FixedParameters: 0 0 0

#Transform 114
Transform: AffineTransform_float_3_3
Parameters: 0.999995 -0.000703047 0.0028627 0.00070119 1 0.000496695 -0.00286358 -0.000495304 0.999996 -0.0848287 0.142654 0.467794
FixedParameters: 0 0 0

#Transform 115
Transform: AffineTransform_float_3_3
Parameters: 0.999997 -6.95543e-05 0.00251773 6.99547e-05 1 -7.92423e-05 -0.00251772 7.97571e-05 0.999997 -0.0488697 0.187452 0.223439
FixedParameters: 0 0 0

#Transform 116
Transform: AffineTransform_float_3_3
Parameters: 0.999998 -0.000105841 0.00223745 0.000104976 1 0.000193635 -0.00223749 -0.000193364 0.999997 -0.0528461 0.139805 0.214932
FixedParameters: 0 0 0

#Transform 117
Transform: AffineTransform_float_3_3
Parameters: 0.999996 -8.31824e-05 0.00281964 8.37365e-05 1 -0.000272001 -0.0028194 0.000273 0.999996 -0.0648262 0.161314 0.300244
FixedParameters: 0 0 0

#Transform 118
Transform: AffineTransform_float_3_3
Parameters: 0.999997 0.000208427 0.00270739 -0.000208164 1 -4.87996e-05 -0.00270741 4.82001e-05 0.999997 -0.039321 0.216001 0.107826
FixedParameters: 0 0 0

#Transform 119
Transform: AffineTransform_float_3_3
Parameters: 0.999997 3.69191e-05 0.00265091 -3.96231e-05 0.999999 0.000730662 -0.00265005 -0.000730336 0.999996 -0.0513509 0.128871 0.225889
FixedParameters: 0 0 0

#Transform 120
Transform: AffineTransform_float_3_3
Parameters: 0.999996 -0.000255624 0.00260163 0.000255174 1 8.72459e-05 -0.00260167 -8.57534e-05 0.999996 -0.0492842 0.174258 0.240057
FixedParameters: 0 0 0

#Transform 121
Transform: AffineTransform_float_3_3
Parameters: 0.999997 2.11969e-07 0.0025422 2.10036e-07 1 -8.33835e-05 -0.0025422 8.2616e-05 0.999997 -0.0605263 0.147667 0.250483
FixedParameters: 0 0 0

#Transform 122
Transform: AffineTransform_float_3_3
Parameters: 0.999997 9.39352e-05 0.00245729 -9.38049e-05 1 -2.66488e-05 -0.0024573 2.6351e-05 0.999997 -0.0619397 0.178181 0.228689
FixedParameters: 0 0 0

#Transform 123
Transform: AffineTransform_float_3_3
Parameters: 0.999997 0.000125884 0.00267501 -0.000126846 1 0.000363426 -0.0026751 -0.000363574 0.999997 -0.0624815 0.169183 0.26701
FixedParameters: 0 0 0

#Transform 124
Transform: AffineTransform_float_3_3
Parameters: 0.999997 -0.000189784 0.0026441 0.000188945 1 0.000159082 -0.00264416 -0.000157917 0.999996 -0.0622441 0.16624 0.276741
FixedParameters: 0 0 0

#Transform 125
Transform: AffineTransform_float_3_3
Parameters: 0.999996 0.000168845 0.00279002 -0.000170088 1 0.000399257 -0.00279007 -0.000398743 0.999996 -0.0592482 0.172826 0.154222
FixedParameters: 0 0 0

#Transform 126
Transform: AffineTransform_float_3_3
Parameters: 0.999998 0.000738001 0.0021595 -0.000738556 1 -0.000100048 -0.00215946 9.79539e-05 0.999998 -0.071718 0.131975 0.173151
FixedParameters: 0 0 0

#Transform 127
Transform: AffineTransform_float_3_3
Parameters: 0.999995 6.11726e-05 0.00310753 -6.1924e-05 1 0.00027879 -0.00310768 -0.00027921 0.999995 -0.0732999 0.19124 0.3204
FixedParameters: 0 0 0

#Transform 128
Transform: AffineTransform_float_3_3
Parameters: 0.999995 7.9912e-05 0.00319493 -7.81982e-05 1 -0.000422271 -0.00319481 0.000421728 0.999995 -0.0816465 0.155727 0.25599
FixedParameters: 0 0 0

#Transform 129
Transform: AffineTransform_float_3_3
Parameters: 0.999994 6.14561e-05 0.00344035 -6.22061e-05 1 0.00010895 -0.00344033 -0.000109049 0.999994 -0.0820929 0.183004 0.342419
FixedParameters: 0 0 0

#Transform 130
Transform: AffineTransform_float_3_3
Parameters: 0.999995 -0.000137424 0.00292654 0.000137682 1 -0.000211799 -0.0029263 0.000212202 0.999996 -0.0552699 0.188009 0.310707
FixedParameters: 0 0 0

#Transform 131
Transform: AffineTransform_float_3_3
Parameters: 0.999997 -0.000285782 0.00212202 0.000286197 1 -9.79591e-05 -0.00212197 9.80404e-05 0.999998 -0.0486322 0.180502 0.296712
FixedParameters: 0 0 0

#Transform 132
Transform: AffineTransform_float_3_3
Parameters: 0.999997 -0.000322328 0.00219143 0.000324277 0.999999 -0.000668675 -0.00219082 0.000669324 0.999998 -0.0387953 0.175775 0.214595
FixedParameters: 0 0 0

#Transform 133
Transform: AffineTransform_float_3_3
Parameters: 0.999997 -0.000270017 0.00243311 0.000268773 1 0.000458237 -0.00243354 -0.000456762 0.999997 -0.0564857 0.169651 0.330526
FixedParameters: 0 0 0

#Transform 134
Transform: AffineTransform_float_3_3
Parameters: 0.999997 0.000291369 0.00248209 -0.000291433 1 -0.000185177 -0.00248201 0.000184825 0.999997 -0.0608258 0.188518 0.154424
FixedParameters: 0 0 0

#Transform 135
Transform: AffineTransform_float_3_3
Parameters: 0.999997 -0.000130401 0.00272361 0.000130774 1 -6.78799e-05 -0.00272359 6.91197e-05 0.999997 -0.0748749 0.160758 0.348238
FixedParameters: 0 0 0

#Transform 136
Transform: AffineTransform_float_3_3
Parameters: 0.999993 -8.97421e-05 0.00371464 8.70178e-05 1 0.000788527 -0.00371435 -0.000788474 0.999993 -0.0800784 0.192856 0.183453
FixedParameters: 0 0 0

#Transform 137
Transform: AffineTransform_float_3_3
Parameters: 0.999995 0.000280155 0.00321272 -0.000280616 1 0.000377047 -0.00321288 -0.000377955 0.999995 -0.0638845 0.177471 0.107111
FixedParameters: 0 0 0

#Transform 138
Transform: AffineTransform_float_3_3
Parameters: 0.999995 0.000141064 0.00292149 -0.00014172 1 0.000280351 -0.0029216 -0.000280649 0.999995 -0.0624026 0.156006 0.311647
FixedParameters: 0 0 0

#Transform 139
Transform: AffineTransform_float_3_3
Parameters: 0.999995 0.000205527 0.00296123 -0.000206061 1 0.000287155 -0.00296031 -0.000287845 0.999995 -0.0605324 0.187716 0.225225
FixedParameters: 0 0 0

#Transform 140
Transform: AffineTransform_float_3_3
Parameters: 0.999996 -0.000175487 0.00258908 0.000177353 1 -0.000739928 -0.00258845 0.000740074 0.999997 -0.0669144 0.152199 0.295308
FixedParameters: 0 0 0

#Transform 141
Transform: AffineTransform_float_3_3
Parameters: 0.999997 0.000421859 0.00267617 -0.000423547 1 0.000498598 -0.00267593 -0.000499401 0.999996 -0.0781689 0.186292 0.220445
FixedParameters: 0 0 0

#Transform 142
Transform: AffineTransform_float_3_3
Parameters: 0.999996 0.000615322 0.00298262 -0.000615614 1 4.80763e-05 -0.00298256 -4.99233e-05 0.999996 -0.078834 0.145109 0.160864
FixedParameters: 0 0 0

#Transform 143
Transform: AffineTransform_float_3_3
Parameters: 0.999996 0.000145232 0.00287077 -0.00014687 1 0.000456344 -0.00287082 -0.000456654 0.999996 -0.0757956 0.17728 0.292871
FixedParameters: 0 0 0

#Transform 144
Transform: AffineTransform_float_3_3
Parameters: 0.999997 0.000327456 0.00265027 -0.00032806 1 0.000113861 -0.00265019 -0.000114139 0.999997 -0.0610446 0.184128 0.176074
FixedParameters: 0 0 0

#Transform 145
Transform: AffineTransform_float_3_3
Parameters: 0.999997 0.000531659 0.00249266 -0.000533393 1 0.000544219 -0.00249227 -0.000545779 0.999996 -0.0431716 0.169254 0.229458
FixedParameters: 0 0 0

#Transform 146
Transform: AffineTransform_float_3_3
Parameters: 0.999996 0.000268943 0.0026176 -0.000268412 1 -0.000101939 -0.00261766 0.000101061 0.999997 -0.0791976 0.19683 0.329988
FixedParameters: 0 0 0

#Transform 147
Transform: AffineTransform_float_3_3
Parameters: 0.999996 0.000401532 0.00303931 -0.000402016 1 -8.23101e-05 -0.00303919 8.16923e-05 0.999996 -0.0621051 0.193243 0.149801
FixedParameters: 0 0 0

#Transform 148
Transform: AffineTransform_float_3_3
Parameters: 0.999995 0.00041941 0.0031427 -0.000421162 1 0.000434591 -0.00314252 -0.000435408 0.999995 -0.0800736 0.145221 0.252357
FixedParameters: 0 0 0

#Transform 149
Transform: AffineTransform_float_3_3
Parameters: 0.999995 0.00040798 0.00307975 -0.000408824 1 0.000295689 -0.00307969 -0.000297311 0.999995 -0.0864177 0.207097 0.341559
FixedParameters: 0 0 0

#Transform 150
Transform: AffineTransform_float_3_3
Parameters: 0.999995 0.000402992 0.00331686 -0.000402683 1 -4.72068e-05 -0.0033169 4.57927e-05 0.999995 -0.0831795 0.182689 0.131657
FixedParameters: 0 0 0

#Transform 151
Transform: AffineTransform_float_3_3
Parameters: 0.999995 0.000415772 0.00312197 -0.000417984 1 0.00066861 -0.00312179 -0.000669389 0.999995 -0.0763073 0.185607 0.3591
FixedParameters: 0 0 0
