#Insight Transform File V1.0
#Transform 0
Transform: AffineTransform_float_3_3
Parameters: 0.999999 -0.000611429 0.000688508 0.000612572 1 -0.000830579 -0.000688492 0.000830422 1 0.0185907 -0.072378 -0.0386834
FixedParameters: 0 0 0

#Transform 1
Transform: AffineTransform_float_3_3
Parameters: 0.999999 -0.000611703 0.000592305 0.000612295 0.999999 -0.000499637 -0.000591693 0.000500362 0.999999 0.0168379 -0.0587603 -0.0946963
FixedParameters: 0 0 0

#Transform 2
Transform: AffineTransform_float_3_3
Parameters: 1 -0.000612495 0.000938678 0.000612505 0.999999 0.000527575 -0.000938323 -0.000526426 1 0.0275644 -0.0643126 0.00374754
FixedParameters: 0 0 0

#Transform 3
Transform: AffineTransform_float_3_3
Parameters: 1 -0.000921101 0.000439789 0.000920899 0.999999 0.000229405 -0.000440212 -0.000229595 1 0.0278099 -0.0390459 -0.000211256
FixedParameters: 0 0 0

#Transform 4
Transform: AffineTransform_float_3_3
Parameters: 0.999999 -0.000917999 0.000341002 0.000918 0.999999 -1.68696e-06 -0.000340999 1.31304e-06 1 0.013595 -0.0294254 -0.0587027
FixedParameters: 0 0 0

#Transform 5
Transform: AffineTransform_float_3_3
Parameters: 0.999999 -0.000835234 0.000535634 0.000834764 0.999999 0.000438447 -0.000536366 -0.000438552 1 0.0145968 -0.0454393 -0.0160434
FixedParameters: 0 0 0

#Transform 6
Transform: AffineTransform_float_3_3
Parameters: 0.999999 -0.000933082 0.000146478 0.000932918 1 0.000559137 -0.000147522 -0.000559863 1 0.0101749 -0.0403218 0.0121226
FixedParameters: 0 0 0

#Transform 7
Transform: AffineTransform_float_3_3
Parameters: 1 -0.00113675 0.000129184 0.00113725 0.999998 -0.00192086 -0.000126816 0.00192115 0.999998 0.0167223 -0.0443556 -0.0403644
FixedParameters: 0 0 0

#Transform 8
Transform: AffineTransform_float_3_3
Parameters: 1 -0.00113677 0.000202299 0.00113723 0.999998 -0.00114277 -0.0002017 0.00114323 1 0.0113922 -0.0728617 -0.0528846
FixedParameters: 0 0 0

#Transform 9
Transform: AffineTransform_float_3_3
Parameters: 0.999999 -0.00150092 -0.000488186 0.00150008 0.999997 -0.00187574 0.000490814 0.00187527 0.999998 0.0135502 -0.121274 -0.0220219
FixedParameters: 0 0 0

#Transform 10
Transform: AffineTransform_float_3_3
Parameters: 1 -0.000922919 -0.000613632 0.00092008 0.999989 -0.00474057 0.000618368 0.00473943 0.999988 0.00676193 -0.106549 -0.0491884
FixedParameters: 0 0 0

#Transform 11
Transform: AffineTransform_float_3_3
Parameters: 1 -0.000531114 -5.38858e-05 0.000530885 0.999997 -0.00209803 5.51139e-05 0.00209797 0.999998 -0.020476 -0.0769623 -0.0473067
FixedParameters: 0 0 0

#Transform 12
Transform: AffineTransform_float_3_3
Parameters: 1 -0.000489914 0.000143294 0.000490086 0.999999 -0.00059993 -0.000143706 0.00059907 1 0.000247097 -0.0617217 0.0129585
FixedParameters: 0 0 0

#Transform 13
Transform: AffineTransform_float_3_3
Parameters: 1 -0.000521723 0.000330437 0.000522276 0.999999 -0.000836827 -0.000330563 0.000837172 0.999999 0.00084435 -0.0394176 -0.0309873
FixedParameters: 0 0 0

#Transform 14
Transform: AffineTransform_float_3_3
Parameters: 1 -0.000352112 0.000274857 0.000351888 1 0.000406097 -0.000275143 -0.000405903 1 -0.01643 -0.0401606 0.0250863
FixedParameters: 0 0 0

#Transform 15
Transform: AffineTransform_float_3_3
Parameters: 1 -0.000371149 0.000443876 0.000370851 1 0.000335165 -0.000444124 -0.000335835 1 0.00307195 -0.0305331 0.0723529
FixedParameters: 0 0 0

#Transform 16
Transform: AffineTransform_float_3_3
Parameters: 1 -0.0002199 0.000323068 0.0002201 1 -0.000308929 -0.000322932 0.000308071 1 -0.00377728 -0.031511 -0.028517
FixedParameters: 0 0 0

#Transform 17
Transform: AffineTransform_float_3_3
Parameters: 1 0.000124731 0.00037009 -0.000125269 0.999999 0.000725953 -0.000369909 -0.000726046 0.999999 -0.0088711 -0.0386613 0.0276504
FixedParameters: 0 0 0

#Transform 18
Transform: AffineTransform_float_3_3
Parameters: 1 0.000404003 0.000443997 -0.000403997 1 -7.17937e-06 -0.000444003 6.82062e-06 1 -0.00171205 -0.0315927 0.051163
FixedParameters: 0 0 0

#Transform 19
Transform: AffineTransform_float_3_3
Parameters: 1 0.000425455 0.000379491 -0.000424546 0.999999 -0.00119816 -0.000379509 0.00119784 0.999999 0.00372589 -0.0204333 0.00809562
FixedParameters: 0 0 0

#Transform 20
Transform: AffineTransform_float_3_3
Parameters: 1 -0.000371044 -7.27755e-05 0.000370956 0.999999 -0.000605027 7.32244e-05 0.000604973 1 -0.00292287 -0.0127314 0.00127808
FixedParameters: 0 0 0

#Transform 21
Transform: AffineTransform_float_3_3
Parameters: 1 0.000339047 -7.27813e-05 -0.000338953 0.999999 0.000645024 7.32186e-05 -0.000644975 1 -0.00636018 -0.00590632 0.00933835
FixedParameters: 0 0 0

#Transform 22
Transform: AffineTransform_float_3_3
Parameters: 1 0.000475812 0.000391229 -0.000476188 1 0.000480814 -0.000391771 -0.000481186 1 0.00110954 -0.00377544 0.108289
FixedParameters: 0 0 0

#Transform 23
Transform: AffineTransform_float_3_3
Parameters: 1 -0.000205251 -0.000136623 0.000204748 0.999999 -0.00183703 0.000137376 0.00183697 0.999999 0.0284938 -0.025316 0.00666641
FixedParameters: 0 0 0

#Transform 24
Transform: AffineTransform_float_3_3
Parameters: 0.999995 -0.000135964 -0.00299627 4.60131e-05 0.999549 -0.0300053 0.00299973 0.0300047 0.999546 0.0358567 -0.49355 -0.129646
FixedParameters: 0 0 0

#Transform 25
Transform: AffineTransform_float_3_3
Parameters: 0.999997 -0.00175579 -0.00203738 0.0017282 0.999907 -0.0135636 0.00206163 0.0135604 0.999906 0.0322772 -0.181104 0.0159298
FixedParameters: 0 0 0

#Transform 26
Transform: AffineTransform_float_3_3
Parameters: 0.999998 -0.00123313 -0.00198665 0.00121287 0.999949 -0.0101004 0.00199935 0.0100976 0.999947 0.0169042 -0.130075 -0.0602209
FixedParameters: 0 0 0

#Transform 27
Transform: AffineTransform_float_3_3
Parameters: 0.999998 -0.00145096 0.000749022 0.00145204 0.999998 -0.00139291 -0.000746977 0.00139409 0.999998 0.0380109 -0.0178089 0.0154107
FixedParameters: 0 0 0

#Transform 28
Transform: AffineTransform_float_3_3
Parameters: 0.999999 -0.000243381 0.0014526 0.000241618 0.999998 0.00163935 -0.0014534 -0.00163865 0.999997 0.0133276 0.0167617 0.0554723
FixedParameters: 0 0 0

#Transform 29
Transform: AffineTransform_float_3_3
Parameters: 0.999999 -0.000441483 0.000707698 0.000441517 0.999999 0.000682312 -0.000707301 -0.000682687 0.999999 0.0102174 0.0532332 -0.0503596
FixedParameters: 0 0 0

#Transform 30
Transform: AffineTransform_float_3_3
Parameters: 1 -0.000712402 0.00081678 0.000710599 0.999999 0.00171458 -0.00081822 -0.00171442 0.999998 0.025023 0.010036 0.0771045
FixedParameters: 0 0 0

#Transform 31
Transform: AffineTransform_float_3_3
Parameters: 1 -0.000877524 0.000849429 0.000875475 0.999998 0.00179275 -0.00085157 -0.00179125 0.999998 0.0195038 0.111214 -0.040314
FixedParameters: 0 0 0

#Transform 32
Transform: AffineTransform_float_3_3
Parameters: 0.999999 -0.00075416 0.000361589 0.000752837 0.999994 0.00319927 -0.00036441 -0.00319872 0.999995 0.00549549 0.133623 -0.0312931
FixedParameters: 0 0 0

#Transform 33
Transform: AffineTransform_float_3_3
Parameters: 0.999999 -0.000755665 0.00103005 0.000752335 0.999997 0.00258578 -0.00103195 -0.00258422 0.999996 0.00987491 0.0524108 0.0536461
FixedParameters: 0 0 0

#Transform 34
Transform: AffineTransform_float_3_3
Parameters: 1 -0.000754399 0.000960904 0.000752601 0.999998 0.00145572 -0.000962097 -0.00145528 0.999999 0.00721573 0.0681142 -0.0259737
FixedParameters: 0 0 0

#Transform 35
Transform: AffineTransform_float_3_3
Parameters: 1 -0.000755125 0.000936291 0.000752874 0.999997 0.00226771 -0.00093871 -0.00226729 0.999997 0.0253352 0.0463028 0.0192108
FixedParameters: 0 0 0

#Transform 36
Transform: AffineTransform_float_3_3
Parameters: 1 -0.000303631 0.00102422 0.000301369 0.999996 0.00256831 -0.00102478 -0.00256769 0.999996 0.011023 0.0706657 0.0851446
FixedParameters: 0 0 0

#Transform 37
Transform: AffineTransform_float_3_3
Parameters: 1 -0.000241991 0.00113658 0.000240011 0.999999 0.00175127 -0.00113642 -0.00175073 0.999998 0.0123805 0.0724869 0.00386752
FixedParameters: 0 0 0

#Transform 38
Transform: AffineTransform_float_3_3
Parameters: 0.999999 -0.000542861 0.0011036 0.000540141 0.999996 0.0025906 -0.0011044 -0.0025904 0.999996 0.00528844 0.0449385 0.0318579
FixedParameters: 0 0 0

#Transform 39
Transform: AffineTransform_float_3_3
Parameters: 1 -0.00054264 0.0010196 0.000540362 0.999996 0.00258755 -0.0010204 -0.00258745 0.999996 0.0131376 0.0553368 0.0891173
FixedParameters: 0 0 0

#Transform 40
Transform: AffineTransform_float_3_3
Parameters: 0.999999 -0.000562182 0.000575848 0.000560817 0.999997 0.00205132 -0.000577151 -0.00205068 0.999997 0.00406683 0.0798507 0.0244884
FixedParameters: 0 0 0

#Transform 41
Transform: AffineTransform_float_3_3
Parameters: 1 -0.000204194 0.000536547 0.000202805 0.999997 0.00222411 -0.000537452 -0.00222389 0.999998 0.00223328 0.0732865 0.00308732
FixedParameters: 0 0 0

#Transform 42
Transform: AffineTransform_float_3_3
Parameters: 1 -0.000204211 0.000506514 0.000202788 0.999997 0.0023891 -0.000507486 -0.0023889 0.999997 0.00220914 0.0748081 0.0765724
FixedParameters: 0 0 0

#Transform 43
Transform: AffineTransform_float_3_3
Parameters: 0.999999 -0.000204583 0.000695536 0.000203415 0.999997 0.00227614 -0.000696465 -0.00227586 0.999997 0.00264074 0.0907381 0.0153227
FixedParameters: 0 0 0

#Transform 44
Transform: AffineTransform_float_3_3
Parameters: 0.999999 -0.000950063 4.15778e-05 0.000949936 0.999999 0.00149704 -4.34221e-05 -0.00149696 0.999999 0.0044781 0.0246143 0.0113415
FixedParameters: 0 0 0

#Transform 45
Transform: AffineTransform_float_3_3
Parameters: 0.999999 -0.0014015 -0.000507624 0.0014005 0.999998 -0.000982712 0.000509375 0.000981287 1 0.00792933 -0.0212049 -0.0071038
FixedParameters: 0 0 0

#Transform 46
Transform: AffineTransform_float_3_3
Parameters: 0.999999 -0.0013858 -0.000358934 0.0013842 0.999996 -0.0022135 0.000362065 0.0022135 0.999998 0.0104403 -0.0471608 -0.0772034
FixedParameters: 0 0 0

#Transform 47
Transform: AffineTransform_float_3_3
Parameters: 0.999998 -0.00157161 -0.000291708 0.00157038 0.999996 -0.00209546 0.00029529 0.00209454 0.999998 0.0256821 -0.0569156 -0.0869704
FixedParameters: 0 0 0

#Transform 48
Transform: AffineTransform_float_3_3
Parameters: 0.999999 -0.00138577 -0.000393288 0.00138423 0.999997 -0.00195755 0.000395709 0.00195645 0.999998 0.0239381 -0.0563519 0.00760114
FixedParameters: 0 0 0

#Transform 49
Transform: AffineTransform_float_3_3
Parameters: 0.999999 -0.00115247 -0.000517741 0.00115053 0.999996 -0.0028296 0.000521257 0.0028284 0.999996 0.025819 -0.034556 -0.031092
FixedParameters: 0 0 0

#Transform 50
Transform: AffineTransform_float_3_3
Parameters: 0.999999 -0.00138643 -0.000650962 0.00138457 0.999996 -0.0021929 0.000654037 0.0021921 0.999998 0.0218455 -0.0565297 -0.0614419
FixedParameters: 0 0 0

#Transform 51
Transform: AffineTransform_float_3_3
Parameters: 0.999998 -0.00158565 -0.000365208 0.00158535 0.999997 -0.00176158 0.000367792 0.00176042 0.999999 0.0350989 -0.0493119 0.0578891
FixedParameters: 0 0 0

#Transform 52
Transform: AffineTransform_float_3_3
Parameters: 0.999999 -0.00170751 -0.000577734 0.0017035 0.99998 -0.00601899 0.000587261 0.006017 0.999981 0.0443245 -0.0957811 -0.0701276
FixedParameters: 0 0 0

#Transform 53
Transform: AffineTransform_float_3_3
Parameters: 0.999998 -0.00189966 -0.00125323 0.00187834 0.999865 -0.0162864 0.00128376 0.0162836 0.999866 0.0576101 -0.25112 -0.198663
FixedParameters: 0 0 0

#Transform 54
Transform: AffineTransform_float_3_3
Parameters: 0.999998 -0.0016053 -0.00060291 0.0015977 0.999927 -0.011919 0.000622086 0.011918 0.999929 0.0436102 -0.142448 -0.0642781
FixedParameters: 0 0 0

#Transform 55
Transform: AffineTransform_float_3_3
Parameters: 1 -0.00110056 -0.000129351 0.00109944 0.999934 -0.0115012 0.000141654 0.0115009 0.999934 0.051165 -0.109314 -0.11137
FixedParameters: 0 0 0

#Transform 56
Transform: AffineTransform_float_3_3
Parameters: 0.999999 -0.000808511 -0.000403076 0.00080449 0.999939 -0.0110683 0.00041193 0.0110687 0.999938 0.0400077 -0.112549 -0.114539
FixedParameters: 0 0 0

#Transform 57
Transform: AffineTransform_float_3_3
Parameters: 0.999999 -0.00080686 -0.000273707 0.000804136 0.999946 -0.0102962 0.000282294 0.0102958 0.999947 0.0402855 -0.0970635 -0.0477949
FixedParameters: 0 0 0

#Transform 58
Transform: AffineTransform_float_3_3
Parameters: 0.999999 -0.000944676 -0.000272898 0.000942322 0.999953 -0.00964827 0.000282105 0.00964774 0.999954 0.0409539 -0.0772564 -0.0430707
FixedParameters: 0 0 0

#Transform 59
Transform: AffineTransform_float_3_3
Parameters: 0.999999 -0.00100449 -0.00149672 0.000989509 0.999947 -0.0103135 0.00150728 0.0103115 0.999945 0.0384057 -0.1393 -0.152838
FixedParameters: 0 0 0

#Transform 60
Transform: AffineTransform_float_3_3
Parameters: 1 -0.000340383 -0.000561774 0.000334625 0.999955 -0.00955419 0.000564223 0.00955381 0.999954 0.0370857 -0.109024 -0.0755508
FixedParameters: 0 0 0

#Transform 61
Transform: AffineTransform_float_3_3
Parameters: 1 -0.000958895 -0.00028028 0.000956108 0.999948 -0.0101523 0.000289721 0.0101517 0.999949 0.0407223 -0.0682333 -0.108714
FixedParameters: 0 0 0

#Transform 62
Transform: AffineTransform_float_3_3
Parameters: 0.999999 -0.000632617 -0.000478962 0.000628382 0.999954 -0.0095793 0.000485041 0.0095787 0.999954 0.0548003 -0.0796686 -0.124325
FixedParameters: 0 0 0

#Transform 63
Transform: AffineTransform_float_3_3
Parameters: 1 -0.000814254 -0.00089254 0.000805752 0.999958 -0.00920873 0.000899458 0.00920828 0.999957 0.0384997 -0.080122 -0.0840126
FixedParameters: 0 0 0

#Transform 64
Transform: AffineTransform_float_3_3
Parameters: 1 -0.000589477 -0.000250244 0.000587516 0.999952 -0.00978515 0.000256761 0.00978485 0.999952 0.0559759 -0.0460935 -0.134054
FixedParameters: 0 0 0

#Transform 65
Transform: AffineTransform_float_3_3
Parameters: 0.999999 -0.000596065 -0.000554604 0.000591939 0.999958 -0.00909032 0.000559403 0.00908966 0.999958 0.0381912 -0.072308 -0.139295
FixedParameters: 0 0 0

#Transform 66
Transform: AffineTransform_float_3_3
Parameters: 0.999999 -0.000594668 -0.000420865 0.000591331 0.999963 -0.00866226 0.000426138 0.00866175 0.999963 0.0512393 -0.0515307 -0.0852305
FixedParameters: 0 0 0

#Transform 67
Transform: AffineTransform_float_3_3
Parameters: 1 -0.000621239 -0.000250516 0.000619756 0.99996 -0.00884315 0.00025649 0.00884284 0.999961 0.0391117 -0.0346818 -0.174912
FixedParameters: 0 0 0

#Transform 68
Transform: AffineTransform_float_3_3
Parameters: 1 -0.000176386 -0.000297599 0.000174611 0.999968 -0.00799805 0.000299406 0.00799795 0.999968 0.0368726 -0.0600549 -0.0706436
FixedParameters: 0 0 0

#Transform 69
Transform: AffineTransform_float_3_3
Parameters: 1 -0.000660969 0.000242605 0.000663034 0.999964 -0.00846684 -0.000237395 0.00846716 0.999964 0.0404563 -0.035335 -0.0995666
FixedParameters: 0 0 0

#Transform 70
Transform: AffineTransform_float_3_3
Parameters: 0.999999 -0.000693697 0.000169426 0.000694307 0.999969 -0.00781389 -0.00016458 0.00781312 0.99997 0.0405139 -0.0541003 -0.110738
FixedParameters: 0 0 0

#Transform 71
Transform: AffineTransform_float_3_3
Parameters: 1 -0.000618387 8.08346e-05 0.000619614 0.99997 -0.00781396 -7.61613e-05 0.00781305 0.99997 0.0336994 -0.0431584 -0.0497945
FixedParameters: 0 0 0

#Transform 72
Transform: AffineTransform_float_3_3
Parameters: 0.999999 -0.000733054 0.000117086 0.000733946 0.999966 -0.00829692 -0.000110914 0.00829708 0.999965 0.0268873 -0.030605 -0.118283
FixedParameters: 0 0 0

#Transform 73
Transform: AffineTransform_float_3_3
Parameters: 1 -0.000299382 -5.07982e-05 0.000299617 0.999973 -0.00735901 5.32063e-05 0.00735898 0.999973 0.0355339 -0.0344064 -0.0394604
FixedParameters: 0 0 0

#Transform 74
Transform: AffineTransform_float_3_3
Parameters: 0.999999 -0.000737164 0.000105986 0.000737836 0.999967 -0.00811492 -0.000100016 0.00811507 0.999967 0.0244961 -0.0293255 -0.0951882
FixedParameters: 0 0 0

#Transform 75
Transform: AffineTransform_float_3_3
Parameters: 1 -0.00118426 0.000245527 0.00118674 0.999974 -0.00719472 -0.000237467 0.00719529 0.999974 0.0456784 -0.0331612 -0.120305
FixedParameters: 0 0 0

#Transform 76
Transform: AffineTransform_float_3_3
Parameters: 0.999999 -0.000888197 0.00024367 0.000890805 0.999972 -0.00750179 -0.000237324 0.00750222 0.999972 0.0255195 -0.054957 -0.0269173
FixedParameters: 0 0 0

#Transform 77
Transform: AffineTransform_float_3_3
Parameters: 0.999999 -0.000825064 -3.89799e-06 0.000824943 0.999962 -0.008608 1.01015e-05 0.00860799 0.999963 0.0246412 -0.0570705 -0.0585829
FixedParameters: 0 0 0

#Transform 78
Transform: AffineTransform_float_3_3
Parameters: 0.999999 -0.00118337 0.000324731 0.00118663 0.999965 -0.00821362 -0.000315264 0.00821438 0.999966 0.0271505 -0.0462631 -0.110825
FixedParameters: 0 0 0

#Transform 79
Transform: AffineTransform_float_3_3
Parameters: 0.999999 -0.000713211 0.000242329 0.000714786 0.999972 -0.00746183 -0.000236673 0.00746217 0.999972 0.0247166 -0.0407481 -0.0463623
FixedParameters: 0 0 0

#Transform 80
Transform: AffineTransform_float_3_3
Parameters: 0.999999 -0.000824073 -0.000258482 0.000821923 0.999969 -0.00791921 0.000265517 0.00791878 0.999968 0.0454294 -0.0670289 -0.0427804
FixedParameters: 0 0 0

#Transform 81
Transform: AffineTransform_float_3_3
Parameters: 1 -0.000870792 -0.000843042 0.00086421 0.999968 -0.00802274 0.000849961 0.00802227 0.999968 0.0402901 -0.0592234 -0.0534109
FixedParameters: 0 0 0

#Transform 82
Transform: AffineTransform_float_3_3
Parameters: 0.999999 -0.00066957 -0.0010936 0.000659437 0.999954 -0.00963673 0.00109941 0.00963627 0.999953 0.0212411 -0.0767478 -0.0267777
FixedParameters: 0 0 0

#Transform 83
Transform: AffineTransform_float_3_3
Parameters: 1 -0.000657693 -0.000844061 0.000650307 0.999958 -0.00908355 0.000849942 0.00908245 0.999959 0.0217341 -0.0507132 -0.128935
FixedParameters: 0 0 0

#Transform 84
Transform: AffineTransform_float_3_3
Parameters: 0.999998 -0.00053694 -0.00151949 0.000524062 0.999963 -0.0085048 0.00152351 0.00850319 0.999962 0.019536 -0.0816557 -0.0654156
FixedParameters: 0 0 0

#Transform 85
Transform: AffineTransform_float_3_3
Parameters: 0.999999 -0.00120593 -0.00140516 0.00119207 0.99995 -0.00987469 0.00141684 0.00987331 0.999951 0.0605987 -0.0848065 -0.00385952
FixedParameters: 0 0 0

#Transform 86
Transform: AffineTransform_float_3_3
Parameters: 0.999998 -0.000608437 -0.00199442 0.000561551 0.99973 -0.0232012 0.00200857 0.0232008 0.999729 0.036946 -0.333228 -0.497816
FixedParameters: 0 0 0

#Transform 87
Transform: AffineTransform_float_3_3
Parameters: 0.999999 -0.000316109 -0.00183021 0.000286896 0.999874 -0.0158826 0.00183479 0.0158824 0.999872 0.0354866 -0.207417 -0.349066
FixedParameters: 0 0 0

#Transform 88
Transform: AffineTransform_float_3_3
Parameters: 0.999999 -9.08083e-05 -0.00143669 6.71864e-05 0.999863 -0.0165631 0.00143831 0.0165629 0.999862 0.029642 -0.174767 -0.349953
FixedParameters: 0 0 0

#Transform 89
Transform: AffineTransform_float_3_3
Parameters: 0.999998 -0.000171798 -0.0019604 0.000139192 0.99986 -0.0167183 0.0019636 0.0167177 0.999859 0.0392283 -0.221931 -0.343802
FixedParameters: 0 0 0

#Transform 90
Transform: AffineTransform_float_3_3
Parameters: 0.999998 -0.00078557 -0.00143339 0.000764436 0.999888 -0.0149871 0.00144462 0.0149859 0.999886 0.043153 -0.165976 -0.334673
FixedParameters: 0 0 0

#Transform 91
Transform: AffineTransform_float_3_3
Parameters: 1 -0.000460723 3.22326e-05 0.000461274 0.999957 -0.00918398 -2.77648e-05 0.00918401 0.999958 0.0250406 -0.0731124 -0.271627
FixedParameters: 0 0 0

#Transform 92
Transform: AffineTransform_float_3_3
Parameters: 1 -0.000367229 0.000558168 0.00037277 0.999963 -0.0085718 -0.000554825 0.00857221 0.999963 0.0363669 -0.087409 -0.17048
FixedParameters: 0 0 0

#Transform 93
Transform: AffineTransform_float_3_3
Parameters: 0.999999 -0.000814044 9.91902e-05 0.000814954 0.999949 -0.0100549 -9.08102e-05 0.0100551 0.99995 0.0442048 -0.0922692 -0.284337
FixedParameters: 0 0 0

#Transform 94
Transform: AffineTransform_float_3_3
Parameters: 0.999999 -0.000798134 9.82998e-05 0.000798862 0.999958 -0.00914093 -9.07013e-05 0.00914108 0.999958 0.0441088 -0.0962446 -0.215322
FixedParameters: 0 0 0

#Transform 95
Transform: AffineTransform_float_3_3
Parameters: 1 -0.000418124 9.49425e-05 0.000418876 0.999955 -0.00941895 -9.10586e-05 0.00941903 0.999955 0.0538478 -0.0898954 -0.1686
FixedParameters: 0 0 0

#Transform 96
Transform: AffineTransform_float_3_3
Parameters: 0.999999 -0.000927048 0.000100229 0.000927949 0.99995 -0.00994991 -9.07713e-05 0.00995008 0.99995 0.0447236 -0.093007 -0.250018
FixedParameters: 0 0 0

#Transform 97
Transform: AffineTransform_float_3_3
Parameters: 1 -0.000595933 -0.000305342 0.00059307 0.999954 -0.00951818 0.000310659 0.00951781 0.999954 0.0447458 -0.112394 -0.201446
FixedParameters: 0 0 0

#Transform 98
Transform: AffineTransform_float_3_3
Parameters: 0.999999 -0.000892609 4.54568e-05 0.000893395 0.999954 -0.00947196 -3.75394e-05 0.00947204 0.999955 0.0444444 -0.0921002 -0.199246
FixedParameters: 0 0 0

#Transform 99
Transform: AffineTransform_float_3_3
Parameters: 1 -0.000584585 -6.06022e-05 0.000583421 0.999957 -0.00923804 6.53924e-05 0.00923797 0.999958 0.0427264 -0.0817944 -0.221003
FixedParameters: 0 0 0

#Transform 100
Transform: AffineTransform_float_3_3
Parameters: 1 -0.000617653 4.41528e-05 0.000617354 0.999965 -0.00833998 -3.98526e-05 0.00834003 0.999965 0.033587 -0.0843366 -0.105585
FixedParameters: 0 0 0

#Transform 101
Transform: AffineTransform_float_3_3
Parameters: 0.999999 -0.000887589 -5.7542e-05 0.000886416 0.999954 -0.00953205 6.54522e-05 0.00953194 0.999954 0.0388631 -0.0619742 -0.205903
FixedParameters: 0 0 0

#Transform 102
Transform: AffineTransform_float_3_3
Parameters: 1 -0.000278557 -6.36059e-05 0.000277448 0.999963 -0.00860302 6.53893e-05 0.00860298 0.999963 0.0374932 -0.0732895 -0.134169
FixedParameters: 0 0 0

#Transform 103
Transform: AffineTransform_float_3_3
Parameters: 0.999999 -0.000735567 -5.93411e-05 0.000735435 0.999958 -0.00905604 6.56628e-05 0.00905595 0.999959 0.0379293 -0.0695645 -0.176891
FixedParameters: 0 0 0

#Transform 104
Transform: AffineTransform_float_3_3
Parameters: 1 -0.00068439 -0.000170514 0.000682605 0.999967 -0.00802411 0.000176483 0.00802388 0.999968 0.0385013 -0.0895104 -0.202664
FixedParameters: 0 0 0

#Transform 105
Transform: AffineTransform_float_3_3
Parameters: 0.999999 -0.000800958 -0.00112226 0.000790045 0.999953 -0.0097309 0.00112974 0.00973011 0.999952 0.0276767 -0.101709 -0.156445
FixedParameters: 0 0 0

#Transform 106
Transform: AffineTransform_float_3_3
Parameters: 1 -0.000645775 -0.000278655 0.000643232 0.999952 -0.00984619 0.000284347 0.00984583 0.999952 0.0215863 -0.0762759 -0.181533
FixedParameters: 0 0 0

#Transform 107
Transform: AffineTransform_float_3_3
Parameters: 0.999999 -0.00086336 -0.00119517 0.000851631 0.999946 -0.010304 0.00120484 0.010303 0.999946 0.0251113 -0.135753 -0.188332
FixedParameters: 0 0 0

#Transform 108
Transform: AffineTransform_float_3_3
Parameters: 0.999999 -0.000831495 -0.00110168 0.000818513 0.999936 -0.0112939 0.00111031 0.0112931 0.999935 0.0280253 -0.119091 -0.0780707
FixedParameters: 0 0 0

#Transform 109
Transform: AffineTransform_float_3_3
Parameters: 0.999999 -0.000759176 -0.00128055 0.000742819 0.999921 -0.012585 0.00129045 0.012584 0.99992 0.0372606 -0.126226 -0.267263
FixedParameters: 0 0 0

#Transform 110
Transform: AffineTransform_float_3_3
Parameters: 0.999999 -0.000718616 -0.00137345 0.000703389 0.999944 -0.010613 0.00138054 0.010612 0.999942 0.0239941 -0.12193 -0.171436
FixedParameters: 0 0 0

#Transform 111
Transform: AffineTransform_float_3_3
Parameters: 0.999998 -0.000624609 -0.0018127 0.000602387 0.999929 -0.0118971 0.00182029 0.0118959 0.999927 0.0178588 -0.100299 -0.2532
FixedParameters: 0 0 0

#Transform 112
Transform: AffineTransform_float_3_3
Parameters: 0.999999 -0.000187899 -0.000790712 0.000178097 0.999922 -0.0125011 0.000793288 0.0125008 0.999921 0.0181097 -0.0925243 -0.285295
FixedParameters: 0 0 0

#Transform 113
Transform: AffineTransform_float_3_3
Parameters: 0.999999 0.000368478 -0.00063483 -0.000374514 0.999947 -0.0103048 0.000630174 0.0103042 0.999946 0.0156581 -0.086258 -0.156796
FixedParameters: 0 0 0

#Transform 114
Transform: AffineTransform_float_3_3
Parameters: 1 -6.40716e-05 -0.000630231 5.59314e-05 0.999918 -0.012799 0.000630767 0.012799 0.999918 0.0344178 -0.0767249 -0.25285
FixedParameters: 0 0 0

#Transform 115
Transform: AffineTransform_float_3_3
Parameters: 0.999999 -0.000544306 -0.000624709 0.000537702 0.999932 -0.0116363 0.000630299 0.0116357 0.999932 0.0368275 -0.106831 -0.245023
FixedParameters: 0 0 0

#Transform 116
Transform: AffineTransform_float_3_3
Parameters: 0.999999 -0.000900229 -0.000338973 0.00089577 0.999924 -0.0122773 0.000350023 0.0122767 0.999924 0.0396349 -0.115528 -0.246848
FixedParameters: 0 0 0

#Transform 117
Transform: AffineTransform_float_3_3
Parameters: 1 -0.000517681 -0.000450555 0.000512314 0.999922 -0.0125182 0.000457449 0.0125178 0.999921 0.0265909 -0.113686 -0.299095
FixedParameters: 0 0 0

#Transform 118
Transform: AffineTransform_float_3_3
Parameters: 1 -0.000531908 -0.000333853 0.00052809 0.999932 -0.0115992 0.000340148 0.0115988 0.999932 0.037106 -0.109243 -0.239171
FixedParameters: 0 0 0

#Transform 119
Transform: AffineTransform_float_3_3
Parameters: 1 -0.000420659 -0.000334218 0.000415344 0.999905 -0.0138212 0.000339773 0.0138209 0.999905 0.0510045 -0.117423 -0.34296
FixedParameters: 0 0 0

#Transform 120
Transform: AffineTransform_float_3_3
Parameters: 0.999999 -0.000410583 -0.000820791 0.000400415 0.999918 -0.0128513 0.000826214 0.0128517 0.999917 0.0406506 -0.132866 -0.263247
FixedParameters: 0 0 0

#Transform 121
Transform: AffineTransform_float_3_3
Parameters: 0.999999 -0.000663711 -0.000323494 0.000660295 0.999936 -0.0113402 0.000330509 0.0113398 0.999935 0.0374792 -0.0995883 -0.152359
FixedParameters: 0 0 0

#Transform 122
Transform: AffineTransform_float_3_3
Parameters: 0.999999 -0.000755741 -0.000291479 0.000751264 0.99992 -0.0126292 0.000300512 0.0126288 0.99992 0.0286133 -0.0982223 -0.22064
FixedParameters: 0 0 0

#Transform 123
Transform: AffineTransform_float_3_3
Parameters: 0.999999 -0.000867869 -0.00125888 0.00085313 0.999931 -0.0117641 0.00126912 0.0117629 0.99993 0.02003 -0.129705 -0.224825
FixedParameters: 0 0 0

#Transform 124
Transform: AffineTransform_float_3_3
Parameters: 1 -0.000551978 -0.000995376 0.000538027 0.999902 -0.0139895 0.00100262 0.0139885 0.999901 0.0377798 -0.139473 -0.206632
FixedParameters: 0 0 0

#Transform 125
Transform: AffineTransform_float_3_3
Parameters: 0.999999 -0.000708418 -0.000649822 0.000697579 0.999874 -0.0158945 0.000661171 0.0158946 0.999874 0.0393662 -0.163949 -0.293104
FixedParameters: 0 0 0

#Transform 126
Transform: AffineTransform_float_3_3
Parameters: 0.999999 -0.000579557 -0.00136948 0.000558449 0.999888 -0.0149648 0.00137751 0.0149632 0.999887 0.0370064 -0.155667 -0.238269
FixedParameters: 0 0 0

#Transform 127
Transform: AffineTransform_float_3_3
Parameters: 0.999998 -0.000417188 -0.00201981 0.000385825 0.999881 -0.0154168 0.00202519 0.0154162 0.999879 0.037888 -0.149725 -0.234016
FixedParameters: 0 0 0

#Transform 128
Transform: AffineTransform_float_3_3
Parameters: 0.999997 -0.000586101 -0.0024385 0.00053689 0.99979 -0.0204954 0.00245052 0.0204946 0.999787 0.0344717 -0.213846 -0.281429
FixedParameters: 0 0 0

#Transform 129
Transform: AffineTransform_float_3_3
Parameters: 0.999996 -0.000337606 -0.0027343 0.000267403 0.999677 -0.0254168 0.00274168 0.0254162 0.999673 0.0327298 -0.292405 -0.316322
FixedParameters: 0 0 0

#Transform 130
Transform: AffineTransform_float_3_3
Parameters: 0.999997 -0.00107485 -0.00221697 0.00101515 0.999639 -0.0268243 0.00224504 0.0268217 0.999637 0.041832 -0.298876 -0.341888
FixedParameters: 0 0 0

#Transform 131
Transform: AffineTransform_float_3_3
Parameters: 0.999998 -0.000149224 -0.0020225 9.0792e-05 0.999572 -0.0292502 0.00202552 0.0292508 0.99957 0.0409113 -0.343221 -0.42168
FixedParameters: 0 0 0

#Transform 132
Transform: AffineTransform_float_3_3
Parameters: 0.999998 0.000531151 -0.00203935 -0.000579841 0.999711 -0.0240279 0.00202565 0.0240291 0.999709 0.0201677 -0.220341 -0.292421
FixedParameters: 0 0 0

#Transform 133
Transform: AffineTransform_float_3_3
Parameters: 0.999997 0.000599567 -0.00203991 -0.000645412 0.99975 -0.0223447 0.00202508 0.0223463 0.999748 0.0283373 -0.165141 -0.312051
FixedParameters: 0 0 0

#Transform 134
Transform: AffineTransform_float_3_3
Parameters: 0.999998 3.04085e-06 -0.00158343 -3.69499e-05 0.99977 -0.021447 0.00158257 0.021447 0.999768 0.0313131 -0.193121 -0.327364
FixedParameters: 0 0 0

#Transform 135
Transform: AffineTransform_float_3_3
Parameters: 0.999999 -0.000581695 -0.00177115 0.000541308 0.999738 -0.022891 0.00178386 0.02289 0.999737 0.0376418 -0.207781 -0.415233
FixedParameters: 0 0 0

#Transform 136
Transform: AffineTransform_float_3_3
Parameters: 0.999999 -0.00118259 -0.000617838 0.0011684 0.999733 -0.0231077 0.000645171 0.0231073 0.999733 0.063677 -0.241788 -0.480703
FixedParameters: 0 0 0

#Transform 137
Transform: AffineTransform_float_3_3
Parameters: 0.999998 -0.00200657 -0.00096338 0.00198244 0.999713 -0.02387 0.00101061 0.023868 0.999714 0.0720039 -0.318976 -0.440334
FixedParameters: 0 0 0

#Transform 138
Transform: AffineTransform_float_3_3
Parameters: 0.999997 -0.00231781 -0.000656944 0.00229819 0.999625 -0.0273116 0.000720035 0.0273104 0.999626 0.0910445 -0.359812 -0.352864
FixedParameters: 0 0 0

#Transform 139
Transform: AffineTransform_float_3_3
Parameters: 0.999998 -0.00177453 -0.000961862 0.00174747 0.999609 -0.0279027 0.00101115 0.0279013 0.99961 0.0739286 -0.328445 -0.423519
FixedParameters: 0 0 0

#Transform 140
Transform: AffineTransform_float_3_3
Parameters: 0.999998 -0.00151457 -0.00142714 0.0014764 0.999643 -0.0266521 0.00146787 0.0266508 0.999643 0.0715478 -0.366836 -0.417971
FixedParameters: 0 0 0

#Transform 141
Transform: AffineTransform_float_3_3
Parameters: 0.999997 -0.00168611 -0.00132717 0.0016489 0.999621 -0.0274823 0.00137283 0.0274798 0.999622 0.0663938 -0.344881 -0.340448
FixedParameters: 0 0 0

#Transform 142
Transform: AffineTransform_float_3_3
Parameters: 0.999997 -0.00148671 -0.00151429 0.00144329 0.999593 -0.0284713 0.00155572 0.0284688 0.999594 0.0650477 -0.337399 -0.469261
FixedParameters: 0 0 0

#Transform 143
Transform: AffineTransform_float_3_3
Parameters: 0.999999 -0.000645775 -0.000511061 0.000632227 0.999649 -0.0265094 0.000527945 0.0265087 0.999649 0.0630033 -0.302017 -0.370195
FixedParameters: 0 0 0

#Transform 144
Transform: AffineTransform_float_3_3
Parameters: 0.999999 -0.000715596 -0.00126708 0.000680406 0.999632 -0.0270969 0.00128591 0.0270961 0.999632 0.0576935 -0.265532 -0.338708
FixedParameters: 0 0 0

#Transform 145
Transform: AffineTransform_float_3_3
Parameters: 0.999999 -0.000821164 -0.000960227 0.000794841 0.999637 -0.0269388 0.000981767 0.0269372 0.999636 0.0715124 -0.250965 -0.412273
FixedParameters: 0 0 0

#Transform 146
Transform: AffineTransform_float_3_3
Parameters: 1 -0.00066905 -0.00079679 0.000647946 0.999659 -0.0261305 0.00081421 0.0261305 0.999658 0.065864 -0.268228 -0.361925
FixedParameters: 0 0 0

#Transform 147
Transform: AffineTransform_float_3_3
Parameters: 1 -0.000573341 -0.000799113 0.000552662 0.99965 -0.0264544 0.000813906 0.0264545 0.999649 0.0727635 -0.251288 -0.306103
FixedParameters: 0 0 0

#Transform 148
Transform: AffineTransform_float_3_3
Parameters: 0.999999 -0.000614476 -0.00112842 0.000583537 0.999617 -0.0276847 0.00114459 0.0276843 0.999616 0.0614963 -0.25141 -0.424192
FixedParameters: 0 0 0

#Transform 149
Transform: AffineTransform_float_3_3
Parameters: 1 -0.000590244 -0.000971533 0.000564771 0.999641 -0.0267945 0.000986487 0.0267944 0.99964 0.0724558 -0.278754 -0.334363
FixedParameters: 0 0 0

#Transform 150
Transform: AffineTransform_float_3_3
Parameters: 0.999999 -0.00146061 -0.000236243 0.0014544 0.999664 -0.0259044 0.000273768 0.0259046 0.999665 0.0599196 -0.255999 -0.258435
FixedParameters: 0 0 0

#Transform 151
Transform: AffineTransform_float_3_3
Parameters: 1 -0.000926254 -0.000390301 0.000914727 0.99961 -0.0279094 0.000416692 0.0279086 0.999611 0.0707282 -0.28312 -0.392034
FixedParameters: 0 0 0
