# transform file /out/sourcedata/freesurfer/sub-v2s3x28829_ses-1/mri/transforms/cc_up.lta
# created by oesteban on Fri Mar 13 03:54:29 2026

type      = 0 # LINEAR_VOX_TO_VOX
nxforms   = 1
mean      = 128.0000 115.0000 118.0000
sigma     = 10000.0000
1 4 4
9.978190064430237e-01 -3.372662886977196e-02 5.674389749765396e-02 -9.669413566589355e-01 
3.367222473025322e-02 9.994311332702637e-01 1.914869528263807e-03 2.959439659118652e+01 
-5.677619576454163e-02 0.000000000000000e+00 9.983869791030884e-01 2.233608055114746e+01 
0.000000000000000e+00 0.000000000000000e+00 0.000000000000000e+00 1.000000000000000e+00 
src volume info
valid = 1  # volume info valid
filename = /out/sourcedata/freesurfer/sub-v2s3x28829_ses-1/mri/norm.mgz
volume = 256 256 256
voxelsize = 1.000000000000000e+00 1.000000000000000e+00 1.000000000000000e+00
xras   = -1.000000000000000e+00 0.000000000000000e+00 0.000000000000000e+00
yras   = 0.000000000000000e+00 0.000000000000000e+00 -1.000000000000000e+00
zras   = 0.000000000000000e+00 1.000000000000000e+00 0.000000000000000e+00
cras   = 3.233200073242188e+00 3.203755187988281e+01 -1.369175720214844e+01
dst volume info
valid = 1  # volume info valid
filename = /out/sourcedata/freesurfer/sub-v2s3x28829_ses-1/mri/norm.mgz
volume = 256 256 256
voxelsize = 1.000000000000000e+00 1.000000000000000e+00 1.000000000000000e+00
xras   = -1.000000000000000e+00 0.000000000000000e+00 0.000000000000000e+00
yras   = 0.000000000000000e+00 0.000000000000000e+00 -1.000000000000000e+00
zras   = 0.000000000000000e+00 1.000000000000000e+00 0.000000000000000e+00
cras   = 3.233200073242188e+00 3.203755187988281e+01 -1.369175720214844e+01
