# transform file /out/sourcedata/freesurfer/sub-v2s3x28827_ses-1/mri/transforms/cc_up.lta
# created by oesteban on Fri Mar 13 04:06:30 2026

type      = 0 # LINEAR_VOX_TO_VOX
nxforms   = 1
mean      = 116.0000 84.0000 93.0000
sigma     = 10000.0000
1 4 4
9.999622702598572e-01 3.795054042711854e-03 -7.812594063580036e-03 1.145726394653320e+01 
-3.794938093051314e-03 9.999927878379822e-01 2.964943087135907e-05 6.043800735473633e+01 
7.812649942934513e-03 -1.818989403545856e-12 9.999694824218750e-01 3.609650802612305e+01 
0.000000000000000e+00 0.000000000000000e+00 0.000000000000000e+00 1.000000000000000e+00 
src volume info
valid = 1  # volume info valid
filename = /out/sourcedata/freesurfer/sub-v2s3x28827_ses-1/mri/norm.mgz
volume = 256 256 256
voxelsize = 1.000000000000000e+00 1.000000000000000e+00 1.000000000000000e+00
xras   = -1.000000000000000e+00 0.000000000000000e+00 0.000000000000000e+00
yras   = 0.000000000000000e+00 0.000000000000000e+00 -1.000000000000000e+00
zras   = 0.000000000000000e+00 1.000000000000000e+00 0.000000000000000e+00
cras   = -2.335807800292969e+00 5.598428344726562e+01 -8.122741699218750e+00
dst volume info
valid = 1  # volume info valid
filename = /out/sourcedata/freesurfer/sub-v2s3x28827_ses-1/mri/norm.mgz
volume = 256 256 256
voxelsize = 1.000000000000000e+00 1.000000000000000e+00 1.000000000000000e+00
xras   = -1.000000000000000e+00 0.000000000000000e+00 0.000000000000000e+00
yras   = 0.000000000000000e+00 0.000000000000000e+00 -1.000000000000000e+00
zras   = 0.000000000000000e+00 1.000000000000000e+00 0.000000000000000e+00
cras   = -2.335807800292969e+00 5.598428344726562e+01 -8.122741699218750e+00
