# transform file transforms/talairach.lta
# created by oesteban on Fri Mar 13 02:48:39 2026

type      = 0 # LINEAR_VOX_TO_VOX
nxforms   = 1
mean      = 116.0000 86.0000 94.0000
sigma     = 10000.0000
1 4 4
1.128250718116760e+00 9.281834354624152e-04 -8.602838031947613e-03 -3.977088451385498e+00 
2.229899546364322e-04 1.168751478195190e+00 1.738080382347107e-01 6.731482505798340e+00 
9.049558080732822e-03 -1.264210343360901e-01 1.081642746925354e+00 1.988486862182617e+01 
0.000000000000000e+00 0.000000000000000e+00 0.000000000000000e+00 1.000000000000000e+00 
src volume info
valid = 1  # volume info valid
filename = nu.mgz
volume = 256 256 256
voxelsize = 1.000000000000000e+00 1.000000000000000e+00 1.000000000000000e+00
xras   = -1.000000000000000e+00 0.000000000000000e+00 0.000000000000000e+00
yras   = 0.000000000000000e+00 0.000000000000000e+00 -1.000000000000000e+00
zras   = 0.000000000000000e+00 1.000000000000000e+00 0.000000000000000e+00
cras   = -2.335807800292969e+00 5.598428344726562e+01 -8.122741699218750e+00
dst volume info
valid = 1  # volume info valid
filename = /opt/freesurfer/average/RB_all_2020-01-02.gca
volume = 256 256 256
voxelsize = 1.000000000000000e+00 1.000000000000000e+00 1.000000000000000e+00
xras   = -1.000000000000000e+00 0.000000000000000e+00 0.000000000000000e+00
yras   = 0.000000000000000e+00 0.000000000000000e+00 -1.000000000000000e+00
zras   = 0.000000000000000e+00 1.000000000000000e+00 0.000000000000000e+00
cras   = 0.000000000000000e+00 0.000000000000000e+00 0.000000000000000e+00
