#Insight Transform File V1.0
#Transform 0
Transform: AffineTransform_float_3_3
Parameters: 0.999998 0.00021568 0.00225414 -0.000199487 0.999973 -0.00740768 -0.00225595 0.00740733 0.99997 -0.0623252 0.134218 0.265852
FixedParameters: 0 0 0

#Transform 1
Transform: AffineTransform_float_3_3
Parameters: 0.999996 -0.000258097 0.00273485 0.000277437 0.999974 -0.00717568 -0.00273303 0.00717634 0.999971 -0.0795185 0.125352 0.272715
FixedParameters: 0 0 0

#Transform 2
Transform: AffineTransform_float_3_3
Parameters: 0.999998 -0.000275915 0.00220784 0.00029127 0.999975 -0.00706156 -0.00220644 0.00706143 0.999972 -0.0642732 0.148716 0.258935
FixedParameters: 0 0 0

#Transform 3
Transform: AffineTransform_float_3_3
Parameters: 0.999998 -0.000705783 0.00191984 0.000718296 0.999979 -0.00652773 -0.00191584 0.00652928 0.999977 -0.0619748 0.133626 0.291223
FixedParameters: 0 0 0

#Transform 4
Transform: AffineTransform_float_3_3
Parameters: 0.999998 -0.000770456 0.00170486 0.000781687 0.999978 -0.00668577 -0.00169967 0.00668723 0.999976 -0.0751652 0.130772 0.26277
FixedParameters: 0 0 0

#Transform 5
Transform: AffineTransform_float_3_3
Parameters: 0.999998 -0.000702127 0.00211999 0.000715325 0.99998 -0.00633268 -0.00211541 0.00633332 0.999977 -0.0682174 0.0838761 0.258576
FixedParameters: 0 0 0

#Transform 6
Transform: AffineTransform_float_3_3
Parameters: 0.999998 -0.000475377 0.00205907 0.000487648 0.999983 -0.00583221 -0.00205665 0.00583379 0.999981 -0.0532977 0.0693988 0.25296
FixedParameters: 0 0 0

#Transform 7
Transform: AffineTransform_float_3_3
Parameters: 0.999997 -0.000472714 0.00241997 0.000487182 0.999983 -0.00584914 -0.00241676 0.00585086 0.99998 -0.0463827 0.0858499 0.255665
FixedParameters: 0 0 0

#Transform 8
Transform: AffineTransform_float_3_3
Parameters: 0.999995 -0.00282619 0.00150813 0.00283512 0.999978 -0.00605051 -0.00149189 0.00605549 0.999981 -0.0696385 0.0773188 0.482503
FixedParameters: 0 0 0

#Transform 9
Transform: AffineTransform_float_3_3
Parameters: 0.999994 -0.00264446 0.00234175 0.00265325 0.999989 -0.00378975 -0.00233261 0.00379625 0.99999 -0.120538 0.077432 0.550323
FixedParameters: 0 0 0

#Transform 10
Transform: AffineTransform_float_3_3
Parameters: 0.999992 -0.00255079 0.00311127 0.00256341 0.999988 -0.00412328 -0.00310053 0.00413072 0.999986 -0.132583 0.0639011 0.625371
FixedParameters: 0 0 0

#Transform 11
Transform: AffineTransform_float_3_3
Parameters: 0.999993 -0.00198146 0.00321956 0.00199606 0.999988 -0.00446106 -0.00321127 0.00446794 0.999985 -0.0959038 0.11348 0.516789
FixedParameters: 0 0 0

#Transform 12
Transform: AffineTransform_float_3_3
Parameters: 0.999994 -0.0016708 0.00300176 0.00168263 0.999991 -0.00387633 -0.00299494 0.00388166 0.999988 -0.077651 0.0791849 0.406425
FixedParameters: 0 0 0

#Transform 13
Transform: AffineTransform_float_3_3
Parameters: 0.999995 -0.0017875 0.00233661 0.00179854 0.999988 -0.00474988 -0.00232875 0.00475412 0.999986 -0.0467372 0.132905 0.34985
FixedParameters: 0 0 0

#Transform 14
Transform: AffineTransform_float_3_3
Parameters: 0.999995 -0.00205773 0.00238366 0.00206468 0.999993 -0.00302324 -0.00237697 0.00302776 0.999993 -0.0529978 0.0909519 0.222004
FixedParameters: 0 0 0

#Transform 15
Transform: AffineTransform_float_3_3
Parameters: 0.999998 -0.0015459 0.00169055 0.00155219 0.999992 -0.00377647 -0.00168453 0.00377953 0.999992 -0.0164025 0.0830596 0.224817
FixedParameters: 0 0 0

#Transform 16
Transform: AffineTransform_float_3_3
Parameters: 0.999997 -0.00121408 0.00208979 0.0012215 0.999992 -0.00382164 -0.00208537 0.00382436 0.999991 -0.0234754 0.0836619 0.23843
FixedParameters: 0 0 0

#Transform 17
Transform: AffineTransform_float_3_3
Parameters: 0.999998 -0.00119072 0.00194232 0.00119881 0.999993 -0.00377376 -0.00193798 0.00377624 0.999991 -0.0282091 0.114656 0.183141
FixedParameters: 0 0 0

#Transform 18
Transform: AffineTransform_float_3_3
Parameters: 0.999996 -0.000880975 0.00263468 0.000890467 0.999993 -0.00365196 -0.00263121 0.00365504 0.99999 -0.00175346 0.0653139 0.156818
FixedParameters: 0 0 0

#Transform 19
Transform: AffineTransform_float_3_3
Parameters: 0.999997 -0.000113256 0.00250792 0.000122939 0.999994 -0.00353811 -0.0025069 0.00353789 0.999991 0.0636343 0.0655164 0.0709732
FixedParameters: 0 0 0

#Transform 20
Transform: AffineTransform_float_3_3
Parameters: 0.999999 -0.000548702 -0.00124933 0.000549402 1 0.000678304 0.00124848 -0.000678696 0.999999 0.0207612 -0.00887939 -0.0461936
FixedParameters: 0 0 0

#Transform 21
Transform: AffineTransform_float_3_3
Parameters: 0.999998 0.000893092 0.00189608 -0.000889511 0.999998 -0.00178481 -0.00189757 0.00178319 0.999996 -0.0570749 0.102637 0.023663
FixedParameters: 0 0 0

#Transform 22
Transform: AffineTransform_float_3_3
Parameters: 0.999999 -0.000223401 0.00178469 0.00022869 0.999996 -0.0028758 -0.00178389 0.0028762 0.999995 -0.0315104 0.08685 0.0924999
FixedParameters: 0 0 0

#Transform 23
Transform: AffineTransform_float_3_3
Parameters: 0.999999 6.17353e-05 0.00181303 -5.82257e-05 0.999998 -0.00206531 -0.00181368 0.00206469 0.999996 -0.0260308 0.0431272 0.187897
FixedParameters: 0 0 0

#Transform 24
Transform: AffineTransform_float_3_3
Parameters: 0.999998 0.000671295 0.00187481 -0.000669485 1 -0.000775378 -0.00187495 0.000774622 0.999998 0.0201538 -0.00257614 0.223276
FixedParameters: 0 0 0

#Transform 25
Transform: AffineTransform_float_3_3
Parameters: 0.999999 9.15432e-05 0.00132092 -9.12924e-05 1 -0.000471232 -0.0013211 0.000471769 0.999999 0.028437 0.0511584 0.39436
FixedParameters: 0 0 0

#Transform 26
Transform: AffineTransform_float_3_3
Parameters: 0.999999 0.00135539 0.000569474 -0.00135805 0.999989 0.00464032 -0.00056265 -0.00464068 0.999989 -0.0239503 -0.0776186 0.411377
FixedParameters: 0 0 0

#Transform 27
Transform: AffineTransform_float_3_3
Parameters: 0.999999 0.00143543 0.00104813 -0.00143648 0.999999 0.00107058 -0.00104695 -0.00107142 0.999999 -0.0368171 0.0245682 0.25795
FixedParameters: 0 0 0

#Transform 28
Transform: AffineTransform_float_3_3
Parameters: 0.999998 0.00141488 0.00149526 -0.00141659 0.999998 0.00163597 -0.00149231 -0.00163804 0.999997 -0.0506501 -0.038609 0.194718
FixedParameters: 0 0 0

#Transform 29
Transform: AffineTransform_float_3_3
Parameters: 0.999994 0.000529825 0.00340914 -0.000534393 0.999999 0.00126765 -0.00340838 -0.00126935 0.999993 -0.0547105 -0.00457279 0.14936
FixedParameters: 0 0 0

#Transform 30
Transform: AffineTransform_float_3_3
Parameters: 0.999995 0.00106462 0.00315038 -0.00106631 0.999999 0.0004402 -0.00315034 -0.0004438 0.999995 -0.0261895 -0.018389 0.0837199
FixedParameters: 0 0 0

#Transform 31
Transform: AffineTransform_float_3_3
Parameters: 0.999993 0.00144511 0.00359974 -0.00144578 0.999999 0.000104333 -0.00360042 -0.000109668 0.999994 -0.0274523 -0.0227209 0.0902514
FixedParameters: 0 0 0

#Transform 32
Transform: AffineTransform_float_3_3
Parameters: 0.999991 0.0013903 0.00414759 -0.00139028 0.999999 -0.000124453 -0.00414803 0.000119549 0.999992 -0.0217204 -0.00303016 0.116572
FixedParameters: 0 0 0

#Transform 33
Transform: AffineTransform_float_3_3
Parameters: 0.999989 0.00109099 0.00442339 -0.00108879 0.999999 -0.000374696 -0.00442331 0.000370302 0.99999 -0.0425578 0.0151844 0.0845893
FixedParameters: 0 0 0

#Transform 34
Transform: AffineTransform_float_3_3
Parameters: 0.999992 -5.53491e-05 0.00402976 5.79574e-05 0.999999 -0.000829598 -0.00402907 0.000830404 0.999991 -0.122788 0.0608624 0.384489
FixedParameters: 0 0 0

#Transform 35
Transform: AffineTransform_float_3_3
Parameters: 0.999983 0.000223952 0.00579771 -0.000204944 0.999995 -0.00329591 -0.00579806 0.0032951 0.999978 -0.112733 0.151022 0.511877
FixedParameters: 0 0 0

#Transform 36
Transform: AffineTransform_float_3_3
Parameters: 0.999954 4.94703e-05 0.00960418 -8.58615e-07 0.999987 -0.00504287 -0.00960431 0.00504313 0.999941 -0.138182 0.204129 0.781844
FixedParameters: 0 0 0

#Transform 37
Transform: AffineTransform_float_3_3
Parameters: 0.999961 0.000301823 0.00875693 -0.000261266 0.999989 -0.00467429 -0.00875874 0.00467172 0.999951 -0.0863983 0.200803 0.61957
FixedParameters: 0 0 0

#Transform 38
Transform: AffineTransform_float_3_3
Parameters: 0.999965 0.000639092 0.00831393 -0.000602939 0.99999 -0.0043066 -0.00831685 0.00430139 0.999956 -0.0712836 0.165968 0.570541
FixedParameters: 0 0 0

#Transform 39
Transform: AffineTransform_float_3_3
Parameters: 0.999963 0.000621392 0.00851682 -0.000582475 0.999989 -0.00454777 -0.00851917 0.00454223 0.999954 -0.0729224 0.164708 0.551488
FixedParameters: 0 0 0

#Transform 40
Transform: AffineTransform_float_3_3
Parameters: 0.999966 0.000645634 0.0082423 -0.000610955 0.999991 -0.00425452 -0.00824521 0.00424948 0.999957 -0.0728548 0.16377 0.511064
FixedParameters: 0 0 0

#Transform 41
Transform: AffineTransform_float_3_3
Parameters: 0.99997 0.000695008 0.00769623 -0.00066552 0.999993 -0.00376016 -0.0076992 0.00375483 0.999963 -0.0624986 0.202162 0.439402
FixedParameters: 0 0 0

#Transform 42
Transform: AffineTransform_float_3_3
Parameters: 0.999972 0.000578247 0.00749091 -0.000549709 0.999993 -0.00373294 -0.00749288 0.00372905 0.999965 -0.0638085 0.180505 0.375036
FixedParameters: 0 0 0

#Transform 43
Transform: AffineTransform_float_3_3
Parameters: 0.999968 8.89292e-05 0.00800171 -6.89249e-05 0.999997 -0.00256783 -0.00800225 0.00256817 0.999965 -0.0711129 0.144663 0.34664
FixedParameters: 0 0 0

#Transform 44
Transform: AffineTransform_float_3_3
Parameters: 0.999969 0.000108871 0.00793983 -7.46494e-05 0.999991 -0.00431082 -0.00794008 0.00431018 0.999959 -0.0609399 0.179381 0.39907
FixedParameters: 0 0 0

#Transform 45
Transform: AffineTransform_float_3_3
Parameters: 0.999974 0.00107923 0.00704104 -0.00102608 0.999971 -0.00746985 -0.00704898 0.00746215 0.999948 -0.0417544 0.246053 0.361757
FixedParameters: 0 0 0

#Transform 46
Transform: AffineTransform_float_3_3
Parameters: 0.999973 0.000726888 0.00730776 -0.000675179 0.999975 -0.00707874 -0.00731289 0.00707326 0.999948 -0.0714538 0.270314 0.250035
FixedParameters: 0 0 0

#Transform 47
Transform: AffineTransform_float_3_3
Parameters: 0.99997 0.00106125 0.00768633 -0.00102072 0.999986 -0.00515686 -0.00769194 0.00514913 0.999957 -0.0655749 0.181245 0.249678
FixedParameters: 0 0 0

#Transform 48
Transform: AffineTransform_float_3_3
Parameters: 0.999974 0.00138605 0.00709867 -0.00133461 0.999974 -0.00716402 -0.00710817 0.00715398 0.999949 -0.0596572 0.211448 0.294299
FixedParameters: 0 0 0

#Transform 49
Transform: AffineTransform_float_3_3
Parameters: 0.999971 0.000959168 0.00750054 -0.000919409 0.999986 -0.00523279 -0.00750525 0.0052262 0.999958 0.00663346 0.167383 0.503604
FixedParameters: 0 0 0

#Transform 50
Transform: AffineTransform_float_3_3
Parameters: 0.999992 0.000568752 0.00396057 -0.000546827 0.999984 -0.00546806 -0.00396382 0.00546594 0.999978 0.142064 0.214821 0.707416
FixedParameters: 0 0 0

#Transform 51
Transform: AffineTransform_float_3_3
Parameters: 0.99999 0.000472937 0.0044935 -0.000436748 0.999967 -0.00808809 -0.00449753 0.00808591 0.999958 0.0603136 0.312691 0.453566
FixedParameters: 0 0 0

#Transform 52
Transform: AffineTransform_float_3_3
Parameters: 0.999986 0.000870237 0.00517595 -0.000830313 0.99997 -0.00770969 -0.00518205 0.00770532 0.999957 0.0531282 0.268951 0.354703
FixedParameters: 0 0 0

#Transform 53
Transform: AffineTransform_float_3_3
Parameters: 0.999983 0.00110127 0.00583217 -0.00105877 0.999974 -0.00724181 -0.00584001 0.00723619 0.999956 0.0446724 0.271976 0.355105
FixedParameters: 0 0 0

#Transform 54
Transform: AffineTransform_float_3_3
Parameters: 0.999979 0.000873797 0.00638994 -0.0008344 0.999981 -0.00611236 -0.00639526 0.00610664 0.999961 0.0145478 0.255754 0.272974
FixedParameters: 0 0 0

#Transform 55
Transform: AffineTransform_float_3_3
Parameters: 0.999977 0.00150076 0.00651249 -0.00144934 0.999969 -0.00781256 -0.00652455 0.00780244 0.999949 0.0220331 0.207793 0.330114
FixedParameters: 0 0 0

#Transform 56
Transform: AffineTransform_float_3_3
Parameters: 0.99998 0.000889173 0.00615955 -0.000844639 0.999973 -0.00733815 -0.00616588 0.00733286 0.999954 0.0292074 0.2419 0.353141
FixedParameters: 0 0 0

#Transform 57
Transform: AffineTransform_float_3_3
Parameters: 0.999974 0.000792416 0.00716237 -0.000742768 0.999975 -0.00701593 -0.00716725 0.00701108 0.999949 0.0261628 0.252177 0.306258
FixedParameters: 0 0 0

#Transform 58
Transform: AffineTransform_float_3_3
Parameters: 0.999975 0.000379246 0.00714277 -0.000337978 0.999984 -0.00571705 -0.00714494 0.00571494 0.999958 0.000525889 0.208119 0.297067
FixedParameters: 0 0 0

#Transform 59
Transform: AffineTransform_float_3_3
Parameters: 0.999978 0.000532367 0.00650186 -0.000491879 0.99998 -0.00622841 -0.00650532 0.00622459 0.999959 0.0207926 0.216751 0.286668
FixedParameters: 0 0 0

#Transform 60
Transform: AffineTransform_float_3_3
Parameters: 0.999981 0.000935835 0.00620888 -0.00089652 0.99998 -0.00620359 -0.00621503 0.0061974 0.999962 0.0217156 0.199659 0.282553
FixedParameters: 0 0 0

#Transform 61
Transform: AffineTransform_float_3_3
Parameters: 0.999992 0.000246559 0.00380943 -0.000221437 0.999979 -0.00648361 -0.00381092 0.00648238 0.999972 0.0359073 0.243138 0.327403
FixedParameters: 0 0 0

#Transform 62
Transform: AffineTransform_float_3_3
Parameters: 0.999991 0.000198745 0.00426361 -0.000174958 0.999986 -0.00539162 -0.00426486 0.00539038 0.999976 0.00515908 0.222501 0.196156
FixedParameters: 0 0 0

#Transform 63
Transform: AffineTransform_float_3_3
Parameters: 0.999987 0.000777348 0.00489433 -0.000752455 0.999987 -0.00504391 -0.0048985 0.00504008 0.999975 0.0103253 0.18696 0.232767
FixedParameters: 0 0 0

#Transform 64
Transform: AffineTransform_float_3_3
Parameters: 0.999983 0.0011484 0.00560087 -0.00111815 0.999985 -0.00526885 -0.00560669 0.00526215 0.999971 0.0688865 0.200547 0.42141
FixedParameters: 0 0 0

#Transform 65
Transform: AffineTransform_float_3_3
Parameters: 0.999982 0.000758907 0.00597303 -0.000726541 0.999985 -0.00543412 -0.00597737 0.00542888 0.999967 0.0703417 0.226039 0.414655
FixedParameters: 0 0 0

#Transform 66
Transform: AffineTransform_float_3_3
Parameters: 0.999979 0.000744933 0.00634469 -0.000712268 0.999987 -0.00521753 -0.00634866 0.00521348 0.999966 0.0292187 0.220329 0.424632
FixedParameters: 0 0 0

#Transform 67
Transform: AffineTransform_float_3_3
Parameters: 0.999978 0.00102993 0.00666049 -0.000995224 0.999986 -0.00521387 -0.00666553 0.00520713 0.999964 0.0261889 0.194931 0.448352
FixedParameters: 0 0 0

#Transform 68
Transform: AffineTransform_float_3_3
Parameters: 0.999975 0.00114398 0.00706802 -0.00106184 0.999933 -0.0115061 -0.00708148 0.0114988 0.999909 -0.0140761 0.369935 0.363921
FixedParameters: 0 0 0

#Transform 69
Transform: AffineTransform_float_3_3
Parameters: 0.999976 0.0011807 0.00674347 -0.0011196 0.999959 -0.00900689 -0.00675323 0.0089991 0.999936 -0.0152441 0.331219 0.337163
FixedParameters: 0 0 0

#Transform 70
Transform: AffineTransform_float_3_3
Parameters: 0.999975 0.00103467 0.00697009 -0.000976444 0.999964 -0.00834435 -0.0069787 0.00833765 0.999941 -0.00395586 0.347765 0.419472
FixedParameters: 0 0 0

#Transform 71
Transform: AffineTransform_float_3_3
Parameters: 0.99995 0.000683956 0.00998571 -0.000638385 0.99999 -0.00456149 -0.00998932 0.00455451 0.99994 -0.00778012 0.183663 1.20734
FixedParameters: 0 0 0

#Transform 72
Transform: AffineTransform_float_3_3
Parameters: 0.999939 0.000707747 0.0109741 -0.000647951 0.999985 -0.00540236 -0.0109774 0.00539463 0.999925 -0.0679663 0.298587 1.1592
FixedParameters: 0 0 0

#Transform 73
Transform: AffineTransform_float_3_3
Parameters: 0.999948 0.000824251 0.0101016 -0.000760806 0.99998 -0.00634903 -0.0101072 0.00634099 0.999929 -0.0605805 0.316932 0.903744
FixedParameters: 0 0 0

#Transform 74
Transform: AffineTransform_float_3_3
Parameters: 0.99994 0.000966536 0.0108978 -0.000903048 0.999983 -0.00580194 -0.0109029 0.00579205 0.999923 -0.0416756 0.283166 0.871688
FixedParameters: 0 0 0

#Transform 75
Transform: AffineTransform_float_3_3
Parameters: 0.999929 0.000898749 0.0118953 -0.000831515 0.999984 -0.00559928 -0.0118996 0.00558872 0.999914 -0.0727047 0.265859 0.862864
FixedParameters: 0 0 0

#Transform 76
Transform: AffineTransform_float_3_3
Parameters: 0.999941 0.00107096 0.0107501 -0.000998286 0.999977 -0.00673478 -0.0107573 0.00672322 0.99992 -0.0443925 0.322524 0.896297
FixedParameters: 0 0 0

#Transform 77
Transform: AffineTransform_float_3_3
Parameters: 0.999951 0.00089583 0.00992864 -0.000832972 0.99998 -0.0063354 -0.00993391 0.00632661 0.999931 -0.0305793 0.29073 0.902666
FixedParameters: 0 0 0

#Transform 78
Transform: AffineTransform_float_3_3
Parameters: 0.99994 0.000750366 0.0108633 -0.000683004 0.99998 -0.00622163 -0.010868 0.00621438 0.999922 -0.0767783 0.323654 0.898313
FixedParameters: 0 0 0

#Transform 79
Transform: AffineTransform_float_3_3
Parameters: 0.999938 0.0018181 0.0109672 -0.00175863 0.999983 -0.00546327 -0.0109778 0.00544373 0.999924 -0.0660411 0.327765 0.8608
FixedParameters: 0 0 0

#Transform 80
Transform: AffineTransform_float_3_3
Parameters: 0.999941 0.0015627 0.0106971 -0.00150624 0.999985 -0.00526394 -0.0107058 0.00524806 0.999929 -0.0621841 0.323586 0.797036
FixedParameters: 0 0 0

#Transform 81
Transform: AffineTransform_float_3_3
Parameters: 0.999945 0.00129288 0.0103862 -0.00123525 0.999984 -0.00551929 -0.0103939 0.0055057 0.99993 -0.0373218 0.297558 0.758193
FixedParameters: 0 0 0

#Transform 82
Transform: AffineTransform_float_3_3
Parameters: 0.99994 0.000794118 0.0108688 -0.000734654 0.999985 -0.00548515 -0.0108732 0.00547686 0.999926 -0.0323357 0.277309 0.769448
FixedParameters: 0 0 0

#Transform 83
Transform: AffineTransform_float_3_3
Parameters: 0.999962 0.000609041 0.00871031 -0.00057461 0.999992 -0.00401191 -0.00871262 0.00400709 0.999954 0.0705575 0.274003 0.579397
FixedParameters: 0 0 0

#Transform 84
Transform: AffineTransform_float_3_3
Parameters: 0.999971 0.00156739 0.00746175 -0.00154843 0.999996 -0.00258321 -0.00746573 0.0025708 0.999969 0.0839544 0.311713 0.418601
FixedParameters: 0 0 0

#Transform 85
Transform: AffineTransform_float_3_3
Parameters: 0.999971 0.00111208 0.00754453 -0.00108944 0.999995 -0.00299505 -0.00754736 0.00298595 0.999967 0.0940124 0.24795 0.354212
FixedParameters: 0 0 0

#Transform 86
Transform: AffineTransform_float_3_3
Parameters: 0.999972 0.00067419 0.0074688 -0.000655231 0.999996 -0.00255669 -0.00747114 0.00255231 0.999969 0.0838404 0.306697 0.332644
FixedParameters: 0 0 0

#Transform 87
Transform: AffineTransform_float_3_3
Parameters: 0.999975 0.000499149 0.00713483 -0.000492338 0.999999 -0.000981043 -0.00713452 0.000977957 0.999974 0.0871618 0.287092 0.272307
FixedParameters: 0 0 0

#Transform 88
Transform: AffineTransform_float_3_3
Parameters: 0.999977 0.000650091 0.00673805 -0.000654211 1 0.000606401 -0.00673785 -0.000610598 0.999977 0.0864811 0.222249 0.268178
FixedParameters: 0 0 0

#Transform 89
Transform: AffineTransform_float_3_3
Parameters: 0.999977 0.000535215 0.00667104 -0.000539446 1 0.000621221 -0.00667096 -0.000624778 0.999978 0.0861157 0.250668 0.289119
FixedParameters: 0 0 0

#Transform 90
Transform: AffineTransform_float_3_3
Parameters: 0.999976 0.000370142 0.00688793 -0.000371979 1 0.000204158 -0.00688768 -0.000206839 0.999976 0.0756263 0.275256 0.218462
FixedParameters: 0 0 0

#Transform 91
Transform: AffineTransform_float_3_3
Parameters: 0.999979 0.000545647 0.00656266 -0.000551049 1 0.000720316 -0.00656246 -0.000724679 0.999978 0.089119 0.220889 0.217603
FixedParameters: 0 0 0

#Transform 92
Transform: AffineTransform_float_3_3
Parameters: 0.999979 -0.000143805 0.00645513 0.000136882 1 0.00116087 -0.00645564 -0.00116014 0.999978 0.0773092 0.21138 0.208374
FixedParameters: 0 0 0

#Transform 93
Transform: AffineTransform_float_3_3
Parameters: 0.999979 -5.81482e-05 0.0065705 4.99692e-05 0.999999 0.0011602 -0.00657091 -0.0011598 0.999978 0.0756936 0.208535 0.190806
FixedParameters: 0 0 0

#Transform 94
Transform: AffineTransform_float_3_3
Parameters: 0.999975 0.000118914 0.00714673 -0.000127346 0.999999 0.00129255 -0.0071464 -0.00129346 0.999974 0.0756746 0.196338 0.275452
FixedParameters: 0 0 0

#Transform 95
Transform: AffineTransform_float_3_3
Parameters: 0.999979 -0.000550203 0.00654996 0.000549808 1 0.000183392 -0.00654996 -0.000180613 0.999979 0.141696 0.216182 0.233139
FixedParameters: 0 0 0

#Transform 96
Transform: AffineTransform_float_3_3
Parameters: 0.999975 -0.000795856 0.0069521 0.00079102 0.999999 0.000708012 -0.00695271 -0.000702988 0.999976 0.137172 0.225556 0.387209
FixedParameters: 0 0 0

#Transform 97
Transform: AffineTransform_float_3_3
Parameters: 0.999971 -2.36516e-05 0.00752572 1.71796e-05 1 0.000760384 -0.00752525 -0.00076061 0.999971 0.128531 0.180342 0.358872
FixedParameters: 0 0 0

#Transform 98
Transform: AffineTransform_float_3_3
Parameters: 0.999907 0.000371709 0.0136352 -0.000322834 0.999993 -0.00364404 -0.0136358 0.00363997 0.9999 -0.00942586 0.298786 0.919716
FixedParameters: 0 0 0

#Transform 99
Transform: AffineTransform_float_3_3
Parameters: 0.999804 0.00104499 0.0198059 -0.000984413 0.999995 -0.00306861 -0.0198092 0.00304839 0.999799 -0.172393 0.247849 1.16542
FixedParameters: 0 0 0

#Transform 100
Transform: AffineTransform_float_3_3
Parameters: 0.99986 0.0016463 0.0166852 -0.00158705 0.999993 -0.00358351 -0.0166907 0.00355649 0.999854 -0.0807748 0.293586 0.954577
FixedParameters: 0 0 0

#Transform 101
Transform: AffineTransform_float_3_3
Parameters: 0.999897 0.00139665 0.0142734 -0.00135199 0.999994 -0.00317359 -0.0142777 0.00315442 0.999893 -0.0817587 0.270598 0.735687
FixedParameters: 0 0 0

#Transform 102
Transform: AffineTransform_float_3_3
Parameters: 0.999935 0.00181857 0.0112659 -0.00179363 0.999996 -0.00229632 -0.0112698 0.00227569 0.999933 -0.0273129 0.220306 0.623298
FixedParameters: 0 0 0

#Transform 103
Transform: AffineTransform_float_3_3
Parameters: 0.999944 0.00184276 0.0103714 -0.00182465 0.999997 -0.00177005 -0.0103747 0.00175096 0.999945 -0.00988136 0.209861 0.561756
FixedParameters: 0 0 0

#Transform 104
Transform: AffineTransform_float_3_3
Parameters: 0.999955 0.00144911 0.00938284 -0.00143022 0.999997 -0.00199466 -0.00938541 0.00198134 0.999954 0.0103369 0.273251 0.501152
FixedParameters: 0 0 0

#Transform 105
Transform: AffineTransform_float_3_3
Parameters: 0.999947 0.00164154 0.0101611 -0.00162325 0.999997 -0.00185848 -0.0101651 0.00184152 0.999946 0.0093849 0.223217 0.513941
FixedParameters: 0 0 0

#Transform 106
Transform: AffineTransform_float_3_3
Parameters: 0.999945 0.00164953 0.0104202 -0.00162598 0.999996 -0.00221728 -0.0104237 0.00220071 0.999944 -0.000723477 0.28242 0.485944
FixedParameters: 0 0 0

#Transform 107
Transform: AffineTransform_float_3_3
Parameters: 0.999949 0.00174581 0.00996154 -0.00172033 0.999995 -0.00257097 -0.00996598 0.00255403 0.999947 0.00988842 0.248216 0.422312
FixedParameters: 0 0 0

#Transform 108
Transform: AffineTransform_float_3_3
Parameters: 0.999952 0.00145428 0.00971446 -0.00142477 0.999995 -0.00304645 -0.00971917 0.00303255 0.999948 0.0110876 0.25375 0.418709
FixedParameters: 0 0 0

#Transform 109
Transform: AffineTransform_float_3_3
Parameters: 0.999951 0.00151844 0.00980601 -0.00149287 0.999995 -0.00271634 -0.00980993 0.00270167 0.999948 0.0312649 0.258278 0.453402
FixedParameters: 0 0 0

#Transform 110
Transform: AffineTransform_float_3_3
Parameters: 0.999952 0.00160378 0.0097273 -0.00156698 0.999991 -0.0037849 -0.00973397 0.00377009 0.999945 0.0272703 0.27462 0.405048
FixedParameters: 0 0 0

#Transform 111
Transform: AffineTransform_float_3_3
Parameters: 0.999952 0.00124918 0.00969541 -0.00122476 0.999996 -0.00252254 -0.00969908 0.00251047 0.99995 0.0192437 0.239828 0.347159
FixedParameters: 0 0 0

#Transform 112
Transform: AffineTransform_float_3_3
Parameters: 0.999905 0.00044507 0.0137749 -0.000401836 0.999995 -0.00310733 -0.0137768 0.00310066 0.9999 -0.0620674 0.300515 0.856832
FixedParameters: 0 0 0

#Transform 113
Transform: AffineTransform_float_3_3
Parameters: 0.999971 0.00327598 0.00687517 -0.00335368 0.999932 0.0112027 -0.00683732 -0.0112253 0.999914 -0.0404031 -0.223995 1.36077
FixedParameters: 0 0 0

#Transform 114
Transform: AffineTransform_float_3_3
Parameters: 0.999982 -0.000256741 0.0059958 0.000224171 0.999984 0.00555361 -0.00599702 -0.00555239 0.999966 -0.0870589 0.105417 0.97865
FixedParameters: 0 0 0

#Transform 115
Transform: AffineTransform_float_3_3
Parameters: 0.999977 -0.000255689 0.00680442 0.000204724 0.999973 0.00742923 -0.00680677 -0.00742778 0.99995 -0.0680091 0.165116 0.676148
FixedParameters: 0 0 0

#Transform 116
Transform: AffineTransform_float_3_3
Parameters: 0.999959 0.000100463 0.00904482 -0.000188367 0.999952 0.00975458 -0.00904306 -0.00975642 0.999912 -0.054853 0.0381971 0.742771
FixedParameters: 0 0 0

#Transform 117
Transform: AffineTransform_float_3_3
Parameters: 0.999994 -0.00173764 0.00319027 0.00174109 0.999998 -0.0011308 -0.00318872 0.0011362 0.999994 0.0913495 0.309072 0.65159
FixedParameters: 0 0 0

#Transform 118
Transform: AffineTransform_float_3_3
Parameters: 0.99999 -0.000677395 0.0045799 0.000674612 1 0.000413998 -0.00458035 -0.000410998 0.99999 0.0625984 0.273062 0.632592
FixedParameters: 0 0 0

#Transform 119
Transform: AffineTransform_float_3_3
Parameters: 0.999986 -0.000162871 0.00539636 0.000159997 1 0.000460341 -0.0053973 -0.000459657 0.999986 0.0342823 0.290321 0.541339
FixedParameters: 0 0 0

#Transform 120
Transform: AffineTransform_float_3_3
Parameters: 0.999984 0.000210528 0.00566201 -0.000215814 1 0.000914243 -0.00566211 -0.000915756 0.999983 0.0361588 0.207621 0.524801
FixedParameters: 0 0 0

#Transform 121
Transform: AffineTransform_float_3_3
Parameters: 0.999983 0.000406426 0.00580763 -0.000411498 1 0.000786953 -0.00580757 -0.000789045 0.999983 0.0114106 0.224642 0.486363
FixedParameters: 0 0 0

#Transform 122
Transform: AffineTransform_float_3_3
Parameters: 0.999984 0.000250334 0.00569099 -0.000253526 1 0.000638018 -0.00569126 -0.000639985 0.999983 0.00534041 0.236412 0.41735
FixedParameters: 0 0 0

#Transform 123
Transform: AffineTransform_float_3_3
Parameters: 0.999985 0.000419096 0.00545577 -0.000421046 1 0.000460251 -0.00545608 -0.000462753 0.999985 0.0326223 0.20691 0.461734
FixedParameters: 0 0 0

#Transform 124
Transform: AffineTransform_float_3_3
Parameters: 0.999985 0.000274705 0.00544136 -0.000278912 1 0.000852046 -0.00544137 -0.000853957 0.999985 0.0298433 0.19079 0.435585
FixedParameters: 0 0 0

#Transform 125
Transform: AffineTransform_float_3_3
Parameters: 0.999985 0.000278317 0.00544117 -0.000279284 1 0.000189024 -0.00544196 -0.000189976 0.999985 0.00243997 0.236016 0.393952
FixedParameters: 0 0 0

#Transform 126
Transform: AffineTransform_float_3_3
Parameters: 0.999985 0.000277131 0.00544123 -0.000279469 1 0.000405936 -0.0054418 -0.000408064 0.999985 0.0179518 0.180355 0.388833
FixedParameters: 0 0 0

#Transform 127
Transform: AffineTransform_float_3_3
Parameters: 0.999985 0.000604856 0.00544071 -0.000608277 1 0.00059633 -0.00544068 -0.000599668 0.999985 0.0435274 0.256407 0.416002
FixedParameters: 0 0 0

#Transform 128
Transform: AffineTransform_float_3_3
Parameters: 0.999984 0.000566665 0.0057127 -0.000567087 1 0.000122192 -0.00571246 -0.000125809 0.999984 0.0281805 0.257969 0.459251
FixedParameters: 0 0 0

#Transform 129
Transform: AffineTransform_float_3_3
Parameters: 0.999984 0.000570003 0.00571888 -0.0005695 1 -4.58277e-05 -0.00571893 4.21709e-05 0.999984 0.0276951 0.253828 0.395794
FixedParameters: 0 0 0

#Transform 130
Transform: AffineTransform_float_3_3
Parameters: 0.999982 0.000433991 0.00587125 -0.000435371 1 0.000285778 -0.0058708 -0.000288224 0.999983 0.0275422 0.243628 0.448554
FixedParameters: 0 0 0

#Transform 131
Transform: AffineTransform_float_3_3
Parameters: 0.999985 0.000161816 0.00558528 -0.000163578 1 0.000424543 -0.00558484 -0.00042546 0.999984 0.0351095 0.258519 0.44237
FixedParameters: 0 0 0

#Transform 132
Transform: AffineTransform_float_3_3
Parameters: 0.999958 -0.000355843 0.00923014 0.000375032 0.999997 -0.002073 -0.00922856 0.002076 0.999956 -0.0382602 0.274949 0.90135
FixedParameters: 0 0 0

#Transform 133
Transform: AffineTransform_float_3_3
Parameters: 0.999936 0.0003959 0.0113026 -0.000393866 1 -0.000228876 -0.0113021 0.00022413 0.999936 -0.0803211 0.255311 1.36156
FixedParameters: 0 0 0

#Transform 134
Transform: AffineTransform_float_3_3
Parameters: 0.999925 1.97769e-05 0.0121905 -4.80347e-07 0.999999 -0.00157463 -0.0121905 0.00157537 0.999925 -0.0974553 0.269437 1.43397
FixedParameters: 0 0 0

#Transform 135
Transform: AffineTransform_float_3_3
Parameters: 0.999933 0.000276503 0.0116255 -0.000259582 0.999999 -0.00142292 -0.0116259 0.00141908 0.999932 -0.0554538 0.280026 1.39666
FixedParameters: 0 0 0

#Transform 136
Transform: AffineTransform_float_3_3
Parameters: 0.999927 0.000205013 0.0121323 -0.000208059 1 0.000288082 -0.0121318 -0.000290924 0.999927 -0.0885758 0.242407 1.43745
FixedParameters: 0 0 0

#Transform 137
Transform: AffineTransform_float_3_3
Parameters: 0.99992 0.000441481 0.0125942 -0.000442564 0.999999 4.046e-05 -0.0125942 -4.55332e-05 0.999921 -0.096908 0.25274 1.45862
FixedParameters: 0 0 0

#Transform 138
Transform: AffineTransform_float_3_3
Parameters: 0.999937 0.000502785 0.0112126 -0.000498217 0.999999 -0.000432933 -0.0112125 0.00042707 0.999937 -0.0490059 0.289674 1.31805
FixedParameters: 0 0 0

#Transform 139
Transform: AffineTransform_float_3_3
Parameters: 0.999935 0.000503303 0.0113297 -0.000494945 1 -0.000726984 -0.0113303 0.000722014 0.999935 -0.0566543 0.300711 1.20194
FixedParameters: 0 0 0

#Transform 140
Transform: AffineTransform_float_3_3
Parameters: 0.999937 0.000496806 0.0112634 -0.00049289 0.999999 -0.000357893 -0.0112631 0.000352107 0.999936 -0.0431227 0.280695 1.15464
FixedParameters: 0 0 0

#Transform 141
Transform: AffineTransform_float_3_3
Parameters: 0.999923 0.000608505 0.0123883 -0.000583654 0.999998 -0.00202695 -0.0123892 0.00201905 0.999921 -0.0776674 0.343154 1.27372
FixedParameters: 0 0 0

#Transform 142
Transform: AffineTransform_float_3_3
Parameters: 0.999933 0.000705066 0.0115414 -0.00068633 0.999998 -0.00160458 -0.0115425 0.00159642 0.999932 -0.0472451 0.341471 1.15666
FixedParameters: 0 0 0

#Transform 143
Transform: AffineTransform_float_3_3
Parameters: 0.999934 0.000506981 0.0114328 -0.000493408 0.999999 -0.00125824 -0.0114335 0.00125176 0.999934 -0.0452211 0.336046 1.06504
FixedParameters: 0 0 0

#Transform 144
Transform: AffineTransform_float_3_3
Parameters: 0.999936 0.000438475 0.0113047 -0.000427203 1 -0.000994202 -0.0113047 0.000988797 0.999935 -0.0483889 0.343448 0.938534
FixedParameters: 0 0 0

#Transform 145
Transform: AffineTransform_float_3_3
Parameters: 0.999936 0.00058942 0.0113198 -0.000577708 0.999999 -0.00105694 -0.0113202 0.00105007 0.999935 -0.0462856 0.320763 0.877022
FixedParameters: 0 0 0

#Transform 146
Transform: AffineTransform_float_3_3
Parameters: 0.999952 0.000727309 0.00974897 -0.000712716 0.999999 -0.00147661 -0.00975052 0.00146939 0.999951 -0.0141637 0.332939 0.764981
FixedParameters: 0 0 0

#Transform 147
Transform: AffineTransform_float_3_3
Parameters: 0.999945 0.000523265 0.0105303 -0.000505701 0.999999 -0.00164892 -0.0105317 0.00164408 0.999944 -0.0473407 0.367601 0.874856
FixedParameters: 0 0 0

#Transform 148
Transform: AffineTransform_float_3_3
Parameters: 0.999948 0.00105526 0.0102093 -0.0010421 0.999999 -0.00129874 -0.0102103 0.00128726 0.999947 -0.0471219 0.361863 0.811061
FixedParameters: 0 0 0

#Transform 149
Transform: AffineTransform_float_3_3
Parameters: 0.999959 0.00170605 0.0088185 -0.001692 0.999998 -0.00161653 -0.0088214 0.00160147 0.999959 -0.00831743 0.303627 0.764749
FixedParameters: 0 0 0

#Transform 150
Transform: AffineTransform_float_3_3
Parameters: 0.999962 0.00116296 0.00872281 -0.00122446 0.999975 0.007026 -0.00871389 -0.007037 0.999937 0.0069383 -0.0044251 1.14395
FixedParameters: 0 0 0

#Transform 151
Transform: AffineTransform_float_3_3
Parameters: 0.999976 -0.000281584 0.00681559 0.00015012 0.999815 0.0192651 -0.00681962 -0.0192639 0.999791 0.0460045 -0.0766596 0.804619
FixedParameters: 0 0 0
