# transform file /out/sourcedata/freesurfer/sub-v2s3x28748_ses-1/mri/transforms/cc_up.lta
# created by oesteban on Fri Mar 13 01:10:03 2026

type      = 0 # LINEAR_VOX_TO_VOX
nxforms   = 1
mean      = 128.0000 138.0000 117.0000
sigma     = 10000.0000
1 4 4
9.999711513519287e-01 -2.102743368595839e-03 7.299651391804218e-03 5.482542514801025e-01 
2.102687489241362e-03 9.999977946281433e-01 1.534932926006150e-05 6.729632854461670e+00 
-7.299667224287987e-03 -1.818989403545856e-12 9.999733567237854e-01 1.893660736083984e+01 
0.000000000000000e+00 0.000000000000000e+00 0.000000000000000e+00 1.000000000000000e+00 
src volume info
valid = 1  # volume info valid
filename = /out/sourcedata/freesurfer/sub-v2s3x28748_ses-1/mri/norm.mgz
volume = 256 256 256
voxelsize = 1.000000000000000e+00 1.000000000000000e+00 1.000000000000000e+00
xras   = -1.000000000000000e+00 0.000000000000000e+00 0.000000000000000e+00
yras   = 0.000000000000000e+00 0.000000000000000e+00 -9.999999403953552e-01
zras   = 0.000000000000000e+00 9.999999403953552e-01 0.000000000000000e+00
cras   = 3.076538085937500e+00 -1.911695098876953e+01 3.048426818847656e+01
dst volume info
valid = 1  # volume info valid
filename = /out/sourcedata/freesurfer/sub-v2s3x28748_ses-1/mri/norm.mgz
volume = 256 256 256
voxelsize = 1.000000000000000e+00 1.000000000000000e+00 1.000000000000000e+00
xras   = -1.000000000000000e+00 0.000000000000000e+00 0.000000000000000e+00
yras   = 0.000000000000000e+00 0.000000000000000e+00 -9.999999403953552e-01
zras   = 0.000000000000000e+00 9.999999403953552e-01 0.000000000000000e+00
cras   = 3.076538085937500e+00 -1.911695098876953e+01 3.048426818847656e+01
