#Insight Transform File V1.0
#Transform 0
Transform: AffineTransform_float_3_3
Parameters: 1 -9.82185e-06 0.000579986 9.17813e-06 0.999999 0.00141701 -0.000580013 -0.00141699 0.999999 0.00352875 -0.139136 -0.0210549
FixedParameters: 0 0 0

#Transform 1
Transform: AffineTransform_float_3_3
Parameters: 1 -6.04342e-05 0.000423938 5.95658e-05 1 0.00102403 -0.000424061 -0.00102398 1 0.0165417 -0.0912871 -0.0249297
FixedParameters: 0 0 0

#Transform 2
Transform: AffineTransform_float_3_3
Parameters: 1 -0.000363414 0.000490693 0.000362586 0.999999 0.000844177 -0.000490306 -0.000843821 0.999999 0.0183516 -0.125895 -0.0438972
FixedParameters: 0 0 0

#Transform 3
Transform: AffineTransform_float_3_3
Parameters: 1 -0.0001185 0.0005919 0.0001175 0.999999 0.00084507 -0.0005921 -0.00084493 1 0.0283697 -0.11749 -0.00402439
FixedParameters: 0 0 0

#Transform 4
Transform: AffineTransform_float_3_3
Parameters: 0.999999 -0.00047614 0.000678901 0.000476859 1 0.000207324 -0.000679098 -0.000206677 0.999999 0.0136267 -0.0724925 -0.00837299
FixedParameters: 0 0 0

#Transform 5
Transform: AffineTransform_float_3_3
Parameters: 1 -0.000256293 0.000279732 0.000255707 1 0.00104607 -0.000280268 -0.00104593 1 0.0295846 -0.11598 -0.024609
FixedParameters: 0 0 0

#Transform 6
Transform: AffineTransform_float_3_3
Parameters: 0.999999 -0.000466247 0.00077185 0.000465752 1 0.000321359 -0.000771149 -0.00032064 0.999999 0.00533588 -0.0881241 0.0136625
FixedParameters: 0 0 0

#Transform 7
Transform: AffineTransform_float_3_3
Parameters: 1 -0.000117685 0.000311119 0.000117316 1 -0.00101196 -0.000311882 0.00101204 1 -0.00385508 -0.058412 0.00163087
FixedParameters: 0 0 0

#Transform 8
Transform: AffineTransform_float_3_3
Parameters: 1 -0.000117904 0.000318036 0.000118096 1 -0.000302962 -0.000317964 0.000303037 1 0.0219268 -0.0523732 -0.0190108
FixedParameters: 0 0 0

#Transform 9
Transform: AffineTransform_float_3_3
Parameters: 1 -0.000368041 0.000454967 0.000367959 1 9.01674e-05 -0.000455033 -8.98325e-05 1 0.00966759 -0.0797194 -0.0133912
FixedParameters: 0 0 0

#Transform 10
Transform: AffineTransform_float_3_3
Parameters: 0.999999 -0.000613464 0.000723606 0.000612535 0.999999 0.000641443 -0.000724393 -0.000641555 0.999999 -0.0197088 -0.0719865 0.0395688
FixedParameters: 0 0 0

#Transform 11
Transform: AffineTransform_float_3_3
Parameters: 1 -0.000425367 0.000937835 0.000425634 1 0.0003904 -0.000938167 -0.000390601 1 -0.0300689 -0.0493938 0.0195537
FixedParameters: 0 0 0

#Transform 12
Transform: AffineTransform_float_3_3
Parameters: 0.999999 -0.00061314 0.000659869 0.00061286 1 0.000212404 -0.00066013 -0.000212595 1 -0.0221323 -0.0395797 -0.0188046
FixedParameters: 0 0 0

#Transform 13
Transform: AffineTransform_float_3_3
Parameters: 1 -0.000613151 0.000317708 0.000612848 0.999999 0.000476195 -0.000318292 -0.000476805 1 -0.0186012 -0.0509323 0.0221458
FixedParameters: 0 0 0

#Transform 14
Transform: AffineTransform_float_3_3
Parameters: 0.999999 -0.000804011 4.78142e-05 0.000803989 0.999999 0.000231038 -4.71857e-05 -0.000230962 1 -0.00934036 -0.00615277 0.0229095
FixedParameters: 0 0 0

#Transform 15
Transform: AffineTransform_float_3_3
Parameters: 1 -0.000613061 0.000318882 0.000612938 1 0.000192195 -0.000319118 -0.000191804 1 -0.0129222 0.00832269 0.0182548
FixedParameters: 0 0 0

#Transform 16
Transform: AffineTransform_float_3_3
Parameters: 1 0.000219083 -0.000112839 -0.000218918 0.999999 0.000734024 0.000112161 -0.000733975 0.999999 -0.000341684 -0.00123849 0.0188249
FixedParameters: 0 0 0

#Transform 17
Transform: AffineTransform_float_3_3
Parameters: 1 0.000479985 3.91872e-05 -0.000480015 1 0.000389981 -3.88128e-05 -0.000390019 1 0.00484175 0.020542 0.0467146
FixedParameters: 0 0 0

#Transform 18
Transform: AffineTransform_float_3_3
Parameters: 0.999999 -0.000976952 -8.15753e-05 0.000977047 1 0.000588921 8.04244e-05 -0.000589079 1 -0.0173661 -0.00629987 0.0234154
FixedParameters: 0 0 0

#Transform 19
Transform: AffineTransform_float_3_3
Parameters: 0.999999 -0.000526787 -0.000582192 0.000527213 1 0.000365693 0.000581807 -0.000366306 1 -0.000455815 -0.0421506 -0.0112309
FixedParameters: 0 0 0

#Transform 20
Transform: AffineTransform_float_3_3
Parameters: 1 -0.000351851 0.000377139 0.000352148 1 -0.000393867 -0.000376861 0.000394133 1 -0.0137015 -0.0200371 0.00278458
FixedParameters: 0 0 0

#Transform 21
Transform: AffineTransform_float_3_3
Parameters: 1 -0.000251034 -0.000233964 0.000250966 1 -0.000144059 0.000234036 0.000143941 1 -0.00574588 0.00205264 -0.064494
FixedParameters: 0 0 0

#Transform 22
Transform: AffineTransform_float_3_3
Parameters: 0.999999 -0.000101836 -0.000982016 0.000102164 1 0.0001669 0.000981982 -0.0001671 0.999999 0.0122569 -0.0490751 -0.0319156
FixedParameters: 0 0 0

#Transform 23
Transform: AffineTransform_float_3_3
Parameters: 1 -0.000487004 0.000146987 0.000486996 1 2.60716e-05 -0.000147013 -2.59284e-05 1 -0.0185488 0.0323261 -0.0504544
FixedParameters: 0 0 0

#Transform 24
Transform: AffineTransform_float_3_3
Parameters: 0.999999 0.000774724 -0.000381561 -0.000775276 1 -0.000723705 0.000380438 0.000724295 0.999999 -0.0180324 0.00596875 -0.0464622
FixedParameters: 0 0 0

#Transform 25
Transform: AffineTransform_float_3_3
Parameters: 0.999999 0.000251887 -0.000784036 -0.000252113 1 -0.000143802 0.000783963 0.000144197 0.999999 -0.0311442 0.0305348 -0.0221281
FixedParameters: 0 0 0

#Transform 26
Transform: AffineTransform_float_3_3
Parameters: 0.999999 0.000118887 -0.000784017 -0.000119113 1 -0.000143907 0.000783982 0.000144093 0.999999 -0.0283517 0.0319691 -0.00560773
FixedParameters: 0 0 0

#Transform 27
Transform: AffineTransform_float_3_3
Parameters: 0.999999 2.73391e-05 -0.000784023 -2.76609e-05 0.999999 -0.000842979 0.000783977 0.000843022 1 -0.0300093 0.0568709 -0.018171
FixedParameters: 0 0 0

#Transform 28
Transform: AffineTransform_float_3_3
Parameters: 1 0.000251863 -0.000350098 -0.000252136 1 -0.000389912 0.000349902 0.000390088 1 -0.0449488 0.0192819 -0.0408762
FixedParameters: 0 0 0

#Transform 29
Transform: AffineTransform_float_3_3
Parameters: 1 0.000251951 -0.000255048 -0.000252049 1 -0.000191936 0.000254952 0.000192064 1 -0.0421796 0.0200381 -0.0457555
FixedParameters: 0 0 0

#Transform 30
Transform: AffineTransform_float_3_3
Parameters: 0.999999 0.000681738 -0.000255699 -0.000682262 0.999999 -0.00102483 0.000255301 0.00102518 1 -0.0324561 0.0587206 0.0208761
FixedParameters: 0 0 0

#Transform 31
Transform: AffineTransform_float_3_3
Parameters: 1 0.000252747 -0.000999812 -0.000252254 0.999999 0.000746253 0.00100019 -0.000746748 0.999999 -0.0605161 0.0730704 -0.0797259
FixedParameters: 0 0 0

#Transform 32
Transform: AffineTransform_float_3_3
Parameters: 0.999999 0.000549481 -0.00114077 -0.00054852 1 0.000421626 0.00114023 -0.000421374 1 -0.051342 0.0276689 -0.0304199
FixedParameters: 0 0 0

#Transform 33
Transform: AffineTransform_float_3_3
Parameters: 0.999999 0.000779903 -0.00157404 -0.000782097 0.999999 -0.00133177 0.00157296 0.00133323 0.999998 -0.0179031 0.0747033 0.0274476
FixedParameters: 0 0 0

#Transform 34
Transform: AffineTransform_float_3_3
Parameters: 0.999999 0.000252098 -0.00127098 -0.000251902 1 7.73202e-05 0.00127102 -7.66797e-05 0.999999 -0.0306686 0.0920003 -0.0221639
FixedParameters: 0 0 0

#Transform 35
Transform: AffineTransform_float_3_3
Parameters: 0.999999 0.000345938 -0.00134402 -0.000346062 1 -4.55349e-05 0.00134398 4.6465e-05 0.999999 -0.0201975 0.103892 -0.0213031
FixedParameters: 0 0 0

#Transform 36
Transform: AffineTransform_float_3_3
Parameters: 0.999998 0.00070829 -0.00151686 -0.000707709 0.999999 0.000192074 0.00151713 -0.000190926 0.999999 -0.00611294 0.106454 -0.0122821
FixedParameters: 0 0 0

#Transform 37
Transform: AffineTransform_float_3_3
Parameters: 1 0.000621015 -6.18497e-05 -0.000620985 1 0.000242038 6.21503e-05 -0.000241961 1 0.037527 0.167 -0.00658025
FixedParameters: 0 0 0

#Transform 38
Transform: AffineTransform_float_3_3
Parameters: 1 0.000346245 -0.000244654 -0.000345755 1 0.000999085 0.000245345 -0.000998915 0.999999 -0.00326939 0.0944489 -0.00694245
FixedParameters: 0 0 0

#Transform 39
Transform: AffineTransform_float_3_3
Parameters: 0.999999 0.00128925 -0.00024369 -0.00128875 0.999998 0.00101632 0.000245309 -0.00101568 1 -0.00513909 0.177612 -0.0169346
FixedParameters: 0 0 0

#Transform 40
Transform: AffineTransform_float_3_3
Parameters: 0.999998 0.00189651 -0.00117658 -0.00189449 0.999998 0.00128023 0.00117942 -0.00127777 0.999999 0.0144092 0.182886 -0.0232606
FixedParameters: 0 0 0

#Transform 41
Transform: AffineTransform_float_3_3
Parameters: 0.999999 0.000987229 -0.00146185 -0.000986773 1 0.000156443 0.00146215 -0.000155557 0.999999 -0.019115 0.281664 -0.0700871
FixedParameters: 0 0 0

#Transform 42
Transform: AffineTransform_float_3_3
Parameters: 0.999998 0.000989289 -0.00184678 -0.000986711 0.999998 0.00123983 0.00184822 -0.00123817 0.999998 -0.0114674 0.299865 -0.072137
FixedParameters: 0 0 0

#Transform 43
Transform: AffineTransform_float_3_3
Parameters: 0.999994 0.0006318 -0.00340493 -0.0006252 0.999999 0.00170414 0.00340607 -0.00170186 0.999993 -0.00575742 0.177299 -0.177676
FixedParameters: 0 0 0

#Transform 44
Transform: AffineTransform_float_3_3
Parameters: 0.999996 0.000983344 -0.00261074 -0.000980656 0.999998 0.00128156 0.00261226 -0.00127944 0.999996 -0.0276507 0.201947 -0.078121
FixedParameters: 0 0 0

#Transform 45
Transform: AffineTransform_float_3_3
Parameters: 0.999996 0.00128968 -0.00247008 -0.00128632 0.999998 0.00149018 0.00247292 -0.00148682 0.999996 -0.0147269 0.174109 -0.0536697
FixedParameters: 0 0 0

#Transform 46
Transform: AffineTransform_float_3_3
Parameters: 0.999997 0.000855832 -0.00231058 -0.000852167 0.999999 0.00165897 0.00231242 -0.00165703 0.999996 -0.0365488 0.20258 -0.0418571
FixedParameters: 0 0 0

#Transform 47
Transform: AffineTransform_float_3_3
Parameters: 0.999997 -4.16707e-05 -0.00235119 5.03284e-05 0.999992 0.00396789 0.00235082 -0.00396811 0.99999 -0.0630312 0.0362695 -0.0343955
FixedParameters: 0 0 0

#Transform 48
Transform: AffineTransform_float_3_3
Parameters: 0.999995 0.000379194 -0.00291194 -0.000370805 0.999996 0.00281409 0.00291305 -0.00281291 0.999992 -0.0120289 0.115022 -0.052867
FixedParameters: 0 0 0

#Transform 49
Transform: AffineTransform_float_3_3
Parameters: 0.999994 0.000669188 -0.00332476 -0.000662811 0.999998 0.00186221 0.00332624 -0.00185978 0.999992 -0.00282844 0.173677 -0.0684637
FixedParameters: 0 0 0

#Transform 50
Transform: AffineTransform_float_3_3
Parameters: 0.999994 0.00037762 -0.00322823 -0.000371378 0.999998 0.00205121 0.00322977 -0.00204979 0.999992 0.00227977 0.171435 -0.0805754
FixedParameters: 0 0 0

#Transform 51
Transform: AffineTransform_float_3_3
Parameters: 0.999997 0.000380196 -0.0026467 -0.000370807 0.999994 0.003474 0.00264731 -0.00347301 0.999991 0.0314752 0.143252 -0.0691813
FixedParameters: 0 0 0

#Transform 52
Transform: AffineTransform_float_3_3
Parameters: 0.999997 0.000377663 -0.00264706 -0.000371338 0.999997 0.00251699 0.00264794 -0.00251601 0.999994 0.0389002 0.213646 -0.0759276
FixedParameters: 0 0 0

#Transform 53
Transform: AffineTransform_float_3_3
Parameters: 0.999997 0.000378475 -0.00264694 -0.000371525 0.999996 0.00282399 0.00264806 -0.00282301 0.999993 0.0412745 0.219015 -0.0771484
FixedParameters: 0 0 0

#Transform 54
Transform: AffineTransform_float_3_3
Parameters: 0.999997 0.000476708 -0.00264645 -0.000468293 0.999995 0.00329025 0.00264756 -0.00328875 0.999991 0.0453168 0.222697 -0.062527
FixedParameters: 0 0 0

#Transform 55
Transform: AffineTransform_float_3_3
Parameters: 0.999998 0.000378324 -0.00220876 -0.000371677 0.999995 0.00331483 0.00221025 -0.00331417 0.999992 0.0277148 0.252218 -0.0282475
FixedParameters: 0 0 0

#Transform 56
Transform: AffineTransform_float_3_3
Parameters: 0.999997 0.000641617 -0.002434 -0.000634381 0.999995 0.00312955 0.002436 -0.00312745 0.999992 0.0430112 0.266292 -0.0595641
FixedParameters: 0 0 0

#Transform 57
Transform: AffineTransform_float_3_3
Parameters: 0.999997 0.000656403 -0.0022999 -0.000648599 0.999994 0.0032185 0.0023011 -0.0032165 0.999992 0.0337059 0.249939 -0.0612516
FixedParameters: 0 0 0

#Transform 58
Transform: AffineTransform_float_3_3
Parameters: 0.999997 0.000732623 -0.00232261 -0.000725375 0.999995 0.0032817 0.00232539 -0.00327931 0.999992 0.045512 0.248624 -0.0624306
FixedParameters: 0 0 0

#Transform 59
Transform: AffineTransform_float_3_3
Parameters: 0.999997 0.000682739 -0.00209714 -0.00067726 0.999996 0.00273643 0.00209886 -0.00273457 0.999994 0.0398544 0.287653 -0.0230802
FixedParameters: 0 0 0

#Transform 60
Transform: AffineTransform_float_3_3
Parameters: 0.999997 0.00061689 -0.00232318 -0.000610113 0.999996 0.00296443 0.00232482 -0.00296358 0.999993 0.0429938 0.283811 -0.0388886
FixedParameters: 0 0 0

#Transform 61
Transform: AffineTransform_float_3_3
Parameters: 0.999997 0.000378479 -0.0023238 -0.000371521 0.999995 0.00321787 0.00232521 -0.00321713 0.999992 0.045773 0.287171 -0.0589026
FixedParameters: 0 0 0

#Transform 62
Transform: AffineTransform_float_3_3
Parameters: 0.999998 3.57386e-05 -0.0016189 -3.1261e-05 0.999995 0.00292705 0.0016191 -0.00292695 0.999995 0.00640879 0.296603 -0.0506175
FixedParameters: 0 0 0

#Transform 63
Transform: AffineTransform_float_3_3
Parameters: 0.999999 0.00078371 -0.00131461 -0.000778289 0.999991 0.00433803 0.00131839 -0.00433697 0.999989 0.0520699 0.327738 -0.0148832
FixedParameters: 0 0 0

#Transform 64
Transform: AffineTransform_float_3_3
Parameters: 1 0.000677913 -0.00092314 -0.000674089 0.999991 0.00423162 0.000925861 -0.00423137 0.99999 0.0506065 0.368488 -0.0602162
FixedParameters: 0 0 0

#Transform 65
Transform: AffineTransform_float_3_3
Parameters: 1 0.000678728 -0.00092254 -0.000673275 0.999986 0.00511562 0.000925456 -0.00511537 0.999986 0.0420579 0.347395 -0.0532625
FixedParameters: 0 0 0

#Transform 66
Transform: AffineTransform_float_3_3
Parameters: 0.999999 0.00115284 -0.00138433 -0.00114516 0.999987 0.00493159 0.00138966 -0.00492941 0.999987 0.0615272 0.348569 -0.0349413
FixedParameters: 0 0 0

#Transform 67
Transform: AffineTransform_float_3_3
Parameters: 1 0.000679112 -0.000922259 -0.000673891 0.999985 0.00553063 0.000925742 -0.00553038 0.999985 -0.00394439 0.427548 -0.0637976
FixedParameters: 0 0 0

#Transform 68
Transform: AffineTransform_float_3_3
Parameters: 1 -0.00012115 -0.00116273 0.000127851 0.999982 0.00589285 0.00116227 -0.00589314 0.999982 -0.028795 0.4165 -0.103467
FixedParameters: 0 0 0

#Transform 69
Transform: AffineTransform_float_3_3
Parameters: 1 0.000542608 -0.00107319 -0.000535393 0.999975 0.00707758 0.00107682 -0.00707642 0.999975 -0.016172 0.389218 -0.113528
FixedParameters: 0 0 0

#Transform 70
Transform: AffineTransform_float_3_3
Parameters: 0.999999 0.000881198 -0.000919154 -0.000873804 0.999969 0.00780181 0.000925846 -0.00780119 0.999969 0.0154602 0.456505 -0.116599
FixedParameters: 0 0 0

#Transform 71
Transform: AffineTransform_float_3_3
Parameters: 0.999998 0.0010443 -0.00155748 -0.0010327 0.999974 0.00723962 0.00156452 -0.00723838 0.999972 0.0318562 0.502686 -0.174492
FixedParameters: 0 0 0

#Transform 72
Transform: AffineTransform_float_3_3
Parameters: 0.999999 0.000897342 -0.00155739 -0.000883664 0.999963 0.00854539 0.00156461 -0.00854461 0.999963 0.0268902 0.3481 -0.0830784
FixedParameters: 0 0 0

#Transform 73
Transform: AffineTransform_float_3_3
Parameters: 0.999998 0.000301007 -0.00156274 -0.000288999 0.999971 0.00767747 0.00156427 -0.00767754 0.99997 0.0461581 0.379737 -0.123378
FixedParameters: 0 0 0

#Transform 74
Transform: AffineTransform_float_3_3
Parameters: 0.999997 0.0012971 -0.00199901 -0.0012799 0.999963 0.00852958 0.00200999 -0.00852741 0.999961 0.0678872 0.387631 -0.0855519
FixedParameters: 0 0 0

#Transform 75
Transform: AffineTransform_float_3_3
Parameters: 0.999997 0.00147318 -0.00188825 -0.00145782 0.999967 0.00801777 0.00189975 -0.00801522 0.999966 0.0684445 0.449082 -0.136249
FixedParameters: 0 0 0

#Transform 76
Transform: AffineTransform_float_3_3
Parameters: 0.999997 0.0014753 -0.00199733 -0.0014577 0.999961 0.00863693 0.00200966 -0.00863406 0.99996 0.0757959 0.426974 -0.144257
FixedParameters: 0 0 0

#Transform 77
Transform: AffineTransform_float_3_3
Parameters: 0.999997 0.00147545 -0.00199722 -0.00145755 0.999961 0.00871294 0.00200977 -0.00871006 0.99996 0.0707844 0.423401 -0.102803
FixedParameters: 0 0 0

#Transform 78
Transform: AffineTransform_float_3_3
Parameters: 0.999997 0.00132531 -0.00234117 -0.00130569 0.999966 0.00823109 0.00235183 -0.00822792 0.999964 0.0770648 0.463953 -0.12026
FixedParameters: 0 0 0

#Transform 79
Transform: AffineTransform_float_3_3
Parameters: 0.999997 0.00132379 -0.00199833 -0.00130621 0.999959 0.00887863 0.00200967 -0.00887536 0.999958 0.0599391 0.423221 -0.11827
FixedParameters: 0 0 0

#Transform 80
Transform: AffineTransform_float_3_3
Parameters: 0.999999 -0.000946552 -5.78611e-05 0.000947449 0.999965 0.00830295 5.0135e-05 -0.00830305 0.999965 -0.00206613 0.287133 -0.0836369
FixedParameters: 0 0 0

#Transform 81
Transform: AffineTransform_float_3_3
Parameters: 0.999999 -3.31266e-05 -0.00152536 4.687e-05 0.999958 0.00909594 0.00152464 -0.00909606 0.999958 -0.0287897 0.2934 -0.139906
FixedParameters: 0 0 0

#Transform 82
Transform: AffineTransform_float_3_3
Parameters: 0.999998 0.000235337 -0.00205888 -0.000216661 0.999956 0.00938746 0.00206112 -0.00938653 0.999954 -0.00869527 0.267604 -0.187142
FixedParameters: 0 0 0

#Transform 83
Transform: AffineTransform_float_3_3
Parameters: 0.999998 0.000961817 -0.00164543 -0.000947179 0.999959 0.00898158 0.00165457 -0.00898043 0.999959 0.0143897 0.222872 -0.119939
FixedParameters: 0 0 0

#Transform 84
Transform: AffineTransform_float_3_3
Parameters: 0.999999 0.00115137 -0.00139249 -0.00114163 0.999972 0.0074246 0.00140151 -0.00742339 0.999971 0.0412246 0.252327 -0.144226
FixedParameters: 0 0 0

#Transform 85
Transform: AffineTransform_float_3_3
Parameters: 0.999997 0.00139624 -0.00164368 -0.00138376 0.999972 0.0074243 0.00165432 -0.00742271 0.999971 0.0574743 0.210274 -0.103855
FixedParameters: 0 0 0

#Transform 86
Transform: AffineTransform_float_3_3
Parameters: 0.999998 0.00150883 -0.00164322 -0.00149717 0.999973 0.00717348 0.00165478 -0.00717152 0.999973 0.0725276 0.18595 -0.0630016
FixedParameters: 0 0 0

#Transform 87
Transform: AffineTransform_float_3_3
Parameters: 0.999999 0.000450108 -0.00165075 -0.000437891 0.999973 0.00732773 0.00165425 -0.00732726 0.999972 0.0525967 0.135245 -0.142859
FixedParameters: 0 0 0

#Transform 88
Transform: AffineTransform_float_3_3
Parameters: 0.999999 0.000809515 -0.00100097 -0.000801484 0.999971 0.00748581 0.00100703 -0.00748519 0.999972 0.0367261 0.169101 -0.194561
FixedParameters: 0 0 0

#Transform 89
Transform: AffineTransform_float_3_3
Parameters: 0.999999 0.000858743 -0.00116433 -0.000851252 0.999977 0.006635 0.00117067 -0.006634 0.999978 0.067626 0.18336 -0.16148
FixedParameters: 0 0 0

#Transform 90
Transform: AffineTransform_float_3_3
Parameters: 0.999999 0.000829349 -0.0011648 -0.000822649 0.99998 0.00629596 0.0011702 -0.00629503 0.999979 0.049478 0.190393 -0.132934
FixedParameters: 0 0 0

#Transform 91
Transform: AffineTransform_float_3_3
Parameters: 0.999998 0.00132515 -0.00160467 -0.00131485 0.999979 0.00630712 0.00161332 -0.00630488 0.999979 0.0599593 0.20026 -0.15951
FixedParameters: 0 0 0

#Transform 92
Transform: AffineTransform_float_3_3
Parameters: 0.999998 0.00108428 -0.00126861 -0.00107173 0.999953 0.00963937 0.00127839 -0.00963762 0.999952 0.0267025 0.150592 -0.155932
FixedParameters: 0 0 0

#Transform 93
Transform: AffineTransform_float_3_3
Parameters: 0.999998 0.000236926 -0.00197104 -0.000220076 0.999963 0.00858245 0.00197296 -0.00858255 0.999961 0.0275824 0.190723 -0.170495
FixedParameters: 0 0 0

#Transform 94
Transform: AffineTransform_float_3_3
Parameters: 0.999999 -0.000454993 -0.00172757 0.000472002 0.999952 0.0098572 0.00172243 -0.0098578 0.99995 0.0113367 0.162156 -0.159767
FixedParameters: 0 0 0

#Transform 95
Transform: AffineTransform_float_3_3
Parameters: 0.999999 -0.000507423 -0.00172856 0.000526572 0.999942 0.0107641 0.00172243 -0.0107649 0.99994 0.0122944 0.168609 -0.15381
FixedParameters: 0 0 0

#Transform 96
Transform: AffineTransform_float_3_3
Parameters: 0.999998 0.000231486 -0.00187003 -0.000214516 0.999961 0.00881042 0.00187196 -0.00881059 0.99996 0.0227888 0.212503 -0.11587
FixedParameters: 0 0 0

#Transform 97
Transform: AffineTransform_float_3_3
Parameters: 0.999998 0.000733747 -0.00196984 -0.000716252 0.999963 0.00848843 0.00197615 -0.00848757 0.999962 0.0305224 0.238717 -0.169675
FixedParameters: 0 0 0

#Transform 98
Transform: AffineTransform_float_3_3
Parameters: 0.999997 0.000736757 -0.00225564 -0.000716239 0.999962 0.00874765 0.00226235 -0.00874536 0.999959 0.059849 0.202365 -0.136472
FixedParameters: 0 0 0

#Transform 99
Transform: AffineTransform_float_3_3
Parameters: 0.999998 0.000266679 -0.00225998 -0.000248323 0.99997 0.00781858 0.00226201 -0.00781842 0.999967 0.0545621 0.210594 -0.075678
FixedParameters: 0 0 0

#Transform 100
Transform: AffineTransform_float_3_3
Parameters: 0.999994 0.00183146 -0.00317672 -0.00181054 0.999975 0.0067458 0.00318928 -0.0067402 0.999972 0.0619817 0.225038 -0.0712714
FixedParameters: 0 0 0

#Transform 101
Transform: AffineTransform_float_3_3
Parameters: 0.999994 0.00155913 -0.0029103 -0.00153887 0.999975 0.00690552 0.00292169 -0.00690148 0.999972 0.0693149 0.211527 -0.0646935
FixedParameters: 0 0 0

#Transform 102
Transform: AffineTransform_float_3_3
Parameters: 0.999995 0.00101906 -0.00282113 -0.000996941 0.999969 0.00780984 0.00282887 -0.00780615 0.999965 0.0573983 0.213952 -0.0625413
FixedParameters: 0 0 0

#Transform 103
Transform: AffineTransform_float_3_3
Parameters: 0.999996 0.00100054 -0.00271917 -0.000979463 0.999968 0.0079107 0.00272683 -0.00790831 0.999965 0.0649507 0.243915 -0.0903231
FixedParameters: 0 0 0

#Transform 104
Transform: AffineTransform_float_3_3
Parameters: 0.999995 0.00149421 -0.00275005 -0.00147179 0.999967 0.00806109 0.00276195 -0.00805691 0.999963 0.0679922 0.230506 -0.0715331
FixedParameters: 0 0 0

#Transform 105
Transform: AffineTransform_float_3_3
Parameters: 0.999995 0.00096468 -0.00282235 -0.00094532 0.999976 0.0069667 0.00282865 -0.0069633 0.999972 0.066621 0.270984 -0.0693303
FixedParameters: 0 0 0

#Transform 106
Transform: AffineTransform_float_3_3
Parameters: 0.999995 0.00116424 -0.0026992 -0.00114576 0.999976 0.00675012 0.00270679 -0.00674687 0.999973 0.0770519 0.24992 -0.0744426
FixedParameters: 0 0 0

#Transform 107
Transform: AffineTransform_float_3_3
Parameters: 0.999996 0.00145477 -0.00210656 -0.00144123 0.999977 0.00652205 0.00211644 -0.00651894 0.999976 0.0538674 0.253128 -0.0462632
FixedParameters: 0 0 0

#Transform 108
Transform: AffineTransform_float_3_3
Parameters: 0.999996 0.00146209 -0.00261889 -0.00144191 0.999969 0.00765581 0.00263012 -0.00765219 0.999968 0.0616094 0.26988 -0.084179
FixedParameters: 0 0 0

#Transform 109
Transform: AffineTransform_float_3_3
Parameters: 0.999995 0.00223282 -0.00190127 -0.00221518 0.999954 0.00932225 0.00192173 -0.00931775 0.999954 0.101524 0.238888 -0.112879
FixedParameters: 0 0 0

#Transform 110
Transform: AffineTransform_float_3_3
Parameters: 0.999997 0.000430624 -0.00250887 -0.000412375 0.999973 0.00741906 0.00251213 -0.00741795 0.99997 0.0819748 0.23768 -0.0180381
FixedParameters: 0 0 0

#Transform 111
Transform: AffineTransform_float_3_3
Parameters: 0.999997 0.000616877 -0.00207993 -0.000603121 0.999977 0.00666626 0.00208406 -0.00666472 0.999975 0.0182847 0.228888 -0.102455
FixedParameters: 0 0 0

#Transform 112
Transform: AffineTransform_float_3_3
Parameters: 0.999997 0.00188488 -0.00169015 -0.00187612 0.999984 0.00523918 0.00169985 -0.00523581 0.999985 0.0582109 0.254762 -0.0840988
FixedParameters: 0 0 0

#Transform 113
Transform: AffineTransform_float_3_3
Parameters: 0.999996 0.00205236 -0.00189886 -0.00204164 0.999983 0.0054439 0.00191014 -0.0054401 0.999984 0.0648931 0.287684 -0.0681382
FixedParameters: 0 0 0

#Transform 114
Transform: AffineTransform_float_3_3
Parameters: 0.999997 0.00136801 -0.00167244 -0.00135499 0.999969 0.00775728 0.00168256 -0.00775471 0.999968 0.0661886 0.226367 -0.11074
FixedParameters: 0 0 0

#Transform 115
Transform: AffineTransform_float_3_3
Parameters: 0.999993 0.00274009 -0.00225963 -0.00272391 0.999971 0.0070932 0.00227837 -0.0070868 0.999973 0.0652005 0.228368 -0.0838041
FixedParameters: 0 0 0

#Transform 116
Transform: AffineTransform_float_3_3
Parameters: 0.999994 0.00256656 -0.00229895 -0.00255244 0.99998 0.00588091 0.00231404 -0.0058751 0.99998 0.0893577 0.296265 -0.0851558
FixedParameters: 0 0 0

#Transform 117
Transform: AffineTransform_float_3_3
Parameters: 0.999993 0.00273837 -0.00224357 -0.00272363 0.999976 0.00638315 0.00226142 -0.00637685 0.999977 0.10036 0.306672 -0.110659
FixedParameters: 0 0 0

#Transform 118
Transform: AffineTransform_float_3_3
Parameters: 0.999993 0.00274166 -0.00224157 -0.00272334 0.999965 0.00784315 0.00226342 -0.00783684 0.999966 0.0942538 0.277813 -0.0954612
FixedParameters: 0 0 0

#Transform 119
Transform: AffineTransform_float_3_3
Parameters: 0.999994 0.00259179 -0.00221798 -0.00257721 0.999978 0.00619976 0.00223401 -0.00619325 0.999979 0.101117 0.326976 -0.113284
FixedParameters: 0 0 0

#Transform 120
Transform: AffineTransform_float_3_3
Parameters: 0.999993 0.00273936 -0.0022958 -0.00272364 0.999974 0.0066663 0.0023142 -0.0066597 0.999975 0.101181 0.298132 -0.0951692
FixedParameters: 0 0 0

#Transform 121
Transform: AffineTransform_float_3_3
Parameters: 0.999995 0.00245186 -0.00229719 -0.00243615 0.999974 0.00687964 0.00231381 -0.00687437 0.999973 0.087219 0.316983 -0.101773
FixedParameters: 0 0 0

#Transform 122
Transform: AffineTransform_float_3_3
Parameters: 0.999994 0.00273891 -0.00212694 -0.00272409 0.999972 0.00698284 0.00214607 -0.00697717 0.999974 0.0893527 0.327566 -0.121124
FixedParameters: 0 0 0

#Transform 123
Transform: AffineTransform_float_3_3
Parameters: 0.999995 0.00273813 -0.00190485 -0.00272387 0.999969 0.00738223 0.00192515 -0.00737677 0.999971 0.106002 0.302373 -0.0823857
FixedParameters: 0 0 0

#Transform 124
Transform: AffineTransform_float_3_3
Parameters: 0.999994 0.00273755 -0.00203188 -0.00272346 0.999975 0.00663857 0.00205012 -0.00663343 0.999976 0.105659 0.351627 -0.103318
FixedParameters: 0 0 0

#Transform 125
Transform: AffineTransform_float_3_3
Parameters: 0.999995 0.00273694 -0.00186818 -0.00272406 0.999972 0.00689613 0.00188682 -0.00689087 0.999975 0.100794 0.331904 -0.100205
FixedParameters: 0 0 0

#Transform 126
Transform: AffineTransform_float_3_3
Parameters: 0.999993 0.00341466 -0.0016775 -0.00339834 0.999946 0.00983777 0.0017105 -0.00983123 0.99995 0.114149 0.516845 -0.133635
FixedParameters: 0 0 0

#Transform 127
Transform: AffineTransform_float_3_3
Parameters: 0.999992 0.00306702 -0.00230522 -0.00304898 0.999965 0.00778009 0.00232878 -0.00777292 0.999967 0.115657 0.422771 -0.11844
FixedParameters: 0 0 0

#Transform 128
Transform: AffineTransform_float_3_3
Parameters: 0.999993 0.00282879 -0.00241602 -0.00280921 0.999963 0.00815484 0.00243898 -0.00814815 0.999964 0.121584 0.400122 -0.129236
FixedParameters: 0 0 0

#Transform 129
Transform: AffineTransform_float_3_3
Parameters: 0.999993 0.00274487 -0.00260317 -0.00272413 0.999965 0.00798715 0.00262483 -0.00797985 0.999964 0.11855 0.420718 -0.0773213
FixedParameters: 0 0 0

#Transform 130
Transform: AffineTransform_float_3_3
Parameters: 0.999991 0.00268634 -0.00322179 -0.00264668 0.999919 0.0124586 0.00325422 -0.0124504 0.999917 0.104935 0.390438 -0.112179
FixedParameters: 0 0 0

#Transform 131
Transform: AffineTransform_float_3_3
Parameters: 0.999977 0.00349524 -0.005824 -0.00331376 0.999518 0.030844 0.005929 -0.030824 0.999507 0.0875799 0.530223 -0.603527
FixedParameters: 0 0 0

#Transform 132
Transform: AffineTransform_float_3_3
Parameters: 0.999991 0.00369818 -0.00206378 -0.00364382 0.999664 0.0256648 0.00215822 -0.0256573 0.999669 0.0775379 0.474617 -0.523675
FixedParameters: 0 0 0

#Transform 133
Transform: AffineTransform_float_3_3
Parameters: 0.999991 0.00358041 -0.00217337 -0.00352761 0.999704 0.0240979 0.00225865 -0.0240901 0.999707 0.0864719 0.593841 -0.511771
FixedParameters: 0 0 0

#Transform 134
Transform: AffineTransform_float_3_3
Parameters: 0.999988 0.00447322 -0.0019889 -0.00443278 0.999795 0.0197871 0.0020771 -0.019778 0.999802 0.0180799 0.21649 -0.313563
FixedParameters: 0 0 0

#Transform 135
Transform: AffineTransform_float_3_3
Parameters: 0.999988 0.00468216 -0.000934223 -0.00467284 0.999943 0.00957447 0.000978776 -0.00957053 0.999953 -0.0402897 -0.0529299 -0.210464
FixedParameters: 0 0 0

#Transform 136
Transform: AffineTransform_float_3_3
Parameters: 0.999982 0.00505632 -0.00340571 -0.00503068 0.99996 0.00740227 0.00344329 -0.00738572 0.999967 0.0249229 -0.114828 -0.138868
FixedParameters: 0 0 0

#Transform 137
Transform: AffineTransform_float_3_3
Parameters: 0.999982 0.00473436 -0.00362599 -0.00471164 0.99997 0.0061512 0.00365501 -0.00613381 0.999975 0.0313302 -0.155714 -0.202348
FixedParameters: 0 0 0

#Transform 138
Transform: AffineTransform_float_3_3
Parameters: 0.999981 0.00475001 -0.00390518 -0.00472699 0.999971 0.00588057 0.00393282 -0.00586243 0.999975 0.040474 -0.201514 -0.203756
FixedParameters: 0 0 0

#Transform 139
Transform: AffineTransform_float_3_3
Parameters: 0.999981 0.00502528 -0.00374965 -0.00500372 0.999972 0.00566288 0.00377835 -0.00564413 0.999977 0.0444135 -0.200808 -0.23439
FixedParameters: 0 0 0

#Transform 140
Transform: AffineTransform_float_3_3
Parameters: 0.999984 0.00451641 -0.00342666 -0.00449459 0.999968 0.0065205 0.00345534 -0.0065045 0.999973 0.0655171 -0.28622 -0.291213
FixedParameters: 0 0 0

#Transform 141
Transform: AffineTransform_float_3_3
Parameters: 0.999984 0.00478139 -0.00276544 -0.00476261 0.999967 0.00661927 0.00279655 -0.00660573 0.999975 0.0471519 -0.311198 -0.251513
FixedParameters: 0 0 0

#Transform 142
Transform: AffineTransform_float_3_3
Parameters: 0.999984 0.00447813 -0.0032828 -0.00446386 0.999981 0.00430072 0.0033022 -0.00428628 0.999986 0.0416555 -0.27497 -0.241903
FixedParameters: 0 0 0

#Transform 143
Transform: AffineTransform_float_3_3
Parameters: 0.999981 0.00454595 -0.00399579 -0.00452105 0.999971 0.00623018 0.0040242 -0.00621182 0.999972 0.0435831 -0.389524 -0.194969
FixedParameters: 0 0 0

#Transform 144
Transform: AffineTransform_float_3_3
Parameters: 0.999981 0.00465428 -0.00420347 -0.00463173 0.999976 0.00529258 0.00422853 -0.00527343 0.999977 0.0470755 -0.330394 -0.217851
FixedParameters: 0 0 0

#Transform 145
Transform: AffineTransform_float_3_3
Parameters: 0.999979 0.00472288 -0.00456419 -0.00468812 0.99996 0.00762156 0.00460082 -0.00760043 0.99996 0.0423747 -0.287633 -0.283815
FixedParameters: 0 0 0

#Transform 146
Transform: AffineTransform_float_3_3
Parameters: 0.999978 0.00471117 -0.00455988 -0.00467183 0.999953 0.00856249 0.00460012 -0.00854151 0.999953 0.042004 -0.328647 -0.311582
FixedParameters: 0 0 0

#Transform 147
Transform: AffineTransform_float_3_3
Parameters: 0.999977 0.00502552 -0.00467654 -0.00499748 0.999969 0.00608951 0.00470746 -0.00606548 0.99997 0.0694518 -0.28141 -0.266542
FixedParameters: 0 0 0

#Transform 148
Transform: AffineTransform_float_3_3
Parameters: 0.99998 0.00437798 -0.00457338 -0.00435002 0.999972 0.00611002 0.00460062 -0.00608998 0.999971 0.0850286 -0.285384 -0.290314
FixedParameters: 0 0 0

#Transform 149
Transform: AffineTransform_float_3_3
Parameters: 0.999979 0.00475199 -0.00456798 -0.00472101 0.999966 0.00677071 0.00460002 -0.00674828 0.999966 0.0853256 -0.314296 -0.272095
FixedParameters: 0 0 0

#Transform 150
Transform: AffineTransform_float_3_3
Parameters: 0.999982 0.00485091 -0.00360103 -0.00482409 0.99996 0.0074445 0.00363697 -0.00742749 0.999966 0.0764903 -0.24213 -0.354345
FixedParameters: 0 0 0

#Transform 151
Transform: AffineTransform_float_3_3
Parameters: 0.999984 0.00489116 -0.00276368 -0.00486685 0.999951 0.00867959 0.00280632 -0.00866641 0.999958 0.079322 -0.285184 -0.384426
FixedParameters: 0 0 0
