# transform file /out/sourcedata/freesurfer/sub-v2s3x28819_ses-1/mri/transforms/cc_up.lta
# created by oesteban on Fri Mar 13 03:30:55 2026

type      = 0 # LINEAR_VOX_TO_VOX
nxforms   = 1
mean      = 134.0000 113.0000 118.0000
sigma     = 10000.0000
1 4 4
9.954469203948975e-01 -3.003657236695290e-02 9.046254307031631e-02 -1.022044467926025e+01 
2.991330623626709e-02 9.995489120483398e-01 2.718410920351744e-03 2.877352714538574e+01 
-9.050337970256805e-02 0.000000000000000e+00 9.958962202072144e-01 3.347607040405273e+01 
0.000000000000000e+00 0.000000000000000e+00 0.000000000000000e+00 1.000000000000000e+00 
src volume info
valid = 1  # volume info valid
filename = /out/sourcedata/freesurfer/sub-v2s3x28819_ses-1/mri/norm.mgz
volume = 256 256 256
voxelsize = 1.000000000000000e+00 1.000000000000000e+00 1.000000000000000e+00
xras   = -1.000000000000000e+00 0.000000000000000e+00 0.000000000000000e+00
yras   = 0.000000000000000e+00 0.000000000000000e+00 -1.000000000000000e+00
zras   = 0.000000000000000e+00 1.000000000000000e+00 0.000000000000000e+00
cras   = -1.558720397949219e+01 3.094554138183594e+01 2.146182250976562e+01
dst volume info
valid = 1  # volume info valid
filename = /out/sourcedata/freesurfer/sub-v2s3x28819_ses-1/mri/norm.mgz
volume = 256 256 256
voxelsize = 1.000000000000000e+00 1.000000000000000e+00 1.000000000000000e+00
xras   = -1.000000000000000e+00 0.000000000000000e+00 0.000000000000000e+00
yras   = 0.000000000000000e+00 0.000000000000000e+00 -1.000000000000000e+00
zras   = 0.000000000000000e+00 1.000000000000000e+00 0.000000000000000e+00
cras   = -1.558720397949219e+01 3.094554138183594e+01 2.146182250976562e+01
