# transform file transforms/talairach.lta
# created by oesteban on Fri Mar 13 02:31:53 2026

type      = 0 # LINEAR_VOX_TO_VOX
nxforms   = 1
mean      = 134.0000 113.0000 118.0000
sigma     = 10000.0000
1 4 4
1.085899949073792e+00 -8.455655537545681e-03 5.880585312843323e-02 -2.342192459106445e+01 
-1.439017010852695e-03 1.158644795417786e+00 1.588341891765594e-01 -2.355271148681641e+01 
-4.497614502906799e-02 -1.830420494079590e-01 1.023513436317444e+00 1.995808410644531e+01 
0.000000000000000e+00 0.000000000000000e+00 0.000000000000000e+00 1.000000000000000e+00 
src volume info
valid = 1  # volume info valid
filename = nu.mgz
volume = 256 256 256
voxelsize = 1.000000000000000e+00 1.000000000000000e+00 1.000000000000000e+00
xras   = -1.000000000000000e+00 0.000000000000000e+00 0.000000000000000e+00
yras   = 0.000000000000000e+00 0.000000000000000e+00 -1.000000000000000e+00
zras   = 0.000000000000000e+00 1.000000000000000e+00 0.000000000000000e+00
cras   = -1.558720397949219e+01 3.094554138183594e+01 2.146182250976562e+01
dst volume info
valid = 1  # volume info valid
filename = /opt/freesurfer/average/RB_all_2020-01-02.gca
volume = 256 256 256
voxelsize = 1.000000000000000e+00 1.000000000000000e+00 1.000000000000000e+00
xras   = -1.000000000000000e+00 0.000000000000000e+00 0.000000000000000e+00
yras   = 0.000000000000000e+00 0.000000000000000e+00 -1.000000000000000e+00
zras   = 0.000000000000000e+00 1.000000000000000e+00 0.000000000000000e+00
cras   = 0.000000000000000e+00 0.000000000000000e+00 0.000000000000000e+00
