#Insight Transform File V1.0
#Transform 0
Transform: AffineTransform_float_3_3
Parameters: 0.999999 -0.000426112 -0.000572673 0.000425071 1 -0.000908301 0.000573446 0.0009087 1 -0.0194806 0.0103442 0.0763005
FixedParameters: 0 0 0

#Transform 1
Transform: AffineTransform_float_3_3
Parameters: 0.999999 -0.00092723 5.64603e-05 0.000927231 0.999999 -6.94765e-06 -5.64474e-05 7.05234e-06 1 -0.0381986 0.0139493 -0.0518116
FixedParameters: 0 0 0

#Transform 2
Transform: AffineTransform_float_3_3
Parameters: 0.999999 -0.000818561 0.000308815 0.000818441 0.999997 0.00256054 -0.000310587 -0.00256046 0.999996 -0.0196589 -0.119469 -0.0789381
FixedParameters: 0 0 0

#Transform 3
Transform: AffineTransform_float_3_3
Parameters: 0.999999 -4.93338e-05 0.000907698 4.7473e-05 0.999999 0.00155981 -0.00090761 -0.00156019 0.999999 -0.00993952 -0.0578481 -0.0368421
FixedParameters: 0 0 0

#Transform 4
Transform: AffineTransform_float_3_3
Parameters: 1 0.00022263 0.00107946 -0.000220904 0.999999 -0.0016983 -0.00108069 0.0016987 0.999998 -0.00819236 -0.105548 -0.0425052
FixedParameters: 0 0 0

#Transform 5
Transform: AffineTransform_float_3_3
Parameters: 1 -0.000872409 0.00072416 0.000875427 0.999987 -0.00495754 -0.000719601 0.00495746 0.999988 -0.00427285 -0.0364345 0.0960064
FixedParameters: 0 0 0

#Transform 6
Transform: AffineTransform_float_3_3
Parameters: 1 -0.000553657 0.000786829 0.000556265 0.999995 -0.00336151 -0.000784785 0.00336149 0.999994 -0.00556429 -0.0142953 0.0569871
FixedParameters: 0 0 0

#Transform 7
Transform: AffineTransform_float_3_3
Parameters: 1 -0.000339129 0.000277827 0.000339872 0.999997 -0.00265791 -0.000277232 0.0026581 0.999997 0.02004 0.0320207 0.019369
FixedParameters: 0 0 0

#Transform 8
Transform: AffineTransform_float_3_3
Parameters: 1 -0.00037823 0.000436846 0.00037901 0.999999 -0.00173184 -0.000436744 0.00173217 0.999999 0.0130002 -0.00637587 0.00844835
FixedParameters: 0 0 0

#Transform 9
Transform: AffineTransform_float_3_3
Parameters: 1 -0.000137922 0.000433653 0.000138877 1 -0.00110194 -0.000433348 0.00110206 1 0.00930431 0.0124739 -0.0634557
FixedParameters: 0 0 0

#Transform 10
Transform: AffineTransform_float_3_3
Parameters: 1 -0.000133212 0.000434795 0.000133875 0.999999 -0.000761941 -0.000434591 0.000762057 0.999999 0.0214993 -0.0374171 -0.0160915
FixedParameters: 0 0 0

#Transform 11
Transform: AffineTransform_float_3_3
Parameters: 1 -2.19332e-05 -1.9772e-05 2.21265e-05 1 -0.001173 1.88526e-05 0.001173 1 0.041641 0.0028016 0.0116302
FixedParameters: 0 0 0

#Transform 12
Transform: AffineTransform_float_3_3
Parameters: 1 -0.00012052 0.000383343 0.000121283 0.999999 -0.000995185 -0.000383103 0.000994815 1 0.023798 0.0367821 -0.0119658
FixedParameters: 0 0 0

#Transform 13
Transform: AffineTransform_float_3_3
Parameters: 1 0.000102552 -0.000528775 -0.00010264 0.999999 -0.00100218 0.000528808 0.00100182 1 0.0321585 -0.00970429 -0.0316393
FixedParameters: 0 0 0

#Transform 14
Transform: AffineTransform_float_3_3
Parameters: 1 -3.23821e-05 2.29652e-05 3.24289e-05 1 -0.00102 -2.28991e-05 0.00102 1 0.0187594 0.0403938 0.0193695
FixedParameters: 0 0 0

#Transform 15
Transform: AffineTransform_float_3_3
Parameters: 1 0.00060592 -3.98794e-05 -0.000606195 0.999999 -0.000449976 4.0305e-05 0.000450024 1 0.0390644 0.0732048 0.0109718
FixedParameters: 0 0 0

#Transform 16
Transform: AffineTransform_float_3_3
Parameters: 1 -0.000342372 0.00016229 0.000341942 0.999999 -0.000928887 -0.000162865 0.000928112 0.999999 0.0333922 0.0995316 0.017635
FixedParameters: 0 0 0

#Transform 17
Transform: AffineTransform_float_3_3
Parameters: 1 0.000129247 -0.000107333 -0.000129384 1 -0.000640986 0.000107167 0.000641014 1 0.036336 0.0407482 0.00822693
FixedParameters: 0 0 0

#Transform 18
Transform: AffineTransform_float_3_3
Parameters: 1 0.000404224 -0.000120284 -0.000404377 0.999999 -0.000638951 0.000119767 0.000639048 1 0.0315775 0.0437136 0.00113094
FixedParameters: 0 0 0

#Transform 19
Transform: AffineTransform_float_3_3
Parameters: 1 -0.00040985 -0.000239317 0.000410448 0.999999 -0.000779098 0.000240194 0.000778901 0.999999 -0.000145457 0.0208915 0.00259811
FixedParameters: 0 0 0

#Transform 20
Transform: AffineTransform_float_3_3
Parameters: 1 -0.000433588 -0.000142308 0.000433447 1 -0.000495062 0.000142737 0.000494938 1 -0.024086 0.00478397 0.00662926
FixedParameters: 0 0 0

#Transform 21
Transform: AffineTransform_float_3_3
Parameters: 1 -0.00040985 -0.000239317 0.000410448 0.999999 -0.000779098 0.000240194 0.000778901 0.999999 0.00225009 0.0400136 0.0218906
FixedParameters: 0 0 0

#Transform 22
Transform: AffineTransform_float_3_3
Parameters: 1 -0.000296127 -0.000211607 0.000295955 1 -0.000407063 0.000211848 0.000406937 1 0.00641908 0.0634474 -0.0124121
FixedParameters: 0 0 0

#Transform 23
Transform: AffineTransform_float_3_3
Parameters: 0.999999 -0.000278471 -0.000773759 0.00027847 1 -1.21547e-06 0.000773759 7.8453e-07 0.999999 0.0340186 0.0274497 0.017538
FixedParameters: 0 0 0

#Transform 24
Transform: AffineTransform_float_3_3
Parameters: 1 3.16164e-05 7.26182e-05 -3.15573e-05 1 -0.000407002 -7.26439e-05 0.000406998 1 0.0459455 0.0701937 0.0148777
FixedParameters: 0 0 0

#Transform 25
Transform: AffineTransform_float_3_3
Parameters: 1 -3.33157e-05 0.000334788 3.32901e-05 0.999999 0.00148901 -0.000334649 -0.00148899 0.999999 0.0211753 0.0109961 -0.0108792
FixedParameters: 0 0 0

#Transform 26
Transform: AffineTransform_float_3_3
Parameters: 1 0.000142131 0.000287529 -0.000141829 0.999998 0.00157796 -0.000287813 -0.00157804 0.999998 0.0205003 0.00683582 -0.0290553
FixedParameters: 0 0 0

#Transform 27
Transform: AffineTransform_float_3_3
Parameters: 1 0.000560534 0.000191057 -0.000560836 0.999999 0.00141689 -0.000190439 -0.00141711 0.999999 0.0406527 0.0285276 -0.021875
FixedParameters: 0 0 0

#Transform 28
Transform: AffineTransform_float_3_3
Parameters: 1 -0.000109907 0.000302451 0.000108554 0.999999 0.00184403 -0.000301882 -0.00184397 0.999999 0.0179148 -0.0271329 0.0107083
FixedParameters: 0 0 0

#Transform 29
Transform: AffineTransform_float_3_3
Parameters: 1 -9.19844e-05 0.000229608 9.06974e-05 0.999998 0.00228602 -0.000229055 -0.00228598 0.999998 0.020386 -0.0146915 -0.0202512
FixedParameters: 0 0 0

#Transform 30
Transform: AffineTransform_float_3_3
Parameters: 1 0.000431943 0.000439015 -0.000432922 0.999997 0.00249681 -0.000437588 -0.00249719 0.999997 0.0225518 0.0153582 -0.0776637
FixedParameters: 0 0 0

#Transform 31
Transform: AffineTransform_float_3_3
Parameters: 1 0.00019516 0.00046034 -0.000196456 0.999998 0.00166668 -0.000460658 -0.00166732 0.999999 0.0239919 -0.1281 -0.0288751
FixedParameters: 0 0 0

#Transform 32
Transform: AffineTransform_float_3_3
Parameters: 1 2.9107e-05 0.000419278 -2.96472e-05 0.999999 0.00180299 -0.000418933 -0.00180301 0.999999 0.00180232 -0.050115 -0.00274185
FixedParameters: 0 0 0

#Transform 33
Transform: AffineTransform_float_3_3
Parameters: 1 0.000534115 0.000131233 -0.000534371 0.999998 0.00189193 -0.000130183 -0.00189207 0.999998 0.0333417 0.0148668 -0.0919887
FixedParameters: 0 0 0

#Transform 34
Transform: AffineTransform_float_3_3
Parameters: 1 0.000344393 0.000285375 -0.000345552 0.999997 0.0024529 -0.000284653 -0.0024531 0.999997 0.0274536 -0.095807 -0.0623249
FixedParameters: 0 0 0

#Transform 35
Transform: AffineTransform_float_3_3
Parameters: 0.999999 0.000671381 0.000388494 -0.000672323 0.999998 0.00152074 -0.000387421 -0.00152126 0.999999 0.0285423 -0.106329 -0.0319007
FixedParameters: 0 0 0

#Transform 36
Transform: AffineTransform_float_3_3
Parameters: 1 0.000431659 0.000462164 -0.000432917 0.999998 0.00161974 -0.000461735 -0.00161926 0.999998 0.0141413 -0.0671757 -0.0238911
FixedParameters: 0 0 0

#Transform 37
Transform: AffineTransform_float_3_3
Parameters: 1 0.000583223 0.000719261 -0.000584464 0.999998 0.00186952 -0.000718782 -0.00186948 0.999998 0.000111687 -0.0609476 -0.0742786
FixedParameters: 0 0 0

#Transform 38
Transform: AffineTransform_float_3_3
Parameters: 0.999999 0.000592634 0.00045326 -0.000593473 0.999999 0.00118873 -0.000452821 -0.00118927 0.999999 0.00457817 -0.0699845 -0.0509914
FixedParameters: 0 0 0

#Transform 39
Transform: AffineTransform_float_3_3
Parameters: 1 0.000133338 0.000476085 -0.000134465 0.999998 0.00220594 -0.000475256 -0.00220607 0.999998 -0.0293053 -0.0670046 -0.0718813
FixedParameters: 0 0 0

#Transform 40
Transform: AffineTransform_float_3_3
Parameters: 0.999999 0.00040605 0.000906195 -0.000408342 0.999998 0.00193263 -0.000905354 -0.00193337 0.999997 -0.0354125 -0.0612305 -0.0537992
FixedParameters: 0 0 0

#Transform 41
Transform: AffineTransform_float_3_3
Parameters: 0.999999 0.000368685 0.00076194 -0.000370302 0.999998 0.00185572 -0.000761301 -0.00185628 0.999998 -0.0131778 -0.0861814 -0.062725
FixedParameters: 0 0 0

#Transform 42
Transform: AffineTransform_float_3_3
Parameters: 0.999999 0.000310266 0.000669181 -0.000311539 0.999998 0.00185579 -0.00066876 -0.00185621 0.999998 -0.012095 -0.110651 -0.0478578
FixedParameters: 0 0 0

#Transform 43
Transform: AffineTransform_float_3_3
Parameters: 1 0.00065537 0.000739383 -0.000657033 0.999998 0.00210575 -0.000738323 -0.00210625 0.999997 -0.00339508 -0.0549112 -0.040829
FixedParameters: 0 0 0

#Transform 44
Transform: AffineTransform_float_3_3
Parameters: 0.999999 0.000703454 0.000586625 -0.0007047 0.999997 0.00229953 -0.00058509 -0.00229947 0.999998 0.00828276 -0.03649 -0.150875
FixedParameters: 0 0 0

#Transform 45
Transform: AffineTransform_float_3_3
Parameters: 0.999999 0.000695528 0.00039885 -0.000696767 0.999998 0.00185572 -0.000397237 -0.00185628 0.999998 0.0220431 -0.119323 -0.0705902
FixedParameters: 0 0 0

#Transform 46
Transform: AffineTransform_float_3_3
Parameters: 1 0.000487656 0.000497791 -0.000489264 0.999998 0.00185576 -0.000496949 -0.00185624 0.999998 0.0294974 -0.0828591 -0.0235788
FixedParameters: 0 0 0

#Transform 47
Transform: AffineTransform_float_3_3
Parameters: 1 1.17553e-05 0.000584971 -1.29551e-05 0.999999 0.00185599 -0.000584686 -0.00185601 0.999998 0.01558 -0.0790257 0.00109433
FixedParameters: 0 0 0

#Transform 48
Transform: AffineTransform_float_3_3
Parameters: 0.999999 -5.50971e-05 0.000941394 5.30748e-05 0.999998 0.00210582 -0.000941144 -0.00210618 0.999998 0.000494359 -0.0619088 -0.0304942
FixedParameters: 0 0 0

#Transform 49
Transform: AffineTransform_float_3_3
Parameters: 0.999999 0.000310331 0.000698043 -0.000311712 0.999998 0.00185578 -0.000697621 -0.00185622 0.999998 0.0218349 -0.0544383 -0.0359621
FixedParameters: 0 0 0

#Transform 50
Transform: AffineTransform_float_3_3
Parameters: 0.999999 0.000171267 0.000758612 -0.000172842 0.999997 0.00247587 -0.000758254 -0.00247613 0.999996 0.0148991 -0.0318647 -0.0514359
FixedParameters: 0 0 0

#Transform 51
Transform: AffineTransform_float_3_3
Parameters: 1 7.35326e-05 0.000586142 -7.53621e-05 0.999995 0.00321995 -0.000585186 -0.00322004 0.999994 0.0177514 -0.007355 -0.063875
FixedParameters: 0 0 0

#Transform 52
Transform: AffineTransform_float_3_3
Parameters: 1 7.27755e-05 0.000589998 -7.39756e-05 0.999996 0.00286496 -0.000590071 -0.00286504 0.999995 0.0175325 0.0223517 -0.0780241
FixedParameters: 0 0 0

#Transform 53
Transform: AffineTransform_float_3_3
Parameters: 0.999999 -4.1183e-05 0.00104805 3.82118e-05 0.999995 0.00292075 -0.00104853 -0.00292025 0.999996 0.00710043 -0.0525879 -0.0524314
FixedParameters: 0 0 0

#Transform 54
Transform: AffineTransform_float_3_3
Parameters: 0.999999 3.75523e-05 0.000731682 -3.95473e-05 0.999996 0.00285297 -0.000731957 -0.00285303 0.999995 0.00921141 -0.0360936 -0.0438238
FixedParameters: 0 0 0

#Transform 55
Transform: AffineTransform_float_3_3
Parameters: 1 0.000284322 0.000546027 -0.00028675 0.999993 0.00354984 -0.000545703 -0.00355015 0.999993 0.00964654 -0.0243603 -0.102175
FixedParameters: 0 0 0

#Transform 56
Transform: AffineTransform_float_3_3
Parameters: 1 -1.24655e-05 0.000136054 1.11506e-05 0.999989 0.00483 -0.000136168 -0.00483 0.999989 0.0308731 -0.0840307 -0.116495
FixedParameters: 0 0 0

#Transform 57
Transform: AffineTransform_float_3_3
Parameters: 1 -3.97348e-05 -4.29668e-05 4.01692e-05 0.999987 0.005079 4.2561e-05 -0.005079 0.999987 0.036271 -0.0815403 -0.104868
FixedParameters: 0 0 0

#Transform 58
Transform: AffineTransform_float_3_3
Parameters: 1 -0.000121704 0.000160169 0.000120961 0.999986 0.00533302 -0.000161225 -0.00533298 0.999986 0.0431483 -0.0745798 -0.107155
FixedParameters: 0 0 0

#Transform 59
Transform: AffineTransform_float_3_3
Parameters: 1 1.70465e-06 -6.78927e-06 -1.63477e-06 0.999987 0.00514 6.80643e-06 -0.00514 0.999987 0.0465033 -0.0795065 -0.147073
FixedParameters: 0 0 0

#Transform 60
Transform: AffineTransform_float_3_3
Parameters: 1 -4.0563e-05 0.000161999 4.00785e-05 0.99999 0.00449101 -0.000162123 -0.00449099 0.99999 0.0398667 -0.0995818 -0.129506
FixedParameters: 0 0 0

#Transform 61
Transform: AffineTransform_float_3_3
Parameters: 1 -7.4031e-05 0.000295879 7.24452e-05 0.99999 0.00431802 -0.000296273 -0.00431798 0.99999 0.0401773 -0.0645375 -0.105576
FixedParameters: 0 0 0

#Transform 62
Transform: AffineTransform_float_3_3
Parameters: 1 -4.43524e-05 0.000177544 4.39223e-05 0.999992 0.00394501 -0.000177654 -0.00394499 0.999992 0.0705944 -0.0563213 -0.0593063
FixedParameters: 0 0 0

#Transform 63
Transform: AffineTransform_float_3_3
Parameters: 1 -1.93768e-06 7.76179e-06 1.87883e-06 0.999993 0.003787 -7.77624e-06 -0.003787 0.999993 0.0965496 -0.043889 -0.0443166
FixedParameters: 0 0 0

#Transform 64
Transform: AffineTransform_float_3_3
Parameters: 1 -0.000274488 0.000542212 0.000271353 0.999974 0.00713697 -0.000543945 -0.00713803 0.999974 0.0678945 -0.0680089 -0.117292
FixedParameters: 0 0 0

#Transform 65
Transform: AffineTransform_float_3_3
Parameters: 1 -0.000362028 0.000829278 0.000354863 0.999962 0.0087043 -0.000831667 -0.0087037 0.999962 0.00821478 -0.152974 -0.220334
FixedParameters: 0 0 0

#Transform 66
Transform: AffineTransform_float_3_3
Parameters: 0.999999 -0.000220463 0.00086639 0.000212831 0.999966 0.00831819 -0.000868324 -0.00831782 0.999965 0.00296868 -0.112641 -0.251385
FixedParameters: 0 0 0

#Transform 67
Transform: AffineTransform_float_3_3
Parameters: 0.999999 -0.000204378 0.000803411 0.000197908 0.999966 0.00824916 -0.00080506 -0.00824884 0.999965 0.0219755 -0.136769 -0.228377
FixedParameters: 0 0 0

#Transform 68
Transform: AffineTransform_float_3_3
Parameters: 1 -0.000105563 0.000415809 0.000102011 0.99997 0.00776604 -0.000416706 -0.00776595 0.99997 0.0517446 -0.0926118 -0.256394
FixedParameters: 0 0 0

#Transform 69
Transform: AffineTransform_float_3_3
Parameters: 1 -0.000105531 0.000415818 0.000102044 0.999971 0.00768805 -0.000416698 -0.00768796 0.999971 0.0492847 -0.122808 -0.244366
FixedParameters: 0 0 0

#Transform 70
Transform: AffineTransform_float_3_3
Parameters: 1 -8.92935e-05 0.000351846 8.67955e-05 0.99997 0.0076828 -0.000352484 -0.0076832 0.999971 0.0421493 -0.13373 -0.213291
FixedParameters: 0 0 0

#Transform 71
Transform: AffineTransform_float_3_3
Parameters: 0.999999 -0.000196018 0.000772519 0.00019003 0.999971 0.00763914 -0.000774036 -0.00763885 0.99997 0.0233745 -0.162726 -0.212052
FixedParameters: 0 0 0

#Transform 72
Transform: AffineTransform_float_3_3
Parameters: 0.999999 -0.000199148 0.000781009 0.000192165 0.999961 0.00881215 -0.000782788 -0.00881185 0.999961 0.0103814 -0.209532 -0.23353
FixedParameters: 0 0 0

#Transform 73
Transform: AffineTransform_float_3_3
Parameters: 1 -0.000458395 -0.000116629 0.000459344 0.999965 0.00828794 0.000112908 -0.00828805 0.999965 0.0355251 -0.177374 -0.207897
FixedParameters: 0 0 0

#Transform 74
Transform: AffineTransform_float_3_3
Parameters: 1 -0.000487465 -0.000124045 0.00048831 0.999965 0.00832495 0.000120777 -0.00832506 0.999966 0.0454917 -0.184119 -0.202542
FixedParameters: 0 0 0

#Transform 75
Transform: AffineTransform_float_3_3
Parameters: 1 0 0 0 0.999966 0.008238 0 -0.008238 0.999966 0.057944 -0.178592 -0.256498
FixedParameters: 0 0 0

#Transform 76
Transform: AffineTransform_float_3_3
Parameters: 1 -0.000389606 -9.90526e-05 0.000390238 0.999967 0.00810796 9.66141e-05 -0.00810804 0.999967 0.048048 -0.188045 -0.216181
FixedParameters: 0 0 0

#Transform 77
Transform: AffineTransform_float_3_3
Parameters: 1 -0.000180277 -4.57858e-05 0.000180512 0.999969 0.00786099 4.48919e-05 -0.00786101 0.999969 0.0533081 -0.172994 -0.216124
FixedParameters: 0 0 0

#Transform 78
Transform: AffineTransform_float_3_3
Parameters: 1 -0.000334338 -3.22945e-05 0.000334343 0.999969 0.00786099 2.89801e-05 -0.00786101 0.999969 0.0474764 -0.174594 -0.187728
FixedParameters: 0 0 0

#Transform 79
Transform: AffineTransform_float_3_3
Parameters: 1 -2.41944e-05 9.49665e-05 2.35296e-05 0.999963 0.008605 -9.51386e-05 -0.008605 0.999963 0.0536623 -0.135794 -0.247238
FixedParameters: 0 0 0

#Transform 80
Transform: AffineTransform_float_3_3
Parameters: 1 -0.000242247 -6.17767e-05 0.000242611 0.999961 0.00883798 6.04049e-05 -0.00883801 0.999961 0.0517661 -0.181899 -0.219158
FixedParameters: 0 0 0

#Transform 81
Transform: AffineTransform_float_3_3
Parameters: 1 -6.09579e-05 0.00023936 5.88196e-05 0.999964 0.00851401 -0.000239903 -0.00851398 0.999963 0.0472359 -0.132163 -0.207204
FixedParameters: 0 0 0

#Transform 82
Transform: AffineTransform_float_3_3
Parameters: 1 -4.44571e-05 0.000174424 4.23848e-05 0.999962 0.00871101 -0.000174941 -0.00871099 0.999962 0.0575958 -0.143862 -0.238867
FixedParameters: 0 0 0

#Transform 83
Transform: AffineTransform_float_3_3
Parameters: 1 -2.54428e-05 9.98081e-05 2.46663e-05 0.999962 0.008746 -0.000100008 -0.00874599 0.999961 0.0499901 -0.180395 -0.23765
FixedParameters: 0 0 0

#Transform 84
Transform: AffineTransform_float_3_3
Parameters: 1 -0.000242266 -6.17009e-05 0.000242592 0.999963 0.00852498 6.04808e-05 -0.00852501 0.999963 0.061742 -0.153751 -0.214593
FixedParameters: 0 0 0

#Transform 85
Transform: AffineTransform_float_3_3
Parameters: 1 0 0 0 0.999959 0.00897899 0 -0.00897899 0.999959 0.07453 -0.106283 -0.23076
FixedParameters: 0 0 0

#Transform 86
Transform: AffineTransform_float_3_3
Parameters: 1 -0.000242225 -6.18642e-05 0.000242633 0.999957 0.00919898 6.03173e-05 -0.00919901 0.999957 0.05176 -0.161546 -0.233818
FixedParameters: 0 0 0

#Transform 87
Transform: AffineTransform_float_3_3
Parameters: 1 -1.82835e-05 7.17058e-05 1.79913e-05 0.999961 0.00880401 -7.17866e-05 -0.008804 0.999961 0.0577317 -0.130252 -0.230013
FixedParameters: 0 0 0

#Transform 88
Transform: AffineTransform_float_3_3
Parameters: 1 -0.000117056 0.000143548 0.000116296 0.999964 0.00856302 -0.000144098 -0.00856299 0.999964 0.0717098 -0.155588 -0.243888
FixedParameters: 0 0 0

#Transform 89
Transform: AffineTransform_float_3_3
Parameters: 1 -7.24239e-05 -7.21304e-05 7.27095e-05 0.999961 0.008804 7.0614e-05 -0.00880401 0.999961 0.072366 -0.179332 -0.214313
FixedParameters: 0 0 0

#Transform 90
Transform: AffineTransform_float_3_3
Parameters: 1 -0.000160983 -0.000247333 0.000163861 0.999965 0.00829795 0.00024537 -0.00829803 0.999965 0.0682293 -0.169402 -0.0753452
FixedParameters: 0 0 0

#Transform 91
Transform: AffineTransform_float_3_3
Parameters: 1 -1.09218e-05 -0.000667002 1.56783e-05 0.999978 0.00665699 0.000666842 -0.00665701 0.999977 0.0416484 -0.0396665 -0.336524
FixedParameters: 0 0 0

#Transform 92
Transform: AffineTransform_float_3_3
Parameters: 1 2.72747e-05 -0.000107597 -2.66511e-05 0.999972 0.007405 0.000107758 -0.00740499 0.999972 0.0658383 -0.0941658 -0.242279
FixedParameters: 0 0 0

#Transform 93
Transform: AffineTransform_float_3_3
Parameters: 1 0.000112539 -0.000443958 -0.000109843 0.999972 0.00740482 0.000444651 -0.00740518 0.999973 0.0901983 -0.0783404 -0.279466
FixedParameters: 0 0 0

#Transform 94
Transform: AffineTransform_float_3_3
Parameters: 1 -0.000370492 -0.000268182 0.000372661 0.999974 0.0072249 0.000265488 -0.0072251 0.999974 0.0703755 -0.0744556 -0.243807
FixedParameters: 0 0 0

#Transform 95
Transform: AffineTransform_float_3_3
Parameters: 1 -7.54821e-05 -0.000292493 7.75428e-05 0.999973 0.00725797 0.000291877 -0.00725802 0.999973 0.0906308 -0.0481456 -0.274198
FixedParameters: 0 0 0

#Transform 96
Transform: AffineTransform_float_3_3
Parameters: 1 -5.40246e-05 -0.000438663 5.7034e-05 0.999976 0.00702698 0.000438138 -0.00702703 0.999975 0.0914429 -0.0732497 -0.236107
FixedParameters: 0 0 0

#Transform 97
Transform: AffineTransform_float_3_3
Parameters: 1 -1.8954e-05 -0.000675275 2.42059e-05 0.999976 0.00694298 0.000674992 -0.00694301 0.999975 0.0956432 0.0125926 -0.242775
FixedParameters: 0 0 0

#Transform 98
Transform: AffineTransform_float_3_3
Parameters: 1 4.4454e-05 -0.000175456 -4.28657e-05 0.999974 0.00728501 0.000175854 -0.007285 0.999974 0.0752183 -0.00646162 -0.286386
FixedParameters: 0 0 0

#Transform 99
Transform: AffineTransform_float_3_3
Parameters: 1 -0.000602607 -0.000117432 0.000604009 0.999975 0.00701393 0.000114063 -0.00701407 0.999976 -0.0222464 -0.018445 -0.307789
FixedParameters: 0 0 0

#Transform 100
Transform: AffineTransform_float_3_3
Parameters: 0.999999 -0.000833738 0.000290252 0.000831287 0.999975 0.00710948 -0.000296517 -0.00710852 0.999974 -0.061486 -0.0309214 -0.326796
FixedParameters: 0 0 0

#Transform 101
Transform: AffineTransform_float_3_3
Parameters: 0.999999 -0.000548495 -0.000715962 0.000552689 0.99998 0.0063256 0.000711926 -0.00632639 0.999979 0.00745036 -0.0193522 -0.297604
FixedParameters: 0 0 0

#Transform 102
Transform: AffineTransform_float_3_3
Parameters: 1 -0.000438128 -0.000327366 0.000439872 0.999977 0.00675886 0.000323868 -0.00675914 0.999977 0.019959 -0.0596645 -0.274572
FixedParameters: 0 0 0

#Transform 103
Transform: AffineTransform_float_3_3
Parameters: 0.999999 -0.000646662 -0.000412766 0.000648725 0.99998 0.00632573 0.00040895 -0.00632626 0.99998 0.00859697 -0.0287863 -0.261757
FixedParameters: 0 0 0

#Transform 104
Transform: AffineTransform_float_3_3
Parameters: 1 -0.000378199 -0.000564815 0.000381951 0.999979 0.00654979 0.000562034 -0.00655022 0.999979 0.0305691 -0.0232779 -0.278529
FixedParameters: 0 0 0

#Transform 105
Transform: AffineTransform_float_3_3
Parameters: 0.999999 -0.000659232 -0.000472912 0.000662356 0.999977 0.00664769 0.000468505 -0.00664831 0.999978 0.0174909 -0.0526599 -0.25849
FixedParameters: 0 0 0

#Transform 106
Transform: AffineTransform_float_3_3
Parameters: 0.999999 -0.000703597 -0.000297375 0.000705312 0.999978 0.00657302 0.000292732 -0.00657297 0.999978 0.00968907 -0.0593027 -0.217094
FixedParameters: 0 0 0

#Transform 107
Transform: AffineTransform_float_3_3
Parameters: 1 -0.000528549 3.06925e-05 0.000528405 0.999981 0.00616602 -3.40578e-05 -0.00616598 0.999981 0.0346077 -0.0431503 -0.20049
FixedParameters: 0 0 0

#Transform 108
Transform: AffineTransform_float_3_3
Parameters: 1 -8.31369e-05 -0.000140603 8.36758e-05 0.99998 0.00622498 0.000140297 -0.00622501 0.99998 0.0561924 -0.0893534 -0.235996
FixedParameters: 0 0 0

#Transform 109
Transform: AffineTransform_float_3_3
Parameters: 1 -0.000553439 0.000129811 0.000552176 0.999983 0.00577808 -0.000133047 -0.00577793 0.999984 0.00774961 -0.0807487 -0.179183
FixedParameters: 0 0 0

#Transform 110
Transform: AffineTransform_float_3_3
Parameters: 1 -0.000305057 0.000101539 0.000304327 0.999982 0.00598609 -0.000103007 -0.00598691 0.999982 0.0258968 -0.0499835 -0.186642
FixedParameters: 0 0 0

#Transform 111
Transform: AffineTransform_float_3_3
Parameters: 1 -0.00056624 0.00018164 0.000564662 0.999988 0.00501411 -0.000184158 -0.0050139 0.999988 0.00795327 -0.159224 -0.183331
FixedParameters: 0 0 0

#Transform 112
Transform: AffineTransform_float_3_3
Parameters: 0.999999 -0.00135024 0.00024433 0.00134886 0.999985 0.00530962 -0.000251147 -0.00530938 0.999986 -0.0560151 -0.146019 -0.146769
FixedParameters: 0 0 0

#Transform 113
Transform: AffineTransform_float_3_3
Parameters: 1 -0.00110067 0.00021099 0.00109908 0.999984 0.00546023 -0.000217668 -0.00545976 0.999985 -0.0417133 -0.0836529 -0.130619
FixedParameters: 0 0 0

#Transform 114
Transform: AffineTransform_float_3_3
Parameters: 1 -0.00102577 0.000655758 0.00102237 0.999985 0.00536373 -0.000660695 -0.00536327 0.999986 -0.0386939 -0.0227525 -0.128854
FixedParameters: 0 0 0

#Transform 115
Transform: AffineTransform_float_3_3
Parameters: 1 -0.000417518 -7.42135e-05 0.000417661 0.999982 0.00585997 7.22327e-05 -0.00586003 0.999983 -0.0217976 -0.0551528 -0.187407
FixedParameters: 0 0 0

#Transform 116
Transform: AffineTransform_float_3_3
Parameters: 1 0.000360529 -0.000571211 -0.000357268 0.999981 0.0060332 0.000573616 -0.00603279 0.999981 0.00951139 -0.0507369 -0.183074
FixedParameters: 0 0 0

#Transform 117
Transform: AffineTransform_float_3_3
Parameters: 1 0.000453116 0.000227139 -0.000454616 0.999975 0.0070749 -0.000223392 -0.0070751 0.999975 0.00412164 -0.0531379 -0.269219
FixedParameters: 0 0 0

#Transform 118
Transform: AffineTransform_float_3_3
Parameters: 1 -0.000549456 0.000112512 0.000548784 0.999973 0.00725806 -0.000116122 -0.00725793 0.999973 -0.0291324 -0.0965146 -0.25743
FixedParameters: 0 0 0

#Transform 119
Transform: AffineTransform_float_3_3
Parameters: 1 -0.000511627 -3.69093e-05 0.0005112 0.999971 0.00752698 3.3095e-05 -0.00752701 0.999971 -0.0254645 -0.084027 -0.235706
FixedParameters: 0 0 0

#Transform 120
Transform: AffineTransform_float_3_3
Parameters: 1 -0.000456815 -0.000253049 0.000458657 0.999972 0.00749088 0.000249837 -0.00749111 0.999972 -0.0336363 -0.0741605 -0.224703
FixedParameters: 0 0 0

#Transform 121
Transform: AffineTransform_float_3_3
Parameters: 1 -0.000590527 0.00027427 0.000588354 0.999972 0.00747616 -0.000278483 -0.00747584 0.999972 -0.0311362 -0.0632718 -0.261162
FixedParameters: 0 0 0

#Transform 122
Transform: AffineTransform_float_3_3
Parameters: 1 -0.00066219 0.000231297 0.000660387 0.999972 0.00754444 -0.000235705 -0.00754456 0.999971 -0.0379172 -0.0631029 -0.262401
FixedParameters: 0 0 0

#Transform 123
Transform: AffineTransform_float_3_3
Parameters: 0.999999 -0.000887021 -0.000285408 0.000889715 0.999967 0.00815798 0.000278682 -0.00815802 0.999966 -0.0271933 -0.0813797 -0.28017
FixedParameters: 0 0 0

#Transform 124
Transform: AffineTransform_float_3_3
Parameters: 1 -0.000562893 0.000164258 0.000560874 0.999965 0.0083261 -0.000168282 -0.00832591 0.999966 -0.0540448 -0.0826548 -0.298614
FixedParameters: 0 0 0

#Transform 125
Transform: AffineTransform_float_3_3
Parameters: 0.999999 -0.000813414 -6.01284e-05 0.000813745 0.999957 0.00916595 5.225e-05 -0.00916604 0.999958 -0.0450055 -0.0913714 -0.315488
FixedParameters: 0 0 0

#Transform 126
Transform: AffineTransform_float_3_3
Parameters: 1 -0.00107284 0.000317601 0.00106998 0.999959 0.00898741 -0.000327898 -0.0089876 0.99996 -0.0552589 -0.100451 -0.2701
FixedParameters: 0 0 0

#Transform 127
Transform: AffineTransform_float_3_3
Parameters: 0.999999 -0.000811469 -7.13698e-05 0.000812143 0.999964 0.008386 6.38184e-05 -0.00838699 0.999964 -0.0323127 -0.0715263 -0.277094
FixedParameters: 0 0 0

#Transform 128
Transform: AffineTransform_float_3_3
Parameters: 1 -0.000663196 -9.03986e-05 0.000664444 0.999965 0.00840917 8.43285e-05 -0.00840883 0.999964 -0.0377549 -0.0720851 -0.303178
FixedParameters: 0 0 0

#Transform 129
Transform: AffineTransform_float_3_3
Parameters: 0.999999 -0.000630379 0.000428589 0.00062654 0.999962 0.00870227 -0.000433478 -0.00870173 0.999962 -0.058326 -0.0905259 -0.274709
FixedParameters: 0 0 0

#Transform 130
Transform: AffineTransform_float_3_3
Parameters: 1 -0.000644565 -2.19217e-05 0.000644443 0.999961 0.00878322 1.66655e-05 -0.00878278 0.999961 -0.0282516 -0.0537988 -0.253824
FixedParameters: 0 0 0

#Transform 131
Transform: AffineTransform_float_3_3
Parameters: 1 -0.000604898 -0.00102322 0.000613303 0.999961 0.00885733 0.00101829 -0.00885769 0.999961 -0.00759636 -0.0949247 -0.257698
FixedParameters: 0 0 0

#Transform 132
Transform: AffineTransform_float_3_3
Parameters: 0.999999 -0.000420715 -0.00123444 0.00043179 0.999959 0.00910742 0.00123108 -0.00910758 0.999958 0.0230169 -0.102792 -0.266522
FixedParameters: 0 0 0

#Transform 133
Transform: AffineTransform_float_3_3
Parameters: 0.999999 -0.000666429 -0.000620679 0.000671642 0.999964 0.00852676 0.000614142 -0.00852624 0.999963 -0.00754543 -0.0503929 -0.240644
FixedParameters: 0 0 0

#Transform 134
Transform: AffineTransform_float_3_3
Parameters: 0.999999 -0.000647934 -0.000308412 0.000650708 0.999964 0.0084658 0.000303005 -0.0084662 0.999964 -0.0242552 -0.0549891 -0.264563
FixedParameters: 0 0 0

#Transform 135
Transform: AffineTransform_float_3_3
Parameters: 0.999999 -0.000824983 -0.000435402 0.000828572 0.99996 0.00888265 0.000428977 -0.00888336 0.999961 -0.0354227 -0.072618 -0.246559
FixedParameters: 0 0 0

#Transform 136
Transform: AffineTransform_float_3_3
Parameters: 0.999999 -0.0007866 -0.00025008 0.000789029 0.999961 0.00877681 0.000244019 -0.0087772 0.999962 -0.0462289 -0.051155 -0.277825
FixedParameters: 0 0 0

#Transform 137
Transform: AffineTransform_float_3_3
Parameters: 0.999999 -0.000827557 -0.000166276 0.000828618 0.999965 0.0083921 0.000159175 -0.0083919 0.999965 -0.0478008 -0.0472559 -0.327547
FixedParameters: 0 0 0

#Transform 138
Transform: AffineTransform_float_3_3
Parameters: 1 -0.000946065 0.000344492 0.000943588 0.999966 0.00813138 -0.000351867 -0.00813161 0.999967 -0.0517259 -0.069019 -0.307936
FixedParameters: 0 0 0

#Transform 139
Transform: AffineTransform_float_3_3
Parameters: 0.999999 -0.000438965 -0.00064311 0.000443582 0.999966 0.00831472 0.000639434 -0.00831529 0.999965 0.0129632 -0.0380138 -0.369492
FixedParameters: 0 0 0

#Transform 140
Transform: AffineTransform_float_3_3
Parameters: 0.999999 -0.000204364 -0.00124204 0.000215756 0.999961 0.00888768 0.00123981 -0.00888732 0.99996 0.0309416 -0.069351 -0.441806
FixedParameters: 0 0 0

#Transform 141
Transform: AffineTransform_float_3_3
Parameters: 1 -0.000929503 -0.000531833 0.000934623 0.999964 0.00850174 0.000523276 -0.00850226 0.999963 -0.0436261 -0.0525009 -0.358454
FixedParameters: 0 0 0

#Transform 142
Transform: AffineTransform_float_3_3
Parameters: 0.999999 -0.000658566 -0.000493707 0.000663429 0.999964 0.00839061 0.000487964 -0.00839037 0.999965 -0.0300895 -0.0465087 -0.353229
FixedParameters: 0 0 0

#Transform 143
Transform: AffineTransform_float_3_3
Parameters: 1 -0.000603132 -0.000890194 0.000611306 0.999966 0.00827647 0.000885747 -0.00827755 0.999966 0.00432316 -0.0508212 -0.315253
FixedParameters: 0 0 0

#Transform 144
Transform: AffineTransform_float_3_3
Parameters: 1 -0.000438365 -0.000325131 0.00044083 0.999966 0.00829509 0.000321246 -0.00829491 0.999965 -0.0433362 -0.0273895 -0.2456
FixedParameters: 0 0 0

#Transform 145
Transform: AffineTransform_float_3_3
Parameters: 1 -0.000523677 1.04382e-05 0.000523499 0.99997 0.00781101 -1.44947e-05 -0.007811 0.99997 -0.0474462 -0.00211719 -0.261588
FixedParameters: 0 0 0

#Transform 146
Transform: AffineTransform_float_3_3
Parameters: 1 -0.000485031 -0.000141752 0.000486274 0.999969 0.00785093 0.000138011 -0.00785107 0.999969 -0.031617 -0.0210803 -0.284939
FixedParameters: 0 0 0

#Transform 147
Transform: AffineTransform_float_3_3
Parameters: 1 -0.000458861 -0.000244637 0.000460902 0.999966 0.00817082 0.000240768 -0.00817016 0.999966 -0.0349355 -0.0171349 -0.264633
FixedParameters: 0 0 0

#Transform 148
Transform: AffineTransform_float_3_3
Parameters: 0.999999 -0.000787655 -0.000144623 0.000789284 0.999966 0.00821589 0.000138703 -0.00821611 0.999966 -0.0427693 0.0155294 -0.222803
FixedParameters: 0 0 0

#Transform 149
Transform: AffineTransform_float_3_3
Parameters: 0.999999 -0.000920077 9.63388e-05 0.000918745 0.999968 0.00802133 -0.000103813 -0.00802068 0.999968 -0.0284876 0.0340873 -0.19231
FixedParameters: 0 0 0

#Transform 150
Transform: AffineTransform_float_3_3
Parameters: 0.999999 -0.00081358 -0.000400248 0.000816143 0.999971 0.00747867 0.000393409 -0.00747932 0.999972 -0.0206748 0.0616355 -0.207708
FixedParameters: 0 0 0

#Transform 151
Transform: AffineTransform_float_3_3
Parameters: 0.999999 -0.000437514 -0.000662854 0.000442294 0.999972 0.00745065 0.000660201 -0.00745035 0.999972 0.00239942 0.0332093 -0.205624
FixedParameters: 0 0 0
