#Insight Transform File V1.0
#Transform 0
Transform: AffineTransform_float_3_3
Parameters: 0.999999 -0.00113977 -0.000986356 0.00114239 0.999996 0.00228987 0.000984197 -0.00229112 0.999997 0.000726434 -0.000587435 -0.0858657
FixedParameters: 0 0 0

#Transform 1
Transform: AffineTransform_float_3_3
Parameters: 1 -0.000807106 -0.000883257 0.000808427 0.999996 0.00242829 0.000880437 -0.00242971 0.999996 0.0153758 -0.0107206 -0.0984735
FixedParameters: 0 0 0

#Transform 2
Transform: AffineTransform_float_3_3
Parameters: 0.999999 -0.000474584 -0.00116134 0.000478005 0.999996 0.00275044 0.00115983 -0.00275055 0.999995 0.0587072 -0.0277746 -0.12016
FixedParameters: 0 0 0

#Transform 3
Transform: AffineTransform_float_3_3
Parameters: 0.999999 -0.00104955 -0.00101336 0.00105136 0.999996 0.00234093 0.00101055 -0.00234206 0.999996 0.0151121 0.0168163 -0.114775
FixedParameters: 0 0 0

#Transform 4
Transform: AffineTransform_float_3_3
Parameters: 0.999999 -0.000889072 -0.00106592 0.000890354 0.999998 0.00152309 0.00106428 -0.00152391 0.999999 0.0202613 0.0351484 -0.133657
FixedParameters: 0 0 0

#Transform 5
Transform: AffineTransform_float_3_3
Parameters: 0.999999 -0.000225634 -0.000678593 0.000226002 1 0.000270847 0.000678471 -0.000271153 0.999999 -0.0137108 0.0673041 -0.0973218
FixedParameters: 0 0 0

#Transform 6
Transform: AffineTransform_float_3_3
Parameters: 0.999999 -0.000537622 -0.00116002 0.000537032 1 0.000161411 0.00116089 -0.000161591 1 0.0357265 0.0907628 -0.0197326
FixedParameters: 0 0 0

#Transform 7
Transform: AffineTransform_float_3_3
Parameters: 1 -0.000716736 -0.000957344 0.00071794 0.999999 0.00113231 0.000956753 -0.00113269 0.999999 0.0199299 0.0775463 -0.0749809
FixedParameters: 0 0 0

#Transform 8
Transform: AffineTransform_float_3_3
Parameters: 0.999999 -0.000588059 -0.001159 0.000589531 0.999998 0.00148235 0.00115832 -0.00148365 0.999998 0.0298942 0.0237551 -0.0955944
FixedParameters: 0 0 0

#Transform 9
Transform: AffineTransform_float_3_3
Parameters: 0.999999 -0.000650899 -0.00115643 0.000651615 0.999999 0.00072628 0.00115652 -0.000726719 0.999999 0.0309933 0.0314113 -0.0941308
FixedParameters: 0 0 0

#Transform 10
Transform: AffineTransform_float_3_3
Parameters: 0.999999 -0.0006499 -0.00115699 0.000651615 0.999998 0.00159028 0.00115599 -0.00159072 0.999998 0.0284601 -0.0110158 -0.106379
FixedParameters: 0 0 0

#Transform 11
Transform: AffineTransform_float_3_3
Parameters: 0.999999 -0.000650422 -0.0011567 0.000652093 0.999999 0.00113925 0.00115625 -0.00113975 0.999998 0.0457528 0.0473818 -0.0974742
FixedParameters: 0 0 0

#Transform 12
Transform: AffineTransform_float_3_3
Parameters: 1 -0.000157945 -0.00117331 0.000159171 0.999999 0.000932848 0.00117405 -0.000933151 0.999999 0.0739613 0.0366943 -0.110912
FixedParameters: 0 0 0

#Transform 13
Transform: AffineTransform_float_3_3
Parameters: 1 -0.000208378 -0.00106855 0.000209447 0.999999 0.000967811 0.00106818 -0.000968188 0.999999 0.0591218 0.0188012 -0.108025
FixedParameters: 0 0 0

#Transform 14
Transform: AffineTransform_float_3_3
Parameters: 1 -0.000224435 -0.00117097 0.000225599 1 0.000481771 0.00117175 -0.000482228 0.999999 0.0624155 0.0377371 -0.0640979
FixedParameters: 0 0 0

#Transform 15
Transform: AffineTransform_float_3_3
Parameters: 1 -0.000201879 -0.00117182 0.000203183 0.999999 0.000967797 0.00117247 -0.000968202 0.999999 0.054804 0.0366391 -0.0641664
FixedParameters: 0 0 0

#Transform 16
Transform: AffineTransform_float_3_3
Parameters: 1 -0.000196876 -0.00109285 0.000197639 1 0.000348819 0.00109271 -0.000349181 1 0.0464746 0.0671144 -0.0521391
FixedParameters: 0 0 0

#Transform 17
Transform: AffineTransform_float_3_3
Parameters: 1 -0.000145929 -0.000656319 0.000146059 1 9.89041e-05 0.00065629 -9.90958e-05 1 0.0454144 0.0492968 -0.095584
FixedParameters: 0 0 0

#Transform 18
Transform: AffineTransform_float_3_3
Parameters: 0.999998 -0.00098035 -0.00208448 0.00098131 1 0.000468988 0.0020836 -0.000471012 0.999997 0.0746165 -0.0496146 -0.0484959
FixedParameters: 0 0 0

#Transform 19
Transform: AffineTransform_float_3_3
Parameters: 0.999999 0.00157483 0.000109652 -0.00157477 0.999998 -0.000289209 -0.000110564 0.00028979 1 0.0194565 -0.0472576 -0.0488009
FixedParameters: 0 0 0

#Transform 20
Transform: AffineTransform_float_3_3
Parameters: 0.999999 0.000562955 0.000801781 -0.0005617 0.999998 -0.00198545 -0.000801945 0.00198455 0.999997 -0.034887 0.027941 0.00151478
FixedParameters: 0 0 0

#Transform 21
Transform: AffineTransform_float_3_3
Parameters: 0.999999 -0.00135292 -0.000251504 0.00135235 0.999998 -0.00106734 0.000253391 0.00106666 1 -0.0267017 0.0474753 0.0065356
FixedParameters: 0 0 0

#Transform 22
Transform: AffineTransform_float_3_3
Parameters: 1 9.40446e-05 5.46225e-05 -9.38915e-05 0.999999 -0.00139801 -5.48852e-05 0.00139799 0.999999 -0.0233297 0.047023 -0.105072
FixedParameters: 0 0 0

#Transform 23
Transform: AffineTransform_float_3_3
Parameters: 1 8.01461e-05 -0.000326143 -8.11968e-05 0.999998 -0.00161197 0.000325883 0.00161103 0.999998 0.0507502 0.0761672 0.00864873
FixedParameters: 0 0 0

#Transform 24
Transform: AffineTransform_float_3_3
Parameters: 0.999999 0.000785209 -0.000652165 -0.000784182 1 0.000787477 0.0006534 -0.000786522 0.999999 0.0543034 -0.0160534 0.0978991
FixedParameters: 0 0 0

#Transform 25
Transform: AffineTransform_float_3_3
Parameters: 0.999999 0.00068262 -0.000494441 -0.000681688 1 0.000977338 0.000494775 -0.000976663 1 0.0465513 0.0118475 0.0555803
FixedParameters: 0 0 0

#Transform 26
Transform: AffineTransform_float_3_3
Parameters: 0.999999 0.00050701 -0.000857809 -0.000505705 0.999999 0.00076047 0.000858579 -0.000760529 1 0.058956 0.0334717 0.0710363
FixedParameters: 0 0 0

#Transform 27
Transform: AffineTransform_float_3_3
Parameters: 0.999999 6.07308e-05 -0.000989416 -5.73007e-05 0.999994 0.00326709 0.000988907 -0.00326691 0.999994 0.0683362 -0.0613609 0.0217634
FixedParameters: 0 0 0

#Transform 28
Transform: AffineTransform_float_3_3
Parameters: 0.999999 -0.000474924 -0.000737124 0.000477051 0.999996 0.00277865 0.000735549 -0.00277835 0.999996 0.0636798 -0.111466 0.0419516
FixedParameters: 0 0 0

#Transform 29
Transform: AffineTransform_float_3_3
Parameters: 1 0.000127622 -0.000402489 -0.000127425 0.999999 0.00148605 0.000402903 -0.00148595 0.999999 0.102389 -0.0402074 0.0595082
FixedParameters: 0 0 0

#Transform 30
Transform: AffineTransform_float_3_3
Parameters: 1 -0.000216443 -0.000635796 0.000216201 1 -0.000190137 0.000635879 0.000189862 1 0.11944 0.105825 0.0906057
FixedParameters: 0 0 0

#Transform 31
Transform: AffineTransform_float_3_3
Parameters: 1 0.000246978 -0.000278277 -0.000245901 0.999998 0.00199807 0.000278262 -0.00199793 0.999998 0.0371887 -0.0820778 0.0713106
FixedParameters: 0 0 0

#Transform 32
Transform: AffineTransform_float_3_3
Parameters: 1 9.61506e-05 -0.000656573 -9.51259e-05 0.999999 0.00154106 0.000656902 -0.00154094 0.999998 0.0478703 -0.0137002 0.0569002
FixedParameters: 0 0 0

#Transform 33
Transform: AffineTransform_float_3_3
Parameters: 1 9.63758e-05 -0.00065654 -9.58999e-05 0.999998 0.00188406 0.000656972 -0.00188394 0.999998 0.0639875 -0.0204167 0.0770297
FixedParameters: 0 0 0

#Transform 34
Transform: AffineTransform_float_3_3
Parameters: 1 8.40289e-05 -0.0010732 -8.11386e-05 0.999995 0.00320812 0.00107387 -0.00320788 0.999995 0.0769309 -0.061424 0.0715016
FixedParameters: 0 0 0

#Transform 35
Transform: AffineTransform_float_3_3
Parameters: 1 0.000111602 -0.000652026 -0.000111005 0.999998 0.00199007 0.000652539 -0.00198993 0.999998 0.0480498 -0.0219329 0.0389176
FixedParameters: 0 0 0

#Transform 36
Transform: AffineTransform_float_3_3
Parameters: 1 8.38815e-05 -0.00039427 -8.47077e-05 1 -0.00104797 0.000394094 0.00104803 1 0.0731835 0.0764117 -0.0920565
FixedParameters: 0 0 0

#Transform 37
Transform: AffineTransform_float_3_3
Parameters: 0.999998 0.00020685 -0.00162299 -0.000205105 0.999999 0.000845405 0.00162337 -0.000845594 0.999999 0.115542 0.00504664 0.0990797
FixedParameters: 0 0 0

#Transform 38
Transform: AffineTransform_float_3_3
Parameters: 0.999998 -0.000317655 -0.00160514 0.000319787 1 0.000964522 0.00160556 -0.000964478 0.999998 0.101997 0.0529048 0.086542
FixedParameters: 0 0 0

#Transform 39
Transform: AffineTransform_float_3_3
Parameters: 1 7.53509e-05 -0.00120922 -7.33655e-05 0.999999 0.00124909 0.00120844 -0.00124891 0.999998 0.0979999 0.00855483 0.06439
FixedParameters: 0 0 0

#Transform 40
Transform: AffineTransform_float_3_3
Parameters: 0.999999 0.000197794 -0.0012363 -0.00019613 0.999999 0.00148128 0.00123695 -0.00148072 0.999998 0.101529 0.000175421 0.10871
FixedParameters: 0 0 0

#Transform 41
Transform: AffineTransform_float_3_3
Parameters: 0.999998 -5.89735e-05 -0.00171399 6.07317e-05 1 0.00109593 0.00171392 -0.00109607 0.999998 0.120354 0.0701609 0.0420736
FixedParameters: 0 0 0

#Transform 42
Transform: AffineTransform_float_3_3
Parameters: 1 0.000199319 -0.00120822 -0.000197595 0.999998 0.00196928 0.00120811 -0.00196873 0.999998 0.074042 -0.0564818 0.036549
FixedParameters: 0 0 0

#Transform 43
Transform: AffineTransform_float_3_3
Parameters: 0.999999 -0.000416747 -0.00128289 0.000419293 0.999999 0.00175746 0.00128249 -0.00175854 0.999997 0.0655055 -0.0186848 0.0726859
FixedParameters: 0 0 0

#Transform 44
Transform: AffineTransform_float_3_3
Parameters: 1 -0.000373482 -0.00104734 0.000376021 0.999997 0.00216764 0.00104578 -0.00216836 0.999997 0.0399529 -0.0198511 0.0422033
FixedParameters: 0 0 0

#Transform 45
Transform: AffineTransform_float_3_3
Parameters: 1 -4.27451e-05 -0.00117923 4.46147e-05 0.999998 0.00206398 0.00117916 -0.00206402 0.999997 0.0350053 0.00105738 0.0120876
FixedParameters: 0 0 0

#Transform 46
Transform: AffineTransform_float_3_3
Parameters: 0.999999 -0.000202636 -0.00153205 0.000204531 0.999999 0.00127072 0.0015316 -0.00127128 0.999998 0.0609991 0.0676676 -0.0189884
FixedParameters: 0 0 0

#Transform 47
Transform: AffineTransform_float_3_3
Parameters: 0.999999 -0.000605393 -0.00137915 0.000606612 0.999999 0.000791197 0.00137923 -0.000791802 0.999998 0.0533461 0.107359 -0.0494468
FixedParameters: 0 0 0

#Transform 48
Transform: AffineTransform_float_3_3
Parameters: 0.999999 -0.000652264 -0.00134599 0.000654448 0.999998 0.00154115 0.00134504 -0.00154184 0.999998 0.045119 0.0107761 -0.0359877
FixedParameters: 0 0 0

#Transform 49
Transform: AffineTransform_float_3_3
Parameters: 1 -0.000395171 -0.000503723 0.000397418 0.999995 0.0031928 0.000502226 -0.0031932 0.999995 0.0409408 -0.0675498 -0.0688193
FixedParameters: 0 0 0

#Transform 50
Transform: AffineTransform_float_3_3
Parameters: 0.999999 -0.000712884 -0.000378683 0.000713357 0.999998 0.00190273 0.000377003 -0.00190327 0.999998 0.0476428 0.169174 -0.242955
FixedParameters: 0 0 0

#Transform 51
Transform: AffineTransform_float_3_3
Parameters: 1 0.000895707 0.000598928 -0.000898062 0.99999 0.00436547 -0.0005952 -0.00436554 0.999991 -0.0230878 -0.157416 -0.0777026
FixedParameters: 0 0 0

#Transform 52
Transform: AffineTransform_float_3_3
Parameters: 0.999998 0.000362001 -0.00164108 -0.00035183 0.999981 0.00617262 0.00164283 -0.00617237 0.999979 0.0975516 -0.203079 -0.162733
FixedParameters: 0 0 0

#Transform 53
Transform: AffineTransform_float_3_3
Parameters: 0.999997 0.000459426 -0.00232637 -0.000445653 0.999983 0.00577212 0.00232905 -0.00577087 0.99998 0.109184 -0.129095 -0.183054
FixedParameters: 0 0 0

#Transform 54
Transform: AffineTransform_float_3_3
Parameters: 0.999997 0.000509817 -0.00237242 -0.00049809 0.999989 0.00480027 0.00237564 -0.00479973 0.999985 0.0746168 -0.117124 -0.122314
FixedParameters: 0 0 0

#Transform 55
Transform: AffineTransform_float_3_3
Parameters: 0.999998 0.00138019 -0.00154998 -0.00137313 0.99999 0.00428614 0.001555 -0.00428486 0.999989 0.0221893 -0.116236 -0.10977
FixedParameters: 0 0 0

#Transform 56
Transform: AffineTransform_float_3_3
Parameters: 0.999998 0.00134332 -0.00184237 -0.00133348 0.999984 0.00544947 0.0018493 -0.00544653 0.999983 0.0360789 -0.150625 -0.0263916
FixedParameters: 0 0 0

#Transform 57
Transform: AffineTransform_float_3_3
Parameters: 0.999998 0.00141159 -0.00128388 -0.00140737 0.999995 0.00286381 0.00128806 -0.00286218 0.999995 0.00539196 -0.175315 -0.0635664
FixedParameters: 0 0 0

#Transform 58
Transform: AffineTransform_float_3_3
Parameters: 0.999998 0.00117508 -0.0012769 -0.00117209 0.999997 0.0023705 0.00128057 -0.0023695 0.999997 0.00251083 -0.043053 -0.0181943
FixedParameters: 0 0 0

#Transform 59
Transform: AffineTransform_float_3_3
Parameters: 0.999999 0.0011944 -0.00136638 -0.00119157 0.999996 0.00253363 0.00136956 -0.00253137 0.999996 0.0148027 -0.0497096 -0.0481588
FixedParameters: 0 0 0

#Transform 60
Transform: AffineTransform_float_3_3
Parameters: 0.999998 0.000748819 -0.00190901 -0.000745792 0.999999 0.00158746 0.00191048 -0.00158554 0.999997 0.0836444 0.0479813 -0.0277953
FixedParameters: 0 0 0

#Transform 61
Transform: AffineTransform_float_3_3
Parameters: 0.999998 0.000964319 -0.00200537 -0.000957746 0.999993 0.003407 0.00200916 -0.003405 0.999992 0.0896044 -0.134815 0.00412045
FixedParameters: 0 0 0

#Transform 62
Transform: AffineTransform_float_3_3
Parameters: 0.999998 0.00145883 -0.00176315 -0.00145373 0.999994 0.00319361 0.00176766 -0.00319039 0.999994 0.0551561 -0.126767 -0.0348181
FixedParameters: 0 0 0

#Transform 63
Transform: AffineTransform_float_3_3
Parameters: 0.999998 0.00107627 -0.00195527 -0.00107043 0.999994 0.00305314 0.00195903 -0.00305186 0.999993 0.0553358 -0.057268 -0.0690736
FixedParameters: 0 0 0

#Transform 64
Transform: AffineTransform_float_3_3
Parameters: 0.999997 0.000967096 -0.00190891 -0.000957672 0.999987 0.00486491 0.00191359 -0.00486309 0.999987 0.0424135 -0.135669 -0.0682866
FixedParameters: 0 0 0

#Transform 65
Transform: AffineTransform_float_3_3
Parameters: 0.999998 0.000906017 -0.00191354 -0.00089741 0.99999 0.00438076 0.00191673 -0.00437923 0.999988 0.0418313 -0.0957051 -0.0773887
FixedParameters: 0 0 0

#Transform 66
Transform: AffineTransform_float_3_3
Parameters: 0.999998 0.000514827 -0.00200244 -0.00050595 0.999988 0.00473609 0.00200463 -0.0047349 0.999987 0.0370492 -0.102493 -0.0717868
FixedParameters: 0 0 0

#Transform 67
Transform: AffineTransform_float_3_3
Parameters: 0.999998 0.000599269 -0.00190345 -0.000589496 0.999985 0.0054882 0.00190636 -0.0054868 0.999983 0.0351764 -0.130583 -0.07986
FixedParameters: 0 0 0

#Transform 68
Transform: AffineTransform_float_3_3
Parameters: 0.999997 0.000585673 -0.00232755 -0.000574458 0.999988 0.00500542 0.00233078 -0.00500358 0.999985 0.0502339 -0.0823019 -0.0593104
FixedParameters: 0 0 0

#Transform 69
Transform: AffineTransform_float_3_3
Parameters: 0.999998 0.000636582 -0.00196553 -0.000625836 0.999985 0.00555128 0.00196992 -0.00554972 0.999982 0.0382098 -0.127588 -0.065798
FixedParameters: 0 0 0

#Transform 70
Transform: AffineTransform_float_3_3
Parameters: 0.999996 0.000681953 -0.00274867 -0.000668906 0.999988 0.00494197 0.00275183 -0.00494004 0.999984 0.0674081 -0.112868 -0.0369362
FixedParameters: 0 0 0

#Transform 71
Transform: AffineTransform_float_3_3
Parameters: 0.999996 0.000514524 -0.00277194 -0.000497516 0.999981 0.00615555 0.00277476 -0.00615346 0.999977 0.0706646 -0.113566 -0.0529977
FixedParameters: 0 0 0

#Transform 72
Transform: AffineTransform_float_3_3
Parameters: 0.999996 0.000256836 -0.00274595 -0.000235745 0.999969 0.00786082 0.00274759 -0.00786019 0.999966 0.0191148 -0.174552 -0.0653445
FixedParameters: 0 0 0

#Transform 73
Transform: AffineTransform_float_3_3
Parameters: 0.999997 0.000889638 -0.00234462 -0.000870493 0.999966 0.00817114 0.00235267 -0.00816886 0.999964 -0.0223484 -0.184935 -0.0583977
FixedParameters: 0 0 0

#Transform 74
Transform: AffineTransform_float_3_3
Parameters: 0.999997 0.000578635 -0.00247222 -0.000557356 0.999964 0.00838151 0.00247644 -0.00838048 0.999962 -0.0612982 -0.217856 0.00174433
FixedParameters: 0 0 0

#Transform 75
Transform: AffineTransform_float_3_3
Parameters: 0.999997 0.000957691 -0.002226 -0.000938819 0.999963 0.00856019 0.0022339 -0.00855881 0.999961 -0.0594051 -0.214419 -0.00734626
FixedParameters: 0 0 0

#Transform 76
Transform: AffineTransform_float_3_3
Parameters: 0.999998 0.000590044 -0.00203443 -0.00057252 0.999965 0.00828025 0.00203862 -0.00827874 0.999963 -0.0592681 -0.182653 -0.0227203
FixedParameters: 0 0 0

#Transform 77
Transform: AffineTransform_float_3_3
Parameters: 0.999997 0.000498875 -0.00240023 -0.000479021 0.999967 0.00811328 0.00240483 -0.00811172 0.999964 -0.0300751 -0.134896 -0.0156749
FixedParameters: 0 0 0

#Transform 78
Transform: AffineTransform_float_3_3
Parameters: 0.999996 0.000669249 -0.00251355 -0.000643868 0.999951 0.00985576 0.00252034 -0.00985424 0.999949 -0.016944 -0.21505 -0.0506197
FixedParameters: 0 0 0

#Transform 79
Transform: AffineTransform_float_3_3
Parameters: 0.999998 0.000199103 -0.00202378 -0.000179837 0.999958 0.00922746 0.00202491 -0.00922755 0.999956 -0.0703635 -0.175117 -0.138998
FixedParameters: 0 0 0

#Transform 80
Transform: AffineTransform_float_3_3
Parameters: 0.999998 0.000203408 -0.00162061 -0.000187669 0.999952 0.00981735 0.00162201 -0.00981664 0.99995 -0.115122 -0.172338 -0.150603
FixedParameters: 0 0 0

#Transform 81
Transform: AffineTransform_float_3_3
Parameters: 0.999998 0.000149517 -0.00188448 -0.000132035 0.999958 0.00915034 0.00188665 -0.00914967 0.999957 -0.118016 -0.155349 -0.196901
FixedParameters: 0 0 0

#Transform 82
Transform: AffineTransform_float_3_3
Parameters: 0.999998 0.000209468 -0.00196877 -0.000189253 0.999947 0.0102205 0.00197154 -0.0102205 0.999946 -0.103747 -0.211125 -0.100441
FixedParameters: 0 0 0

#Transform 83
Transform: AffineTransform_float_3_3
Parameters: 0.999999 0.000406262 -0.00179571 -0.00038872 0.99995 0.00991978 0.00180023 -0.00991921 0.999949 -0.104617 -0.175246 -0.121856
FixedParameters: 0 0 0

#Transform 84
Transform: AffineTransform_float_3_3
Parameters: 0.999998 0.000206191 -0.00196886 -0.000187535 0.999954 0.00957146 0.00197129 -0.00957155 0.999953 -0.123933 -0.18503 -0.109575
FixedParameters: 0 0 0

#Transform 85
Transform: AffineTransform_float_3_3
Parameters: 0.999999 0.000623204 -0.00141874 -0.000610337 0.999961 0.00881891 0.00142404 -0.00881809 0.99996 -0.125152 -0.184546 -0.116303
FixedParameters: 0 0 0

#Transform 86
Transform: AffineTransform_float_3_3
Parameters: 0.999998 0.000457797 -0.00196412 -0.0004385 0.999952 0.00977996 0.00196855 -0.00977905 0.999951 -0.108819 -0.17925 -0.0921646
FixedParameters: 0 0 0

#Transform 87
Transform: AffineTransform_float_3_3
Parameters: 0.999998 0.00066493 -0.00175236 -0.000648342 0.999954 0.00963319 0.00175861 -0.00963281 0.999952 -0.112106 -0.172552 -0.113532
FixedParameters: 0 0 0

#Transform 88
Transform: AffineTransform_float_3_3
Parameters: 0.999998 0.000375567 -0.00199516 -0.00035649 0.999954 0.00956581 0.00199883 -0.0095652 0.999953 -0.109303 -0.201528 -0.119462
FixedParameters: 0 0 0

#Transform 89
Transform: AffineTransform_float_3_3
Parameters: 0.999998 0.00034241 -0.00199455 -0.000324647 0.999959 0.00898073 0.00199817 -0.00898026 0.999957 -0.100027 -0.160584 -0.112998
FixedParameters: 0 0 0

#Transform 90
Transform: AffineTransform_float_3_3
Parameters: 0.999998 0.000679498 -0.00176322 -0.000664014 0.99996 0.00896823 0.00176983 -0.00896678 0.999958 -0.0896351 -0.180665 -0.112091
FixedParameters: 0 0 0

#Transform 91
Transform: AffineTransform_float_3_3
Parameters: 0.999997 0.000364753 -0.00209517 -0.000345336 0.99996 0.00895381 0.00209816 -0.00895318 0.999957 -0.09466 -0.162265 -0.0958159
FixedParameters: 0 0 0

#Transform 92
Transform: AffineTransform_float_3_3
Parameters: 0.999998 0.000416966 -0.00189546 -0.000400091 0.99996 0.00896084 0.00189937 -0.00896015 0.999958 -0.0960221 -0.141215 -0.0806633
FixedParameters: 0 0 0

#Transform 93
Transform: AffineTransform_float_3_3
Parameters: 0.999999 0.000233273 -0.00176266 -0.000217918 0.99996 0.00891743 0.00176424 -0.00891657 0.999958 -0.102724 -0.134742 -0.129446
FixedParameters: 0 0 0

#Transform 94
Transform: AffineTransform_float_3_3
Parameters: 0.999999 0.000312064 -0.00179878 -0.000296652 0.999961 0.00875062 0.00180166 -0.00875038 0.99996 -0.112538 -0.171364 -0.134115
FixedParameters: 0 0 0

#Transform 95
Transform: AffineTransform_float_3_3
Parameters: 0.999999 0.000279385 -0.00174473 -0.000263075 0.999957 0.0092795 0.00174733 -0.00927948 0.999955 -0.120311 -0.165935 -0.0711952
FixedParameters: 0 0 0

#Transform 96
Transform: AffineTransform_float_3_3
Parameters: 0.999999 0.000447261 -0.00175529 -0.000431606 0.999961 0.00875884 0.00175952 -0.00875815 0.99996 -0.113518 -0.145178 -0.0873932
FixedParameters: 0 0 0

#Transform 97
Transform: AffineTransform_float_3_3
Parameters: 0.999998 0.000437075 -0.00159776 -0.000421768 0.999957 0.00919976 0.00160215 -0.00919924 0.999957 -0.130613 -0.18881 -0.0911327
FixedParameters: 0 0 0

#Transform 98
Transform: AffineTransform_float_3_3
Parameters: 0.999998 0.000551477 -0.00160029 -0.000538335 0.999966 0.00820891 0.00160469 -0.00820809 0.999965 -0.0813155 -0.147342 -0.093698
FixedParameters: 0 0 0

#Transform 99
Transform: AffineTransform_float_3_3
Parameters: 0.999999 0.000622978 -0.00134083 -0.000610968 0.999962 0.00862386 0.00134686 -0.00862313 0.999962 -0.112574 -0.142201 -0.116425
FixedParameters: 0 0 0

#Transform 100
Transform: AffineTransform_float_3_3
Parameters: 0.999999 0.000352227 -0.00133367 -0.000339982 0.999961 0.00874049 0.00133711 -0.0087395 0.999961 -0.116844 -0.141394 -0.118439
FixedParameters: 0 0 0

#Transform 101
Transform: AffineTransform_float_3_3
Parameters: 0.999999 0.000665623 -0.00134161 -0.000653309 0.999958 0.00911489 0.00134806 -0.00911411 0.999957 -0.112867 -0.188611 -0.102917
FixedParameters: 0 0 0

#Transform 102
Transform: AffineTransform_float_3_3
Parameters: 0.999999 0.00039794 -0.00133463 -0.000385252 0.999957 0.00928556 0.00133833 -0.00928544 0.999956 -0.131612 -0.170923 -0.085877
FixedParameters: 0 0 0

#Transform 103
Transform: AffineTransform_float_3_3
Parameters: 0.999998 0.000463507 -0.00195665 -0.0004453 0.999959 0.00901897 0.00196145 -0.00901804 0.999958 -0.10897 -0.142671 -0.0750227
FixedParameters: 0 0 0

#Transform 104
Transform: AffineTransform_float_3_3
Parameters: 0.999999 0.000511905 -0.00176471 -0.000495361 0.999957 0.00925492 0.00176959 -0.00925407 0.999955 -0.100375 -0.168569 -0.123161
FixedParameters: 0 0 0

#Transform 105
Transform: AffineTransform_float_3_3
Parameters: 0.999999 0.000545658 -0.00132566 -0.000534293 0.99996 0.00885975 0.00133065 -0.00885824 0.99996 -0.114748 -0.154578 -0.116924
FixedParameters: 0 0 0

#Transform 106
Transform: AffineTransform_float_3_3
Parameters: 0.999999 0.000473901 -0.00132371 -0.0004621 0.999959 0.00902366 0.00132858 -0.00902335 0.999959 -0.100844 -0.182149 -0.12569
FixedParameters: 0 0 0

#Transform 107
Transform: AffineTransform_float_3_3
Parameters: 1 0.000913671 -0.000606742 -0.000907776 0.999958 0.00913956 0.000615569 -0.00913944 0.999958 -0.126298 -0.187527 -0.126736
FixedParameters: 0 0 0

#Transform 108
Transform: AffineTransform_float_3_3
Parameters: 0.999999 0.000547623 -0.00146155 -0.000533828 0.999958 0.00920679 0.00146697 -0.00920621 0.999956 -0.0856459 -0.149815 -0.09581
FixedParameters: 0 0 0

#Transform 109
Transform: AffineTransform_float_3_3
Parameters: 0.999999 0.000468204 -0.00173442 -0.000451145 0.999954 0.00956583 0.00173878 -0.00956516 0.999953 -0.0779544 -0.196485 -0.100646
FixedParameters: 0 0 0

#Transform 110
Transform: AffineTransform_float_3_3
Parameters: 0.999998 0.000627387 -0.00145975 -0.000614284 0.99996 0.00899291 0.00146537 -0.00899209 0.999958 -0.0889952 -0.171517 -0.061726
FixedParameters: 0 0 0

#Transform 111
Transform: AffineTransform_float_3_3
Parameters: 0.999998 0.000668377 -0.00177108 -0.000650558 0.999948 0.0101582 0.00177811 -0.0101568 0.999947 -0.0730148 -0.223343 -0.0816122
FixedParameters: 0 0 0

#Transform 112
Transform: AffineTransform_float_3_3
Parameters: 0.999999 0.000596404 -0.00176966 -0.000578587 0.999954 0.00959511 0.0017755 -0.00959489 0.999953 -0.0759905 -0.193782 -0.0922214
FixedParameters: 0 0 0

#Transform 113
Transform: AffineTransform_float_3_3
Parameters: 0.999999 0.000686651 -0.00166807 -0.000670529 0.999955 0.00938216 0.00167433 -0.00938082 0.999954 -0.0745083 -0.193555 -0.105983
FixedParameters: 0 0 0

#Transform 114
Transform: AffineTransform_float_3_3
Parameters: 0.999998 0.000543627 -0.00157316 -0.000529003 0.999952 0.00976688 0.0015792 -0.00976612 0.999951 -0.0811555 -0.23211 -0.0785314
FixedParameters: 0 0 0

#Transform 115
Transform: AffineTransform_float_3_3
Parameters: 0.999998 0.000190003 -0.00163272 -0.000177211 0.999968 0.00791437 0.00163408 -0.00791363 0.999968 -0.0629404 -0.0812828 -0.0440364
FixedParameters: 0 0 0

#Transform 116
Transform: AffineTransform_float_3_3
Parameters: 0.999998 0.00126251 -0.00163116 -0.00124574 0.999951 0.00983809 0.00164337 -0.00983591 0.999951 -0.117771 -0.188435 -0.0406474
FixedParameters: 0 0 0

#Transform 117
Transform: AffineTransform_float_3_3
Parameters: 0.999999 0.000513612 -0.00163919 -0.000494342 0.999927 0.0120139 0.001646 -0.0120131 0.999926 -0.100998 -0.196606 -0.0579232
FixedParameters: 0 0 0

#Transform 118
Transform: AffineTransform_float_3_3
Parameters: 0.999998 0.000326394 -0.00170129 -0.000308115 0.999939 0.0109816 0.00170493 -0.0109814 0.999939 -0.105344 -0.166751 -0.0324343
FixedParameters: 0 0 0

#Transform 119
Transform: AffineTransform_float_3_3
Parameters: 0.999998 0.000368218 -0.0015569 -0.000349406 0.999929 0.0118586 0.00156104 -0.0118584 0.999929 -0.128782 -0.173296 -0.0577519
FixedParameters: 0 0 0

#Transform 120
Transform: AffineTransform_float_3_3
Parameters: 0.999998 0.000304953 -0.00164514 -0.000288455 0.999951 0.00989552 0.00164857 -0.00989547 0.999949 -0.107752 -0.102848 -0.0731623
FixedParameters: 0 0 0

#Transform 121
Transform: AffineTransform_float_3_3
Parameters: 0.999999 0.000425283 -0.00143046 -0.000409251 0.999936 0.0112506 0.00143441 -0.0112504 0.999935 -0.132069 -0.213636 -0.0758369
FixedParameters: 0 0 0

#Transform 122
Transform: AffineTransform_float_3_3
Parameters: 0.999998 0.000374108 -0.0016953 -0.000354871 0.999936 0.0113126 0.00169921 -0.0113113 0.999934 -0.14807 -0.206445 -0.0340872
FixedParameters: 0 0 0

#Transform 123
Transform: AffineTransform_float_3_3
Parameters: 0.999998 0.000169581 -0.00162859 -0.000151912 0.999943 0.0106693 0.00162961 -0.0106687 0.999942 -0.141373 -0.160116 -0.0677627
FixedParameters: 0 0 0

#Transform 124
Transform: AffineTransform_float_3_3
Parameters: 0.999963 -0.00344548 -0.00795619 0.00325176 0.9997 -0.0242688 0.00803683 0.0242422 0.999674 0.00774664 0.619568 0.25253
FixedParameters: 0 0 0

#Transform 125
Transform: AffineTransform_float_3_3
Parameters: 0.999984 -0.00102625 -0.00554329 0.00099013 0.999978 -0.00648604 0.00555011 0.00647996 0.999964 -0.0886948 0.44496 0.218023
FixedParameters: 0 0 0

#Transform 126
Transform: AffineTransform_float_3_3
Parameters: 0.999982 -0.00104357 -0.00587555 0.00101797 0.99999 -0.00438147 0.00588067 0.00437553 0.999973 -0.0647336 0.350196 0.147007
FixedParameters: 0 0 0

#Transform 127
Transform: AffineTransform_float_3_3
Parameters: 0.999984 -0.00106355 -0.00551849 0.00104006 0.99999 -0.00438129 0.00552283 0.00437471 0.999975 -0.090039 0.323508 0.112598
FixedParameters: 0 0 0

#Transform 128
Transform: AffineTransform_float_3_3
Parameters: 0.999982 -0.00102245 -0.00590638 0.00100414 0.999994 -0.00315037 0.0059091 0.00314464 0.999978 -0.0608601 0.266031 0.107867
FixedParameters: 0 0 0

#Transform 129
Transform: AffineTransform_float_3_3
Parameters: 0.999981 -0.00105935 -0.00618326 0.00104064 0.999995 -0.00304484 0.00618699 0.00303816 0.999976 -0.0288355 0.299854 0.11187
FixedParameters: 0 0 0

#Transform 130
Transform: AffineTransform_float_3_3
Parameters: 0.99998 -0.00106872 -0.00632165 0.00105489 0.999997 -0.00227702 0.00632395 0.00226998 0.999978 -0.0109311 0.29187 0.0831822
FixedParameters: 0 0 0

#Transform 131
Transform: AffineTransform_float_3_3
Parameters: 0.999979 -0.000974366 -0.00647839 0.000961055 0.999997 -0.00210454 0.00647997 0.00209846 0.999976 -0.00164594 0.284662 0.076123
FixedParameters: 0 0 0

#Transform 132
Transform: AffineTransform_float_3_3
Parameters: 0.99998 -0.000938439 -0.00637208 0.000928516 0.999998 -0.00148422 0.00637353 0.00147878 0.999979 -0.0195008 0.247138 0.0955004
FixedParameters: 0 0 0

#Transform 133
Transform: AffineTransform_float_3_3
Parameters: 0.999984 -0.00103537 -0.00566875 0.0010316 1 -0.000688307 0.00567003 0.000681695 0.999984 -0.0571314 0.230736 0.0736338
FixedParameters: 0 0 0

#Transform 134
Transform: AffineTransform_float_3_3
Parameters: 0.99998 -0.000680274 -0.0061825 0.000673122 0.999999 -0.00114652 0.0061838 0.00114148 0.99998 -0.0313365 0.285888 0.0745466
FixedParameters: 0 0 0

#Transform 135
Transform: AffineTransform_float_3_3
Parameters: 0.999982 -0.00104413 -0.00591258 0.00103988 1 -0.000700574 0.00591389 0.000694425 0.999982 -0.0485616 0.248253 0.0770659
FixedParameters: 0 0 0

#Transform 136
Transform: AffineTransform_float_3_3
Parameters: 0.999985 -0.000615515 -0.0054838 0.000615001 1 -0.000139854 0.00548393 0.000136147 0.999985 -0.0553816 0.222628 0.0787246
FixedParameters: 0 0 0

#Transform 137
Transform: AffineTransform_float_3_3
Parameters: 0.999985 -0.000526705 -0.00534977 0.000524355 1 -0.000314324 0.00535006 0.000311672 0.999985 -0.0834158 0.229058 0.122653
FixedParameters: 0 0 0

#Transform 138
Transform: AffineTransform_float_3_3
Parameters: 0.999987 -0.000503863 -0.00508632 0.000500788 0.999999 -0.000598104 0.00508681 0.000595895 0.999987 -0.0723827 0.267702 0.0883222
FixedParameters: 0 0 0

#Transform 139
Transform: AffineTransform_float_3_3
Parameters: 0.999982 -0.00103792 -0.00587345 0.0010393 0.999999 0.000114485 0.00587321 -0.000120511 0.999982 -0.0262263 0.219564 0.0763249
FixedParameters: 0 0 0

#Transform 140
Transform: AffineTransform_float_3_3
Parameters: 0.999988 -0.000720471 -0.00473169 0.000728634 0.999999 0.00170195 0.0047305 -0.00170605 0.999988 -0.0434763 0.161754 0.0778833
FixedParameters: 0 0 0

#Transform 141
Transform: AffineTransform_float_3_3
Parameters: 0.999989 -0.00078189 -0.00466179 0.000791393 0.999998 0.00197871 0.00465998 -0.00198229 0.999987 -0.044262 0.209644 0.0690392
FixedParameters: 0 0 0

#Transform 142
Transform: AffineTransform_float_3_3
Parameters: 0.999989 -0.000561378 -0.00466928 0.000573173 0.999996 0.00254273 0.00466781 -0.00254527 0.999986 -0.0393876 0.121307 0.0600008
FixedParameters: 0 0 0

#Transform 143
Transform: AffineTransform_float_3_3
Parameters: 0.999989 -0.000589714 -0.00461542 0.0006021 0.999996 0.0027446 0.0046136 -0.0027474 0.999985 -0.0500868 0.157583 0.0717922
FixedParameters: 0 0 0

#Transform 144
Transform: AffineTransform_float_3_3
Parameters: 0.999992 -0.000220758 -0.00396693 0.000230379 0.999997 0.00247238 0.00396616 -0.00247262 0.999989 -0.0650952 0.166195 0.0645108
FixedParameters: 0 0 0

#Transform 145
Transform: AffineTransform_float_3_3
Parameters: 0.999991 -0.000228518 -0.00418477 0.000238831 0.999998 0.0023063 0.00418401 -0.0023077 0.999988 -0.0500269 0.185666 0.0501395
FixedParameters: 0 0 0

#Transform 146
Transform: AffineTransform_float_3_3
Parameters: 0.999992 3.38525e-05 -0.00401117 -2.31839e-05 0.999997 0.0027004 0.00401171 -0.00269961 0.999989 -0.053427 0.134248 0.0496989
FixedParameters: 0 0 0

#Transform 147
Transform: AffineTransform_float_3_3
Parameters: 0.999991 -0.000166427 -0.00421184 0.000180781 0.999994 0.00324158 0.00421217 -0.00324241 0.999986 -0.0478638 0.144434 0.0751719
FixedParameters: 0 0 0

#Transform 148
Transform: AffineTransform_float_3_3
Parameters: 0.999993 2.61816e-05 -0.0037107 -1.38598e-05 0.999995 0.00314632 0.00371021 -0.00314668 0.999988 -0.085344 0.148582 0.0774099
FixedParameters: 0 0 0

#Transform 149
Transform: AffineTransform_float_3_3
Parameters: 0.999991 0.000160775 -0.00422432 -0.000148549 0.999996 0.00287097 0.00422462 -0.00287003 0.999987 -0.0716985 0.175416 0.0890291
FixedParameters: 0 0 0

#Transform 150
Transform: AffineTransform_float_3_3
Parameters: 0.999993 -0.000225789 -0.00370273 0.000237902 0.999994 0.00339039 0.00370161 -0.00339062 0.999988 -0.0992673 0.143779 0.0474715
FixedParameters: 0 0 0

#Transform 151
Transform: AffineTransform_float_3_3
Parameters: 0.999992 9.28689e-05 -0.00385083 -7.94519e-05 0.999994 0.00343358 0.00385087 -0.00343342 0.999986 -0.0771552 0.144055 0.0686619
FixedParameters: 0 0 0
