#Insight Transform File V1.0
#Transform 0
Transform: AffineTransform_float_3_3
Parameters: 0.999999 -0.000748283 0.00121276 0.000738327 0.999968 0.00789194 -0.00121886 -0.00789105 0.999968 0.0058984 -0.162246 -0.0653415
FixedParameters: 0 0 0

#Transform 1
Transform: AffineTransform_float_3_3
Parameters: 1 -0.000437386 0.000463256 0.000434 0.999982 0.0058772 -0.000466459 -0.00587679 0.999982 0.00296912 -0.157091 -0.0218488
FixedParameters: 0 0 0

#Transform 2
Transform: AffineTransform_float_3_3
Parameters: 1 0.000171991 0.000552442 -0.000174594 0.999983 0.00594191 -0.000551542 -0.0059421 0.999982 -0.00333648 -0.136619 0.0240705
FixedParameters: 0 0 0

#Transform 3
Transform: AffineTransform_float_3_3
Parameters: 1 -6.04577e-05 1.70549e-05 6.02377e-05 0.99998 0.006308 -1.78163e-05 -0.006308 0.99998 -0.0362214 -0.106493 -0.0759803
FixedParameters: 0 0 0

#Transform 4
Transform: AffineTransform_float_3_3
Parameters: 1 -0.000469831 7.11877e-05 0.000470115 0.999983 0.00577104 -7.36547e-05 -0.00577097 0.999984 -0.0235899 -0.120738 -0.0134662
FixedParameters: 0 0 0

#Transform 5
Transform: AffineTransform_float_3_3
Parameters: 0.999999 -0.000806843 0.00051871 0.000803616 0.99998 0.00616342 -0.00052376 -0.00616358 0.999981 -0.0424055 -0.137736 -0.00636174
FixedParameters: 0 0 0

#Transform 6
Transform: AffineTransform_float_3_3
Parameters: 0.999999 -0.00112025 0.000827497 0.00111381 0.999975 0.00706889 -0.000835496 -0.00706811 0.999974 0.0170791 -0.0710669 -0.260596
FixedParameters: 0 0 0

#Transform 7
Transform: AffineTransform_float_3_3
Parameters: 1 -0.00104167 -0.000326904 0.00104401 0.99998 0.00626366 0.000320914 -0.00626434 0.999981 0.0221227 -0.115269 -0.198291
FixedParameters: 0 0 0

#Transform 8
Transform: AffineTransform_float_3_3
Parameters: 0.999999 -0.000752766 0.000225704 0.000752156 0.99998 0.00616317 -0.000230063 -0.00616283 0.999981 0.00193921 -0.102776 -0.215109
FixedParameters: 0 0 0

#Transform 9
Transform: AffineTransform_float_3_3
Parameters: 1 -0.000807391 0.000671853 0.00080274 0.999973 0.00732654 -0.000677854 -0.00732546 0.999973 -0.0316549 -0.138288 0.0410022
FixedParameters: 0 0 0

#Transform 10
Transform: AffineTransform_float_3_3
Parameters: 0.999998 -0.00131179 -0.00141887 0.00132472 0.999958 0.00901817 0.0014066 -0.00901982 0.999959 -0.0299243 -0.176813 -0.177046
FixedParameters: 0 0 0

#Transform 11
Transform: AffineTransform_float_3_3
Parameters: 0.999999 -0.000869076 -0.000412568 0.000872184 0.999974 0.00716265 0.00040621 -0.00716336 0.999975 -0.0332486 -0.165437 -0.035183
FixedParameters: 0 0 0

#Transform 12
Transform: AffineTransform_float_3_3
Parameters: 1 -0.00102193 0.000195881 0.00102078 0.999981 0.00611421 -0.000201417 -0.0061148 0.999982 -0.0779061 -0.0931177 0.120454
FixedParameters: 0 0 0

#Transform 13
Transform: AffineTransform_float_3_3
Parameters: 0.999998 -0.00133592 0.000883264 0.00133205 0.999986 0.00516119 -0.000890239 -0.00515982 0.999987 -0.0700083 -0.130955 0.0321108
FixedParameters: 0 0 0

#Transform 14
Transform: AffineTransform_float_3_3
Parameters: 0.999999 -0.00129293 -0.000407335 0.00129557 0.999984 0.00539948 0.000400433 -0.00539952 0.999986 -0.0438378 -0.11518 0.0360259
FixedParameters: 0 0 0

#Transform 15
Transform: AffineTransform_float_3_3
Parameters: 0.999999 -0.00106066 -0.000915473 0.0010663 0.999986 0.00516903 0.000909634 -0.00516997 0.999986 -0.0503171 -0.0917573 0.00409869
FixedParameters: 0 0 0

#Transform 16
Transform: AffineTransform_float_3_3
Parameters: 1 -0.00103824 -0.000277159 0.00104043 0.999984 0.00545371 0.000270858 -0.00545428 0.999985 -0.0662237 -0.11289 0.0387113
FixedParameters: 0 0 0

#Transform 17
Transform: AffineTransform_float_3_3
Parameters: 1 -0.000620169 0.000204958 0.000619251 0.999987 0.00493313 -0.000208115 -0.00493287 0.999988 -0.0542466 -0.0694631 0.0430455
FixedParameters: 0 0 0

#Transform 18
Transform: AffineTransform_float_3_3
Parameters: 1 7.0216e-05 0.000166513 -7.02457e-05 0.999995 0.00309299 -0.000166119 -0.00309301 0.999995 -0.0435409 -0.0868247 -0.0120238
FixedParameters: 0 0 0

#Transform 19
Transform: AffineTransform_float_3_3
Parameters: 1 -0.000607119 0.000140977 0.000606505 0.999997 0.00245209 -0.000141955 -0.00245191 0.999997 -0.0220003 -0.0852011 0.0816718
FixedParameters: 0 0 0

#Transform 20
Transform: AffineTransform_float_3_3
Parameters: 1 8.53615e-05 0.000528993 -8.52356e-05 1 -0.000119045 -0.000529013 0.000118955 1 -0.017919 -0.0355406 0.0147207
FixedParameters: 0 0 0

#Transform 21
Transform: AffineTransform_float_3_3
Parameters: 0.999999 -0.000245346 0.000792501 0.000245441 1 -5.98055e-05 -0.000792471 6.01944e-05 0.999999 -0.0439238 -0.0299297 0.0394523
FixedParameters: 0 0 0

#Transform 22
Transform: AffineTransform_float_3_3
Parameters: 1 0.000264188 0.000521802 -0.000264121 1 -6.41378e-05 -0.000521836 6.38621e-05 1 -0.0288258 0.0225002 0.0265959
FixedParameters: 0 0 0

#Transform 23
Transform: AffineTransform_float_3_3
Parameters: 0.999997 -0.00114975 0.0024387 0.00114629 0.999998 0.00112892 -0.00244037 -0.00112607 0.999997 -0.0674878 -0.0351659 -0.12865
FixedParameters: 0 0 0

#Transform 24
Transform: AffineTransform_float_3_3
Parameters: 0.999998 -0.000190037 0.00222453 0.000190688 1 -0.000379457 -0.00222534 0.000380544 0.999998 -0.0795809 -0.0239314 0.00648196
FixedParameters: 0 0 0

#Transform 25
Transform: AffineTransform_float_3_3
Parameters: 1 7.00768e-06 0.0011747 -6.28714e-06 0.999999 -0.000731968 -0.00117466 0.000732032 0.999999 -0.0774759 0.00478593 -0.033515
FixedParameters: 0 0 0

#Transform 26
Transform: AffineTransform_float_3_3
Parameters: 1 9.38387e-05 -0.000224061 -9.43373e-05 1 -0.00111298 0.000223852 0.00111302 1 -0.0507705 -0.0409958 0.00144329
FixedParameters: 0 0 0

#Transform 27
Transform: AffineTransform_float_3_3
Parameters: 1 4.23635e-05 -0.000474166 -4.36521e-05 0.999999 -0.00135898 0.000474049 0.00135902 0.999999 -0.0535859 -0.0118237 0.0402805
FixedParameters: 0 0 0

#Transform 28
Transform: AffineTransform_float_3_3
Parameters: 0.999999 0.000896532 0.000138943 -0.000896119 0.999998 -0.00133612 -0.000140339 0.00133587 0.999999 0.00070952 0.0441253 -0.14077
FixedParameters: 0 0 0

#Transform 29
Transform: AffineTransform_float_3_3
Parameters: 1 0.000348605 -0.000112639 -0.000348921 0.999998 -0.00158096 0.000112535 0.00158104 0.999998 -0.0273134 -0.0173441 -0.106032
FixedParameters: 0 0 0

#Transform 30
Transform: AffineTransform_float_3_3
Parameters: 1 0.000614991 0.000270205 -0.000614754 0.999998 -0.00220717 -0.00027188 0.00220684 0.999998 -0.0186456 0.0158214 -0.0679033
FixedParameters: 0 0 0

#Transform 31
Transform: AffineTransform_float_3_3
Parameters: 1 0.00070349 -2.69507e-05 -0.000703536 0.999997 -0.00240998 2.55581e-05 0.00241002 0.999997 -0.0218467 0.00920897 -0.123472
FixedParameters: 0 0 0

#Transform 32
Transform: AffineTransform_float_3_3
Parameters: 0.999999 0.000951753 0.00108533 -0.00095092 0.999999 -0.000383994 -0.00108606 0.000383005 1 -0.027065 -0.0624142 -0.063496
FixedParameters: 0 0 0

#Transform 33
Transform: AffineTransform_float_3_3
Parameters: 1 0.000506545 0.000169981 -0.00050694 0.999998 -0.00165808 -0.000170622 0.00165791 0.999998 -0.0256384 0.0153579 -0.117059
FixedParameters: 0 0 0

#Transform 34
Transform: AffineTransform_float_3_3
Parameters: 0.999999 0.00028857 0.000696202 -0.000288797 0.999999 0.000850839 -0.00069675 -0.000851161 1 -0.0495696 -0.0413412 -0.198327
FixedParameters: 0 0 0

#Transform 35
Transform: AffineTransform_float_3_3
Parameters: 1 -0.000264407 -0.00108857 0.000266366 0.999999 0.00135975 0.00108789 -0.00135925 0.999999 -0.00413535 -0.0717508 0.0206687
FixedParameters: 0 0 0

#Transform 36
Transform: AffineTransform_float_3_3
Parameters: 1 -0.000245582 -0.000577531 0.000245174 1 -0.000353142 0.000577704 0.000352858 1 -0.0375581 0.0027644 -0.10741
FixedParameters: 0 0 0

#Transform 37
Transform: AffineTransform_float_3_3
Parameters: 1 -0.000239066 -0.000407456 0.000239045 0.999999 -0.0012511 0.000408014 0.0012509 0.999999 -0.0471276 -0.0053466 -0.0969773
FixedParameters: 0 0 0

#Transform 38
Transform: AffineTransform_float_3_3
Parameters: 1 -5.4141e-05 -0.000222977 5.38457e-05 1 -0.000662012 0.000223048 0.000661988 1 -0.0268439 -0.0381509 0.0191944
FixedParameters: 0 0 0

#Transform 39
Transform: AffineTransform_float_3_3
Parameters: 1 0.000449145 0.000515307 -0.000448945 1 -0.000194231 -0.000515481 0.000193768 1 -0.0408979 -0.0674066 -0.0708535
FixedParameters: 0 0 0

#Transform 40
Transform: AffineTransform_float_3_3
Parameters: 0.999999 -0.000618029 0.00107159 0.00061999 0.999999 -0.00140033 -0.00107082 0.00140066 0.999998 -0.0241065 -0.0442183 -0.0571939
FixedParameters: 0 0 0

#Transform 41
Transform: AffineTransform_float_3_3
Parameters: 0.999999 0.000392096 0.00151787 -0.000389376 0.999998 -0.00187055 -0.00151821 0.00186945 0.999997 -0.0210072 -0.0329944 0.0821875
FixedParameters: 0 0 0

#Transform 42
Transform: AffineTransform_float_3_3
Parameters: 0.999999 0.000432438 0.000869929 -0.000429156 0.999993 -0.00358233 -0.000871896 0.00358166 0.999993 -0.0311161 0.0419143 0.0504814
FixedParameters: 0 0 0

#Transform 43
Transform: AffineTransform_float_3_3
Parameters: 0.999999 0.000327801 0.000709148 -0.000324708 0.999991 -0.00426123 -0.000710808 0.00426077 0.99999 -0.00104341 0.0312254 0.0357993
FixedParameters: 0 0 0

#Transform 44
Transform: AffineTransform_float_3_3
Parameters: 0.999998 -0.00142 0.00132629 0.00142193 0.999998 -0.00151411 -0.0013239 0.00151589 0.999998 -0.0814623 0.00515785 -0.0547802
FixedParameters: 0 0 0

#Transform 45
Transform: AffineTransform_float_3_3
Parameters: 1 -0.000451483 0.000521437 0.000452423 0.999998 -0.00189976 -0.000520679 0.00189924 0.999998 -0.084457 0.021243 0.0934001
FixedParameters: 0 0 0

#Transform 46
Transform: AffineTransform_float_3_3
Parameters: 0.999999 -0.000525645 0.000812291 0.000528047 0.999996 -0.00275957 -0.000811302 0.00275943 0.999996 -0.101714 0.00874465 0.125896
FixedParameters: 0 0 0

#Transform 47
Transform: AffineTransform_float_3_3
Parameters: 1 0.0001739 0.000106375 -0.000172938 0.99999 -0.00432302 -0.000106875 0.00432298 0.99999 -0.0590991 0.0163499 0.0638946
FixedParameters: 0 0 0

#Transform 48
Transform: AffineTransform_float_3_3
Parameters: 1 0.000277864 0.000463577 -0.000274882 0.999979 -0.00638909 -0.000465989 0.00638891 0.99998 -0.0639779 0.0965114 0.110647
FixedParameters: 0 0 0

#Transform 49
Transform: AffineTransform_float_3_3
Parameters: 0.999999 0.000401227 -0.000773064 -0.000405473 0.999986 -0.00539169 0.000770553 0.00539231 0.999985 -0.0612135 0.0492609 0.0874195
FixedParameters: 0 0 0

#Transform 50
Transform: AffineTransform_float_3_3
Parameters: 0.999997 -8.77557e-06 -0.00224687 -1.40652e-06 0.999989 -0.00471989 0.00224746 0.00472011 0.999987 -0.0537474 0.0295947 0.234968
FixedParameters: 0 0 0

#Transform 51
Transform: AffineTransform_float_3_3
Parameters: 0.999999 -1.74681e-05 -0.000853104 1.20289e-05 0.999982 -0.00611601 0.000853084 0.00611599 0.999981 -0.0838132 0.121481 0.214942
FixedParameters: 0 0 0

#Transform 52
Transform: AffineTransform_float_3_3
Parameters: 1 0.000247712 -0.000182799 -0.000248073 0.999978 -0.006699 0.000181396 0.00669901 0.999977 -0.0902916 0.0852434 0.310725
FixedParameters: 0 0 0

#Transform 53
Transform: AffineTransform_float_3_3
Parameters: 1 0.000273489 0.000361408 -0.000270036 0.999973 -0.00741111 -0.000363358 0.00741091 0.999973 -0.0778049 0.108056 0.30579
FixedParameters: 0 0 0

#Transform 54
Transform: AffineTransform_float_3_3
Parameters: 1 0.000409851 -0.000241964 -0.000411498 0.999968 -0.0079059 0.000239387 0.00790609 0.999968 -0.0627814 0.151235 0.18901
FixedParameters: 0 0 0

#Transform 55
Transform: AffineTransform_float_3_3
Parameters: 0.999997 0.000372226 0.00236562 -0.000351367 0.999961 -0.00882074 -0.00236916 0.00881927 0.999959 -0.0810639 0.135496 0.253019
FixedParameters: 0 0 0

#Transform 56
Transform: AffineTransform_float_3_3
Parameters: 0.999999 0.000322064 0.00134791 -0.000309721 0.999963 -0.00860439 -0.00134991 0.00860461 0.999962 -0.0675799 0.138214 0.317874
FixedParameters: 0 0 0

#Transform 57
Transform: AffineTransform_float_3_3
Parameters: 1 0.000306622 0.00103635 -0.000297155 0.999965 -0.00837428 -0.00103909 0.00837473 0.999965 -0.0620027 0.117687 0.278824
FixedParameters: 0 0 0

#Transform 58
Transform: AffineTransform_float_3_3
Parameters: 1 0.000286334 0.000623954 -0.000281297 0.999969 -0.00796018 -0.000626273 0.00796082 0.999968 -0.0546367 0.132971 0.213137
FixedParameters: 0 0 0

#Transform 59
Transform: AffineTransform_float_3_3
Parameters: 1 0.00027505 0.000386115 -0.000271479 0.999965 -0.0083751 -0.000388573 0.00837489 0.999965 -0.0502622 0.123535 0.263667
FixedParameters: 0 0 0

#Transform 60
Transform: AffineTransform_float_3_3
Parameters: 1 0.000271199 0.000303056 -0.000267667 0.99996 -0.00895108 -0.000305801 0.00895092 0.99996 -0.0451065 0.141806 0.239303
FixedParameters: 0 0 0

#Transform 61
Transform: AffineTransform_float_3_3
Parameters: 1 0.000261629 0.000108291 -0.000260586 0.99996 -0.00895103 -0.000110927 0.00895097 0.99996 -0.0255804 0.131216 0.29879
FixedParameters: 0 0 0

#Transform 62
Transform: AffineTransform_float_3_3
Parameters: 1 0.000179692 0.000442804 -0.000176206 0.999965 -0.00838608 -0.000444629 0.00838692 0.999964 -0.055119 0.0959337 0.13653
FixedParameters: 0 0 0

#Transform 63
Transform: AffineTransform_float_3_3
Parameters: 1 -3.04211e-05 0.000951553 3.82553e-05 0.99997 -0.00781197 -0.000951735 0.00781204 0.999969 -0.0535906 0.100704 0.128054
FixedParameters: 0 0 0

#Transform 64
Transform: AffineTransform_float_3_3
Parameters: 1 0.000272809 0.000339139 -0.000269915 0.999964 -0.00849009 -0.000340628 0.00848991 0.999964 -0.0460199 0.107091 0.117118
FixedParameters: 0 0 0

#Transform 65
Transform: AffineTransform_float_3_3
Parameters: 0.999999 -0.000242684 0.000906717 0.000250023 0.999969 -0.00795778 -0.000904513 0.00795822 0.999968 -0.0747416 0.10368 0.167115
FixedParameters: 0 0 0

#Transform 66
Transform: AffineTransform_float_3_3
Parameters: 1 -0.000353824 -0.000335042 0.000351721 0.999982 -0.00598212 0.000337184 0.00598188 0.999982 -0.0649269 0.142971 0.138891
FixedParameters: 0 0 0

#Transform 67
Transform: AffineTransform_float_3_3
Parameters: 0.999999 -0.00102847 -0.000950024 0.00102169 0.999978 -0.00655798 0.000956232 0.00655702 0.999978 -0.0576412 0.0545224 0.166973
FixedParameters: 0 0 0

#Transform 68
Transform: AffineTransform_float_3_3
Parameters: 1 -0.00100506 0.000483533 0.00100908 0.999971 -0.00761556 -0.000475067 0.00761644 0.999971 -0.0641049 0.120001 0.253776
FixedParameters: 0 0 0

#Transform 69
Transform: AffineTransform_float_3_3
Parameters: 0.999998 -9.90481e-05 0.00228316 0.000113878 0.999977 -0.00676667 -0.00228307 0.00676632 0.999974 -0.0765297 0.0645547 0.289246
FixedParameters: 0 0 0

#Transform 70
Transform: AffineTransform_float_3_3
Parameters: 0.999999 -0.000216302 0.00181627 0.000229347 0.999974 -0.00719255 -0.00181454 0.00719244 0.999972 -0.0705013 0.0916807 0.256699
FixedParameters: 0 0 0

#Transform 71
Transform: AffineTransform_float_3_3
Parameters: 0.999999 6.12833e-05 0.00141869 -5.06925e-05 0.999973 -0.00725303 -0.0014191 0.00725296 0.999972 -0.0742435 0.106464 0.290064
FixedParameters: 0 0 0

#Transform 72
Transform: AffineTransform_float_3_3
Parameters: 0.999999 0.000172298 0.00129523 -0.00016198 0.99997 -0.00782122 -0.00129644 0.00782078 0.999968 -0.0778112 0.11485 0.225696
FixedParameters: 0 0 0

#Transform 73
Transform: AffineTransform_float_3_3
Parameters: 0.999999 3.93827e-05 0.00152385 -2.79848e-05 0.999973 -0.00734601 -0.0015239 0.00734599 0.999972 -0.0810373 0.107175 0.261353
FixedParameters: 0 0 0

#Transform 74
Transform: AffineTransform_float_3_3
Parameters: 0.999997 -1.36417e-05 0.00217427 3.28877e-05 0.999962 -0.00880087 -0.0021741 0.00880113 0.999959 -0.0725752 0.176488 0.230939
FixedParameters: 0 0 0

#Transform 75
Transform: AffineTransform_float_3_3
Parameters: 0.999998 8.48911e-05 0.0016308 -7.11582e-05 0.999967 -0.00819109 -0.00163156 0.00819092 0.999965 -0.0597195 0.132499 0.195819
FixedParameters: 0 0 0

#Transform 76
Transform: AffineTransform_float_3_3
Parameters: 0.999998 0.000133361 0.00209901 -0.000116365 0.999968 -0.00809218 -0.00210035 0.00809182 0.999965 -0.0674852 0.132388 0.24707
FixedParameters: 0 0 0

#Transform 77
Transform: AffineTransform_float_3_3
Parameters: 0.999999 0.000314409 0.0017688 -0.000300162 0.999963 -0.00851746 -0.0017714 0.00851753 0.999962 -0.0597809 0.164075 0.233323
FixedParameters: 0 0 0

#Transform 78
Transform: AffineTransform_float_3_3
Parameters: 0.999998 0.000503988 0.00183103 -0.000490937 0.999971 -0.00761584 -0.00183501 0.00761517 0.99997 -0.0372907 0.122123 0.189801
FixedParameters: 0 0 0

#Transform 79
Transform: AffineTransform_float_3_3
Parameters: 0.999999 0.000331572 0.00183922 -0.000317674 0.99997 -0.00782556 -0.0018417 0.00782544 0.999967 -0.0532605 0.142871 0.184274
FixedParameters: 0 0 0

#Transform 80
Transform: AffineTransform_float_3_3
Parameters: 0.999999 0.000420197 0.00125413 -0.000409272 0.999965 -0.00827948 -0.0012576 0.00827951 0.999965 -0.0529703 0.11903 0.172403
FixedParameters: 0 0 0

#Transform 81
Transform: AffineTransform_float_3_3
Parameters: 0.999998 8.95056e-05 0.00168564 -7.59221e-05 0.999966 -0.00816706 -0.00168543 0.00816694 0.999965 -0.0953847 0.121237 0.241868
FixedParameters: 0 0 0

#Transform 82
Transform: AffineTransform_float_3_3
Parameters: 0.999998 0.000353203 0.00163471 -0.000338697 0.999963 -0.00868153 -0.00163816 0.00868147 0.999961 -0.0646661 0.161592 0.242163
FixedParameters: 0 0 0

#Transform 83
Transform: AffineTransform_float_3_3
Parameters: 0.999999 0.000795692 0.00114177 -0.000787455 0.999975 -0.00700291 -0.00114754 0.00700109 0.999975 -0.0663944 0.158245 0.16735
FixedParameters: 0 0 0

#Transform 84
Transform: AffineTransform_float_3_3
Parameters: 0.999997 0.00127035 0.00217499 -0.00126146 0.999991 -0.00406368 -0.00217991 0.00406032 0.99999 -0.0573583 0.112101 0.274088
FixedParameters: 0 0 0

#Transform 85
Transform: AffineTransform_float_3_3
Parameters: 0.999995 0.0010607 0.00291717 -0.00104338 0.999981 -0.00600591 -0.00292309 0.00600208 0.999977 -0.0599263 0.0991204 0.323153
FixedParameters: 0 0 0

#Transform 86
Transform: AffineTransform_float_3_3
Parameters: 0.999996 0.000619105 0.00272355 -0.000604611 0.999985 -0.00557155 -0.00272673 0.00556945 0.99998 -0.0476678 0.0938982 0.313201
FixedParameters: 0 0 0

#Transform 87
Transform: AffineTransform_float_3_3
Parameters: 0.999993 4.21639e-05 0.00378686 -2.58276e-05 0.999991 -0.00426785 -0.00378651 0.00426815 0.999983 -0.0634422 0.103533 0.237849
FixedParameters: 0 0 0

#Transform 88
Transform: AffineTransform_float_3_3
Parameters: 0.999996 0.000256481 0.00303343 -0.000239473 0.999984 -0.00576659 -0.00303556 0.00576541 0.999979 -0.051543 0.113289 0.221909
FixedParameters: 0 0 0

#Transform 89
Transform: AffineTransform_float_3_3
Parameters: 0.999998 0.000570337 0.00199667 -0.000557976 0.99998 -0.00631305 -0.00200027 0.00631195 0.999978 -0.0601006 0.146051 0.205694
FixedParameters: 0 0 0

#Transform 90
Transform: AffineTransform_float_3_3
Parameters: 0.999997 0.00117156 0.00209587 -0.00115783 0.999979 -0.00629637 -0.00210302 0.00629463 0.999978 -0.0472178 0.13161 0.184887
FixedParameters: 0 0 0

#Transform 91
Transform: AffineTransform_float_3_3
Parameters: 0.999998 0.00133332 0.00191003 -0.00132046 0.999978 -0.00640847 -0.00191856 0.00640654 0.999978 -0.0396293 0.11269 0.192393
FixedParameters: 0 0 0

#Transform 92
Transform: AffineTransform_float_3_3
Parameters: 0.999993 0.000784907 0.00379334 -0.000759025 0.999976 -0.00681062 -0.00379882 0.00680839 0.99997 -0.0624175 0.1529 0.285259
FixedParameters: 0 0 0

#Transform 93
Transform: AffineTransform_float_3_3
Parameters: 0.999994 0.000885675 0.00342049 -0.000873403 0.999993 -0.00367478 -0.00342343 0.00367223 0.999988 -0.0730875 0.0606732 0.26208
FixedParameters: 0 0 0

#Transform 94
Transform: AffineTransform_float_3_3
Parameters: 0.999999 -0.000301949 0.00130651 0.000306734 0.999993 -0.00376056 -0.00130502 0.00376144 0.999992 -0.0637629 0.0239688 0.155525
FixedParameters: 0 0 0

#Transform 95
Transform: AffineTransform_float_3_3
Parameters: 0.999992 0.000848306 0.00371972 -0.000814904 0.999958 -0.00914982 -0.00372754 0.00914718 0.999951 -0.0680841 0.171597 0.293899
FixedParameters: 0 0 0

#Transform 96
Transform: AffineTransform_float_3_3
Parameters: 0.999994 0.00201754 0.00273744 -0.0020019 0.999982 -0.00569244 -0.00274967 0.00568656 0.99998 -0.0223101 0.0336772 0.370152
FixedParameters: 0 0 0

#Transform 97
Transform: AffineTransform_float_3_3
Parameters: 0.999973 0.00687868 -0.00259292 -0.00690294 0.999931 -0.00954621 0.00252729 0.00956378 0.999951 0.0142707 0.0236949 0.392468
FixedParameters: 0 0 0

#Transform 98
Transform: AffineTransform_float_3_3
Parameters: 0.999987 0.00457116 -0.00221312 -0.00461211 0.999809 -0.0190054 0.00212593 0.0190156 0.999817 0.0611356 0.189333 0.281615
FixedParameters: 0 0 0

#Transform 99
Transform: AffineTransform_float_3_3
Parameters: 0.999986 0.00536452 -0.000583688 -0.00537212 0.999899 -0.0131676 0.000513073 0.0131704 0.999913 0.00232845 0.120747 0.154864
FixedParameters: 0 0 0

#Transform 100
Transform: AffineTransform_float_3_3
Parameters: 0.99999 0.00452417 -0.000169869 -0.0045253 0.99994 -0.00997674 0.000124544 0.00997727 0.99995 0.0132059 -0.029212 0.22016
FixedParameters: 0 0 0

#Transform 101
Transform: AffineTransform_float_3_3
Parameters: 0.999986 0.00526609 -0.000366137 -0.00526953 0.999916 -0.0118428 0.000303223 0.0118442 0.99993 -0.00318922 0.00991848 0.170795
FixedParameters: 0 0 0

#Transform 102
Transform: AffineTransform_float_3_3
Parameters: 0.999984 0.00566057 -0.000609239 -0.00567225 0.99978 -0.0201555 0.00049444 0.0201595 0.999796 0.00513467 -0.0922368 0.137658
FixedParameters: 0 0 0

#Transform 103
Transform: AffineTransform_float_3_3
Parameters: 0.999985 0.00543134 0.000760972 -0.00541558 0.999808 -0.018875 -0.000863025 0.018871 0.999822 -0.00985043 0.0289675 0.187523
FixedParameters: 0 0 0

#Transform 104
Transform: AffineTransform_float_3_3
Parameters: 0.999988 0.00375248 0.00307356 -0.00369594 0.999828 -0.0181676 -0.00314153 0.0181564 0.99983 -0.016641 0.113282 0.478589
FixedParameters: 0 0 0

#Transform 105
Transform: AffineTransform_float_3_3
Parameters: 0.99999 0.00395527 0.00176553 -0.00391802 0.999782 -0.0205033 -0.00184641 0.0204967 0.999788 0.0132986 0.0700698 0.544432
FixedParameters: 0 0 0

#Transform 106
Transform: AffineTransform_float_3_3
Parameters: 0.999988 0.00403355 0.00278054 -0.00396024 0.999654 -0.0259875 -0.00288522 0.0259755 0.999658 -0.00444911 0.184947 0.579967
FixedParameters: 0 0 0

#Transform 107
Transform: AffineTransform_float_3_3
Parameters: 0.999985 0.00393494 0.00364248 -0.0038551 0.999755 -0.0217834 -0.00372783 0.0217696 0.999756 -0.0328064 0.142595 0.598708
FixedParameters: 0 0 0

#Transform 108
Transform: AffineTransform_float_3_3
Parameters: 0.999982 0.00412248 0.00431759 -0.00401658 0.999697 -0.0242787 -0.00441582 0.0242613 0.999696 -0.0318333 0.184253 0.55981
FixedParameters: 0 0 0

#Transform 109
Transform: AffineTransform_float_3_3
Parameters: 0.999988 0.00412934 0.00264976 -0.00406388 0.999704 -0.0240032 -0.00274776 0.0239928 0.999708 -0.0547617 0.123198 0.479418
FixedParameters: 0 0 0

#Transform 110
Transform: AffineTransform_float_3_3
Parameters: 0.999982 0.00451168 0.00392726 -0.00441984 0.999726 -0.0229778 -0.0040297 0.0229601 0.999728 -0.0115095 0.152777 0.701385
FixedParameters: 0 0 0

#Transform 111
Transform: AffineTransform_float_3_3
Parameters: 0.999983 0.00386659 0.00434933 -0.00376518 0.999726 -0.0231036 -0.00443747 0.0230864 0.999724 -0.0574571 0.205306 0.515679
FixedParameters: 0 0 0

#Transform 112
Transform: AffineTransform_float_3_3
Parameters: 0.999981 0.00360734 0.00511511 -0.00348628 0.999718 -0.023453 -0.00519852 0.023435 0.999712 -0.0381277 0.193944 0.58787
FixedParameters: 0 0 0

#Transform 113
Transform: AffineTransform_float_3_3
Parameters: 0.999964 0.00208365 0.00828217 -0.0019556 0.99988 -0.0153674 -0.0083131 0.0153506 0.999848 -0.0841991 0.128449 0.580425
FixedParameters: 0 0 0

#Transform 114
Transform: AffineTransform_float_3_3
Parameters: 0.999976 0.00281005 0.0063141 -0.00268435 0.999801 -0.0197677 -0.00636861 0.0197503 0.999785 -0.0656374 0.172654 0.639178
FixedParameters: 0 0 0

#Transform 115
Transform: AffineTransform_float_3_3
Parameters: 0.999977 0.00257696 0.00616537 -0.00247266 0.999855 -0.0167919 -0.00620794 0.0167761 0.99984 -0.0796381 0.109828 0.716949
FixedParameters: 0 0 0

#Transform 116
Transform: AffineTransform_float_3_3
Parameters: 0.999975 0.00281424 0.00649244 -0.00268944 0.999811 -0.0192432 -0.00654621 0.0192248 0.999794 -0.102238 0.184155 0.65748
FixedParameters: 0 0 0

#Transform 117
Transform: AffineTransform_float_3_3
Parameters: 0.999976 0.00273354 0.00639994 -0.00260462 0.999794 -0.0201465 -0.00645419 0.0201295 0.999776 -0.101798 0.173208 0.609765
FixedParameters: 0 0 0

#Transform 118
Transform: AffineTransform_float_3_3
Parameters: 0.999966 0.0027799 0.00769797 -0.00265609 0.999867 -0.0160819 -0.00774131 0.0160611 0.999841 -0.117498 0.144083 0.546993
FixedParameters: 0 0 0

#Transform 119
Transform: AffineTransform_float_3_3
Parameters: 0.999975 0.00297705 0.00643755 -0.00285456 0.999817 -0.0189072 -0.00649283 0.0188878 0.9998 -0.0900442 0.162194 0.636511
FixedParameters: 0 0 0

#Transform 120
Transform: AffineTransform_float_3_3
Parameters: 0.999976 0.00272432 0.00638238 -0.00260325 0.999818 -0.0189013 -0.00643214 0.0188847 0.999801 -0.108657 0.152223 0.543548
FixedParameters: 0 0 0

#Transform 121
Transform: AffineTransform_float_3_3
Parameters: 0.999976 0.00272354 0.00638578 -0.0026033 0.999821 -0.0187514 -0.00643577 0.0187336 0.999804 -0.101731 0.15133 0.633097
FixedParameters: 0 0 0

#Transform 122
Transform: AffineTransform_float_3_3
Parameters: 0.999976 0.00272441 0.00645601 -0.00260602 0.99983 -0.0182565 -0.00650451 0.0182395 0.999812 -0.0970268 0.195282 0.688585
FixedParameters: 0 0 0

#Transform 123
Transform: AffineTransform_float_3_3
Parameters: 0.999975 0.00274153 0.00648869 -0.0026078 0.999786 -0.0205437 -0.00654414 0.0205263 0.999768 -0.113073 0.206899 0.676564
FixedParameters: 0 0 0

#Transform 124
Transform: AffineTransform_float_3_3
Parameters: 0.999983 0.00407256 0.00431922 -0.00396841 0.999713 -0.0236415 -0.00441409 0.0236235 0.999711 -0.070962 0.211586 0.657295
FixedParameters: 0 0 0

#Transform 125
Transform: AffineTransform_float_3_3
Parameters: 0.999969 0.00390911 0.00683063 -0.00377828 0.99981 -0.0190857 -0.00690394 0.0190603 0.999795 -0.0912405 0.137845 0.71142
FixedParameters: 0 0 0

#Transform 126
Transform: AffineTransform_float_3_3
Parameters: 0.99997 0.00354796 0.0068501 -0.00341221 0.9998 -0.0197002 -0.00691866 0.0196758 0.999782 -0.0838456 0.191605 0.725465
FixedParameters: 0 0 0

#Transform 127
Transform: AffineTransform_float_3_3
Parameters: 0.999975 0.00322263 0.00630426 -0.00308816 0.99977 -0.0212213 -0.00637169 0.0212016 0.999755 -0.0898994 0.217388 0.634439
FixedParameters: 0 0 0

#Transform 128
Transform: AffineTransform_float_3_3
Parameters: 0.999971 0.0035478 0.00677297 -0.00340927 0.999788 -0.020338 -0.00684379 0.0203141 0.999771 -0.0828463 0.163885 0.709242
FixedParameters: 0 0 0

#Transform 129
Transform: AffineTransform_float_3_3
Parameters: 0.999974 0.00351503 0.00627119 -0.00338864 0.999795 -0.0199692 -0.0063399 0.0199468 0.999781 -0.0567469 0.194804 0.647724
FixedParameters: 0 0 0

#Transform 130
Transform: AffineTransform_float_3_3
Parameters: 0.999976 0.00331614 0.00618539 -0.00318629 0.999778 -0.0208497 -0.00625367 0.0208293 0.999763 -0.0601926 0.198389 0.647216
FixedParameters: 0 0 0

#Transform 131
Transform: AffineTransform_float_3_3
Parameters: 0.999979 0.00273754 0.00584552 -0.00262403 0.999809 -0.0193792 -0.00589677 0.0193638 0.999795 -0.0719195 0.136766 0.623676
FixedParameters: 0 0 0

#Transform 132
Transform: AffineTransform_float_3_3
Parameters: 0.999977 0.00281191 0.00625126 -0.00268648 0.999796 -0.0200196 -0.00630621 0.0200024 0.99978 -0.0840974 0.169023 0.617955
FixedParameters: 0 0 0

#Transform 133
Transform: AffineTransform_float_3_3
Parameters: 0.999979 0.00280765 0.00596563 -0.00268681 0.999793 -0.0201698 -0.00602053 0.0201531 0.999779 -0.0958246 0.160281 0.483622
FixedParameters: 0 0 0

#Transform 134
Transform: AffineTransform_float_3_3
Parameters: 0.999975 0.002774 0.00638854 -0.00264728 0.999802 -0.0197007 -0.00644221 0.0196823 0.999785 -0.0907274 0.154248 0.626845
FixedParameters: 0 0 0

#Transform 135
Transform: AffineTransform_float_3_3
Parameters: 0.999979 0.00277502 0.00597712 -0.00265526 0.999797 -0.0199637 -0.00603064 0.0199473 0.999783 -0.088875 0.17572 0.627332
FixedParameters: 0 0 0

#Transform 136
Transform: AffineTransform_float_3_3
Parameters: 0.999976 0.00377884 0.00569999 -0.00365193 0.999749 -0.0221049 -0.00578203 0.0220831 0.999739 -0.0967462 0.170629 0.72432
FixedParameters: 0 0 0

#Transform 137
Transform: AffineTransform_float_3_3
Parameters: 0.999978 0.00221714 0.00634923 -0.00208571 0.999787 -0.020546 -0.00639335 0.020532 0.999769 -0.0913796 0.178063 0.670952
FixedParameters: 0 0 0

#Transform 138
Transform: AffineTransform_float_3_3
Parameters: 0.999978 0.00150734 0.00644644 -0.00139243 0.999839 -0.0178795 -0.0064716 0.0178705 0.999819 -0.101833 0.155619 0.605797
FixedParameters: 0 0 0

#Transform 139
Transform: AffineTransform_float_3_3
Parameters: 0.999978 0.00183483 0.00647027 -0.0017127 0.999823 -0.0187267 -0.00650381 0.0187153 0.999804 -0.126554 0.184766 0.399944
FixedParameters: 0 0 0

#Transform 140
Transform: AffineTransform_float_3_3
Parameters: 0.999979 0.0018339 0.00624205 -0.00170342 0.999784 -0.0206963 -0.00627806 0.0206857 0.999766 -0.101453 0.188989 0.571584
FixedParameters: 0 0 0

#Transform 141
Transform: AffineTransform_float_3_3
Parameters: 0.999973 0.00144427 0.00710104 -0.00130895 0.999818 -0.0190058 -0.00712692 0.0189962 0.999794 -0.0820593 0.161586 0.74406
FixedParameters: 0 0 0

#Transform 142
Transform: AffineTransform_float_3_3
Parameters: 0.999969 0.00194108 0.00764104 -0.0018234 0.99988 -0.0153933 -0.00766921 0.0153787 0.999852 -0.0833333 0.0853499 0.828035
FixedParameters: 0 0 0

#Transform 143
Transform: AffineTransform_float_3_3
Parameters: 0.999977 0.00246038 0.0062029 -0.002355 0.999855 -0.0168663 -0.00624386 0.0168507 0.999838 -0.0692112 0.116061 0.869644
FixedParameters: 0 0 0

#Transform 144
Transform: AffineTransform_float_3_3
Parameters: 0.999972 0.00231152 0.00712473 -0.00217467 0.999816 -0.0190551 -0.00716772 0.0190389 0.999793 -0.100566 0.179916 0.774322
FixedParameters: 0 0 0

#Transform 145
Transform: AffineTransform_float_3_3
Parameters: 0.999972 0.00236498 0.00712495 -0.00222638 0.99981 -0.0193795 -0.00716931 0.0193625 0.999787 -0.0993174 0.15645 0.773742
FixedParameters: 0 0 0

#Transform 146
Transform: AffineTransform_float_3_3
Parameters: 0.999958 0.00199034 0.00896305 -0.00181364 0.999805 -0.0196765 -0.00900075 0.0196595 0.999766 -0.122678 0.184621 0.987347
FixedParameters: 0 0 0

#Transform 147
Transform: AffineTransform_float_3_3
Parameters: 0.999965 0.0023154 0.0081091 -0.00215089 0.999793 -0.0202259 -0.00815477 0.0202081 0.999762 -0.108869 0.191671 0.829391
FixedParameters: 0 0 0

#Transform 148
Transform: AffineTransform_float_3_3
Parameters: 0.999963 0.00245589 0.0082651 -0.00229319 0.999805 -0.0196114 -0.00831165 0.0195916 0.999773 -0.0887388 0.16938 0.860915
FixedParameters: 0 0 0

#Transform 149
Transform: AffineTransform_float_3_3
Parameters: 0.999967 0.00192217 0.00781092 -0.0017672 0.999803 -0.0197793 -0.00784763 0.0197648 0.999774 -0.121354 0.19823 0.832518
FixedParameters: 0 0 0

#Transform 150
Transform: AffineTransform_float_3_3
Parameters: 0.999969 0.00158409 0.0077021 -0.00143273 0.999806 -0.0196555 -0.00773226 0.0196435 0.999777 -0.11042 0.165996 0.755333
FixedParameters: 0 0 0

#Transform 151
Transform: AffineTransform_float_3_3
Parameters: 0.999967 0.00198132 0.00787387 -0.00182227 0.999795 -0.0201898 -0.00791221 0.0201752 0.999765 -0.102704 0.197456 0.732737
FixedParameters: 0 0 0
