# transform file /out/sourcedata/freesurfer/sub-v2s3x28784_ses-1/mri/transforms/cc_up.lta
# created by oesteban on Fri Mar 13 01:15:36 2026

type      = 0 # LINEAR_VOX_TO_VOX
nxforms   = 1
mean      = 131.0000 147.0000 120.0000
sigma     = 10000.0000
1 4 4
9.984799623489380e-01 -3.066372871398926e-02 4.580059275031090e-02 -2.487997293472290e+00 
3.063151985406876e-02 9.995298385620117e-01 1.405077520757914e-03 -5.094496250152588e+00 
-4.582214355468750e-02 1.164153357047226e-10 9.989497065544128e-01 2.109693908691406e+01 
0.000000000000000e+00 0.000000000000000e+00 0.000000000000000e+00 1.000000000000000e+00 
src volume info
valid = 1  # volume info valid
filename = /out/sourcedata/freesurfer/sub-v2s3x28784_ses-1/mri/norm.mgz
volume = 256 256 256
voxelsize = 1.000000000000000e+00 1.000000000000000e+00 1.000000000000000e+00
xras   = -1.000000000000000e+00 0.000000000000000e+00 0.000000000000000e+00
yras   = 0.000000000000000e+00 0.000000000000000e+00 -1.000000000000000e+00
zras   = 0.000000000000000e+00 1.000000000000000e+00 0.000000000000000e+00
cras   = 4.831367492675781e+00 2.477711486816406e+01 1.111589050292969e+01
dst volume info
valid = 1  # volume info valid
filename = /out/sourcedata/freesurfer/sub-v2s3x28784_ses-1/mri/norm.mgz
volume = 256 256 256
voxelsize = 1.000000000000000e+00 1.000000000000000e+00 1.000000000000000e+00
xras   = -1.000000000000000e+00 0.000000000000000e+00 0.000000000000000e+00
yras   = 0.000000000000000e+00 0.000000000000000e+00 -1.000000000000000e+00
zras   = 0.000000000000000e+00 1.000000000000000e+00 0.000000000000000e+00
cras   = 4.831367492675781e+00 2.477711486816406e+01 1.111589050292969e+01
