#Insight Transform File V1.0
#Transform 0
Transform: AffineTransform_float_3_3
Parameters: 1 5.89254e-05 0.000237758 -5.90889e-05 1 0.000343986 -0.000237717 -0.000344014 1 -0.00353501 -0.0567313 -0.0488221
FixedParameters: 0 0 0

#Transform 1
Transform: AffineTransform_float_3_3
Parameters: 1 -0.000607865 -5.55498e-05 0.000607857 1 -7.30338e-05 5.56385e-05 7.29662e-05 1 -0.012738 -0.00179558 -0.0197823
FixedParameters: 0 0 0

#Transform 2
Transform: AffineTransform_float_3_3
Parameters: 1 -0.000594797 0.000258837 0.000595542 0.999999 0.000491156 -0.000259464 -0.000491844 1 -0.0189845 -0.0230093 -0.0586073
FixedParameters: 0 0 0

#Transform 3
Transform: AffineTransform_float_3_3
Parameters: 1 9.26877e-05 -0.000441247 -9.25182e-05 1 0.000192041 0.000441283 -0.000191959 1 0.0112528 0.0287926 -0.0543888
FixedParameters: 0 0 0

#Transform 4
Transform: AffineTransform_float_3_3
Parameters: 1 -0.000302572 -0.000174483 0.000302572 1 -5.27936e-08 0.000174483 -5.27936e-08 1 0.00930133 0.0317133 -0.0666567
FixedParameters: 0 0 0

#Transform 5
Transform: AffineTransform_float_3_3
Parameters: 1 -0.000273597 -0.000175697 0.000273597 1 -4.80703e-08 0.000175697 -4.80703e-08 1 -0.00257023 -0.0247055 -0.0322652
FixedParameters: 0 0 0

#Transform 6
Transform: AffineTransform_float_3_3
Parameters: 1 -0.000341613 -0.000172702 0.000341463 1 -0.000433059 0.000172997 0.000432941 1 -0.00425754 0.0524395 -0.0252806
FixedParameters: 0 0 0

#Transform 7
Transform: AffineTransform_float_3_3
Parameters: 1 -0.000612289 -0.000161544 0.000612311 1 6.99011e-05 0.000161458 -7.00989e-05 1 -0.0106523 -0.0107656 -0.0290818
FixedParameters: 0 0 0

#Transform 8
Transform: AffineTransform_float_3_3
Parameters: 1 0.000211615 -0.000446193 -0.000211382 1 0.000261094 0.000446303 -0.000260906 1 0.0139649 0.0206371 -0.0179358
FixedParameters: 0 0 0

#Transform 9
Transform: AffineTransform_float_3_3
Parameters: 1 -0.000612375 -0.000161216 0.000612225 0.999999 -0.000465099 0.000161786 0.000464901 1 -0.0106831 0.0418762 -0.0379243
FixedParameters: 0 0 0

#Transform 10
Transform: AffineTransform_float_3_3
Parameters: 0.999999 0.000392791 -0.000656076 -0.000392954 1 -0.000123742 0.000655978 0.000124258 1 0.0224903 0.0171003 -0.0134504
FixedParameters: 0 0 0

#Transform 11
Transform: AffineTransform_float_3_3
Parameters: 1 -0.000240855 -0.000366046 0.000240199 0.999999 -0.000840087 0.000365451 0.000839911 0.999999 0.00201532 0.0687747 -0.0133723
FixedParameters: 0 0 0

#Transform 12
Transform: AffineTransform_float_3_3
Parameters: 1 -0.000596316 0.000215712 0.000596668 1 -0.000912913 -0.000215622 0.000913087 0.999999 -0.0134965 -0.0312328 -0.0186002
FixedParameters: 0 0 0

#Transform 13
Transform: AffineTransform_float_3_3
Parameters: 0.999999 -0.000628322 -0.000544184 0.000628354 1 2.96563e-05 0.000544147 -2.93437e-05 1 -0.00964772 0.0351613 -0.00166242
FixedParameters: 0 0 0

#Transform 14
Transform: AffineTransform_float_3_3
Parameters: 1 -0.000353735 -0.000293286 0.000354461 1 -0.000464104 0.000293573 0.000463896 1 -0.00203555 0.0517804 -0.0315894
FixedParameters: 0 0 0

#Transform 15
Transform: AffineTransform_float_3_3
Parameters: 1 -0.00060444 2.60365e-05 0.000604414 0.999999 0.000492016 -2.66313e-05 -0.000491984 1 -0.0143681 0.00605427 -0.00863923
FixedParameters: 0 0 0

#Transform 16
Transform: AffineTransform_float_3_3
Parameters: 1 -0.000604402 2.69069e-05 0.000604411 1 -0.000948026 -2.676e-05 0.000947974 0.999999 -0.0144035 0.0565786 -0.00251891
FixedParameters: 0 0 0

#Transform 17
Transform: AffineTransform_float_3_3
Parameters: 0.999999 -4.70553e-05 -0.000742682 4.72276e-05 1 0.000115965 0.000742671 -0.000116035 0.999999 0.0143373 0.0200269 -0.0061619
FixedParameters: 0 0 0

#Transform 18
Transform: AffineTransform_float_3_3
Parameters: 1 -0.000614793 -0.000222617 0.000614915 1 0.000274863 0.000222278 -0.000275137 1 -0.00941876 0.00385691 -0.00371975
FixedParameters: 0 0 0

#Transform 19
Transform: AffineTransform_float_3_3
Parameters: 1 0.000100429 -0.000252466 -0.000100606 1 -0.000350975 0.000252395 0.000351025 1 0.00742574 0.0564 0.00885415
FixedParameters: 0 0 0

#Transform 20
Transform: AffineTransform_float_3_3
Parameters: 1 -0.000596946 0.000205134 0.000596917 1 7.11224e-05 -0.000205219 -7.08775e-05 1 -0.0178734 0.000477729 0.00157905
FixedParameters: 0 0 0

#Transform 21
Transform: AffineTransform_float_3_3
Parameters: 1 0.000241724 -0.000176427 -0.000241936 1 -0.000600957 0.000176136 0.000601042 1 0.0253461 0.0544467 -0.0315489
FixedParameters: 0 0 0

#Transform 22
Transform: AffineTransform_float_3_3
Parameters: 1 0.000327539 -1.78349e-05 -0.00032755 1 -0.000314994 1.76285e-05 0.000315006 1 0.0241188 0.0488263 0.0118907
FixedParameters: 0 0 0

#Transform 23
Transform: AffineTransform_float_3_3
Parameters: 1 0.000321226 -4.93812e-05 -0.000321192 1 0.000352016 4.96073e-05 -0.000351984 1 0.00837423 0.0154882 -0.0242758
FixedParameters: 0 0 0

#Transform 24
Transform: AffineTransform_float_3_3
Parameters: 1 7.36294e-05 0.000591452 -7.30337e-05 1 0.000340957 -0.000591444 -0.000341044 1 0.00606986 0.0440281 -0.0017533
FixedParameters: 0 0 0

#Transform 25
Transform: AffineTransform_float_3_3
Parameters: 1 0.00016578 0.000232323 -0.000165962 1 0.000391961 -0.000232193 -0.000392038 1 0.00513945 0.0428361 -0.00647901
FixedParameters: 0 0 0

#Transform 26
Transform: AffineTransform_float_3_3
Parameters: 1 -0.000504501 0.000268714 0.000503824 0.999999 0.00125814 -0.000269982 -0.00125786 0.999999 -0.0170911 0.0127212 0.0103191
FixedParameters: 0 0 0

#Transform 27
Transform: AffineTransform_float_3_3
Parameters: 1 -0.000109661 0.000251761 0.000109442 1 0.000436027 -0.000251856 -0.000435972 1 -0.00768322 0.0638339 -0.0185279
FixedParameters: 0 0 0

#Transform 28
Transform: AffineTransform_float_3_3
Parameters: 1 0.000303214 0.000484932 -0.000303913 0.999999 0.000720852 -0.000484494 -0.000721147 0.999999 -0.00318482 0.0460518 -0.000699816
FixedParameters: 0 0 0

#Transform 29
Transform: AffineTransform_float_3_3
Parameters: 1 0.000290957 0.00023519 -0.000290238 1 0.000595932 -0.000234885 -0.000596068 1 0.00168902 0.0487277 0.00189833
FixedParameters: 0 0 0

#Transform 30
Transform: AffineTransform_float_3_3
Parameters: 1 0.000271055 -0.000244498 -0.000270938 1 0.000238066 0.000244627 -0.000237934 1 0.0112348 0.090837 -0.0348895
FixedParameters: 0 0 0

#Transform 31
Transform: AffineTransform_float_3_3
Parameters: 1 0.000545006 0.00032883 -0.000544459 0.999999 0.000686821 -0.000328124 -0.000687179 0.999999 0.00555188 0.0542745 0.0197875
FixedParameters: 0 0 0

#Transform 32
Transform: AffineTransform_float_3_3
Parameters: 1 0.000263284 -0.000443995 -0.000261958 0.999999 0.00149112 0.000444778 -0.00149088 0.999999 -0.0102492 0.122411 0.112155
FixedParameters: 0 0 0

#Transform 33
Transform: AffineTransform_float_3_3
Parameters: 0.999999 0.000251558 -0.000732778 -0.000250522 0.999999 0.00141718 0.000732532 -0.00141682 0.999998 -0.00133963 0.0890632 -0.0147349
FixedParameters: 0 0 0

#Transform 34
Transform: AffineTransform_float_3_3
Parameters: 1 0.000273758 -0.000182369 -0.00027347 0.999999 0.000907051 0.000181866 -0.000907948 0.999999 0.0100338 0.147865 -0.0078654
FixedParameters: 0 0 0

#Transform 35
Transform: AffineTransform_float_3_3
Parameters: 1 0.000220734 0.000314435 -0.000220997 0.999998 0.00193993 -0.000314619 -0.00194007 0.999998 -0.00152065 0.0841593 0.0214996
FixedParameters: 0 0 0

#Transform 36
Transform: AffineTransform_float_3_3
Parameters: 1 0.000280809 -1.04195e-05 -0.000280782 0.999999 0.001241 1.11164e-05 -0.001241 0.999999 0.0219558 0.145015 -0.0408271
FixedParameters: 0 0 0

#Transform 37
Transform: AffineTransform_float_3_3
Parameters: 1 0.000294186 0.000323482 -0.000294378 0.999999 0.00184291 -0.000322439 -0.0018431 0.999998 -0.00228112 0.10325 -0.00698348
FixedParameters: 0 0 0

#Transform 38
Transform: AffineTransform_float_3_3
Parameters: 1 0.000287302 0.000148387 -0.000286606 1 0.00102496 -0.000147841 -0.00102504 1 7.39747e-05 0.169923 0.0291392
FixedParameters: 0 0 0

#Transform 39
Transform: AffineTransform_float_3_3
Parameters: 1 0.000345995 0.000340335 -0.000346114 0.999998 0.00158288 -0.00034028 -0.00158212 0.999998 -0.000801577 0.0990438 0.0191542
FixedParameters: 0 0 0

#Transform 40
Transform: AffineTransform_float_3_3
Parameters: 1 0.000419257 0.000395444 -0.000419584 0.999998 0.00162383 -0.000395123 -0.00162416 0.999998 0.00322509 0.139821 -0.0357477
FixedParameters: 0 0 0

#Transform 41
Transform: AffineTransform_float_3_3
Parameters: 1 0.00041472 0.000285693 -0.000414909 0.999998 0.00200988 -0.000285067 -0.00200912 0.999998 -0.0172218 0.10987 -0.00195231
FixedParameters: 0 0 0

#Transform 42
Transform: AffineTransform_float_3_3
Parameters: 1 0.000419216 0.000395488 -0.000419626 0.999999 0.00172884 -0.000395079 -0.00172917 0.999999 -0.00832915 0.12711 -0.0101747
FixedParameters: 0 0 0

#Transform 43
Transform: AffineTransform_float_3_3
Parameters: 0.999999 0.000518256 0.000697176 -0.000518019 0.999999 0.000546639 -0.000696651 -0.000547361 0.999999 0.00337952 0.141109 0.0456516
FixedParameters: 0 0 0

#Transform 44
Transform: AffineTransform_float_3_3
Parameters: 1 0.000397104 0.000462251 -0.000398308 0.999999 0.00125682 -0.00046225 -0.00125718 0.999999 0.00561927 0.0985031 0.0249276
FixedParameters: 0 0 0

#Transform 45
Transform: AffineTransform_float_3_3
Parameters: 0.999999 0.000604227 0.000387811 -0.00060429 0.999999 0.00131577 -0.000387262 -0.00131623 0.999999 0.0118341 0.148681 0.0193655
FixedParameters: 0 0 0

#Transform 46
Transform: AffineTransform_float_3_3
Parameters: 1 0.000348292 0.000398322 -0.000348674 0.999998 0.00168186 -0.000398191 -0.00168214 0.999998 0.0058392 0.12185 0.0118078
FixedParameters: 0 0 0

#Transform 47
Transform: AffineTransform_float_3_3
Parameters: 0.999999 0.000552098 0.000741513 -0.000553932 0.999998 0.00188359 -0.00074047 -0.00188341 0.999998 0.00332444 0.127537 0.024988
FixedParameters: 0 0 0

#Transform 48
Transform: AffineTransform_float_3_3
Parameters: 0.999999 0.000743723 0.000278503 -0.00074383 0.999998 0.00191679 -0.000276692 -0.00191721 0.999998 0.0172636 0.126547 0.0115267
FixedParameters: 0 0 0

#Transform 49
Transform: AffineTransform_float_3_3
Parameters: 0.999999 0.000800239 0.000445724 -0.000801423 0.999997 0.00235964 -0.000443985 -0.00235936 0.999997 0.00482834 0.0936854 0.0276624
FixedParameters: 0 0 0

#Transform 50
Transform: AffineTransform_float_3_3
Parameters: 0.999999 0.00076969 0.000351463 -0.00077002 0.999998 0.00183673 -0.000349676 -0.00183727 0.999999 0.00543216 0.12178 0.015343
FixedParameters: 0 0 0

#Transform 51
Transform: AffineTransform_float_3_3
Parameters: 1 0.000569779 0.000281304 -0.000569702 0.999999 0.0016438 -0.000279472 -0.0016442 0.999998 0.0132138 0.138168 0.0534196
FixedParameters: 0 0 0

#Transform 52
Transform: AffineTransform_float_3_3
Parameters: 1 4.35814e-07 0.000434333 -9.43026e-07 0.999999 0.001734 -0.000434372 -0.001734 0.999999 0.00779452 0.129804 0.0127525
FixedParameters: 0 0 0

#Transform 53
Transform: AffineTransform_float_3_3
Parameters: 0.999999 0.000594382 0.00068724 -0.000596174 0.999996 0.00269859 -0.000686109 -0.00269841 0.999996 0.00460877 0.0941019 0.0151589
FixedParameters: 0 0 0

#Transform 54
Transform: AffineTransform_float_3_3
Parameters: 1 0.000533182 0.000273198 -0.000534611 0.999997 0.00246485 -0.000272565 -0.00246415 0.999997 0.00220077 0.13556 -0.0117833
FixedParameters: 0 0 0

#Transform 55
Transform: AffineTransform_float_3_3
Parameters: 0.999999 0.000506114 0.000592213 -0.000507338 0.999998 0.0018427 -0.000591386 -0.0018433 0.999998 0.00189242 0.0917462 0.0269029
FixedParameters: 0 0 0

#Transform 56
Transform: AffineTransform_float_3_3
Parameters: 1 -0.000171015 0.000398251 0.000170952 0.999999 0.00138807 -0.000397768 -0.00138793 0.999999 0.00904065 0.143151 0.0351199
FixedParameters: 0 0 0

#Transform 57
Transform: AffineTransform_float_3_3
Parameters: 1 -0.000270254 -0.000224296 0.000270969 0.999998 0.00159594 0.000223432 -0.00159606 0.999998 0.0221646 0.091993 0.0551451
FixedParameters: 0 0 0

#Transform 58
Transform: AffineTransform_float_3_3
Parameters: 0.999999 0.000818829 0.00101409 -0.00082141 0.999994 0.00320621 -0.001011 -0.00320679 0.999995 -0.000596085 0.141979 0.012154
FixedParameters: 0 0 0

#Transform 59
Transform: AffineTransform_float_3_3
Parameters: 0.999999 0.000655246 0.00133052 -0.000659267 0.999996 0.00298312 -0.00132876 -0.00298388 0.999994 -0.00011112 0.085565 0.0133418
FixedParameters: 0 0 0

#Transform 60
Transform: AffineTransform_float_3_3
Parameters: 0.999999 0.00070972 0.000419947 -0.00071063 0.999994 0.0033197 -0.000418312 -0.0033203 0.999995 0.0201422 0.133952 0.0537597
FixedParameters: 0 0 0

#Transform 61
Transform: AffineTransform_float_3_3
Parameters: 0.999998 0.00109292 0.0017865 -0.00109747 0.999996 0.00265008 -0.0017829 -0.00265192 0.999995 0.0121216 0.145458 0.0614074
FixedParameters: 0 0 0

#Transform 62
Transform: AffineTransform_float_3_3
Parameters: 0.999998 0.000664343 0.0018033 -0.000668759 0.999997 0.00259884 -0.00180104 -0.00260016 0.999995 0.0141844 0.196036 0.0544207
FixedParameters: 0 0 0

#Transform 63
Transform: AffineTransform_float_3_3
Parameters: 0.999999 0.000579103 0.00112286 -0.000580899 0.999997 0.00211639 -0.00112153 -0.00211761 0.999997 0.0261915 0.121431 0.0220016
FixedParameters: 0 0 0

#Transform 64
Transform: AffineTransform_float_3_3
Parameters: 0.999999 0.000566714 0.00112354 -0.000569353 0.999997 0.0024714 -0.00112286 -0.0024726 0.999997 0.00823028 0.146321 0.0654426
FixedParameters: 0 0 0

#Transform 65
Transform: AffineTransform_float_3_3
Parameters: 0.999999 0.000513068 0.000685872 -0.000514208 0.999998 0.00156065 -0.00068431 -0.00156135 0.999998 0.0219224 0.181282 0.0559504
FixedParameters: 0 0 0

#Transform 66
Transform: AffineTransform_float_3_3
Parameters: 1 0.000391175 0.00051457 -0.000392564 0.999999 0.0013508 -0.000513511 -0.0013512 0.999999 0.0346905 0.161248 0.0787627
FixedParameters: 0 0 0

#Transform 67
Transform: AffineTransform_float_3_3
Parameters: 0.999999 0.000643171 0.000580283 -0.000644495 0.999999 0.00114263 -0.000578811 -0.00114337 0.999999 0.0263035 0.163121 0.1112
FixedParameters: 0 0 0

#Transform 68
Transform: AffineTransform_float_3_3
Parameters: 1 0.000623061 0.000308952 -0.000623884 0.999999 0.00126581 -0.000308372 -0.00126619 0.999999 0.0309455 0.142255 0.130118
FixedParameters: 0 0 0

#Transform 69
Transform: AffineTransform_float_3_3
Parameters: 1 7.06693e-05 0.000381428 -7.13946e-05 0.999999 0.000951015 -0.000381292 -0.000950985 1 0.030046 0.172943 0.14731
FixedParameters: 0 0 0

#Transform 70
Transform: AffineTransform_float_3_3
Parameters: 1 2.03626e-05 0.0002444 -2.11379e-05 0.999993 0.00363104 -0.000244291 -0.00363096 0.999994 0.0318044 0.100593 0.0703603
FixedParameters: 0 0 0

#Transform 71
Transform: AffineTransform_float_3_3
Parameters: 1 0.000284664 0.000584048 -0.000285711 0.999999 0.00175283 -0.00058309 -0.00175317 0.999999 0.0182777 0.157506 0.0899378
FixedParameters: 0 0 0

#Transform 72
Transform: AffineTransform_float_3_3
Parameters: 1 0.000450837 0.000385202 -0.000451196 0.999999 0.00170983 -0.000384701 -0.00170918 0.999999 0.0216667 0.203406 0.0954954
FixedParameters: 0 0 0

#Transform 73
Transform: AffineTransform_float_3_3
Parameters: 0.999999 0.00054996 0.000514471 -0.000551089 0.999998 0.00198672 -0.000514323 -0.00198728 0.999998 0.0132933 0.159491 -0.0235054
FixedParameters: 0 0 0

#Transform 74
Transform: AffineTransform_float_3_3
Parameters: 1 0.000807191 0.00080296 -0.000808427 0.999999 0.00136635 -0.000801793 -0.00136665 0.999998 0.0183038 0.21632 0.0212994
FixedParameters: 0 0 0

#Transform 75
Transform: AffineTransform_float_3_3
Parameters: 0.999999 0.000789645 0.000376827 -0.000791251 0.999997 0.0020217 -0.000375629 -0.0020223 0.999998 0.0198616 0.146821 0.119276
FixedParameters: 0 0 0

#Transform 76
Transform: AffineTransform_float_3_3
Parameters: 0.999999 0.000698111 0.000384069 -0.00069824 0.999999 0.00141673 -0.000383131 -0.00141727 0.999999 0.0174823 0.20444 0.017164
FixedParameters: 0 0 0

#Transform 77
Transform: AffineTransform_float_3_3
Parameters: 0.999999 0.000610441 0.000364291 -0.000611095 1 0.000898736 -0.000363193 -0.000899264 0.999999 0.00971964 0.154024 -0.111152
FixedParameters: 0 0 0

#Transform 78
Transform: AffineTransform_float_3_3
Parameters: 1 0.000153317 -0.000160655 -0.000152506 1 -0.000584975 0.000160434 0.000585024 1 0.0144697 0.235449 -0.111991
FixedParameters: 0 0 0

#Transform 79
Transform: AffineTransform_float_3_3
Parameters: 1 0.00038563 -0.000329332 -0.000386455 1 0.000265127 0.000329578 -0.000264873 1 0.0257541 0.184004 -0.101353
FixedParameters: 0 0 0

#Transform 80
Transform: AffineTransform_float_3_3
Parameters: 1 0.000266844 -0.000151404 -0.000266952 1 -0.00035696 0.000151214 0.00035704 1 0.0239152 0.234002 -0.105712
FixedParameters: 0 0 0

#Transform 81
Transform: AffineTransform_float_3_3
Parameters: 1 0.000211009 -0.000148877 -0.000210885 1 0.000413031 0.000149051 -0.000412968 1 0.0210687 0.197282 -0.079965
FixedParameters: 0 0 0

#Transform 82
Transform: AffineTransform_float_3_3
Parameters: 1 0.000281066 0.000187435 -0.000281121 1 0.000146947 -0.000187352 -0.000147053 1 0.0121185 0.195628 -0.0958986
FixedParameters: 0 0 0

#Transform 83
Transform: AffineTransform_float_3_3
Parameters: 1 0.000398792 -8.40121e-05 -0.000398891 0.999999 -0.000593966 8.35383e-05 0.000594033 1 0.0283899 0.235353 -0.0991985
FixedParameters: 0 0 0

#Transform 84
Transform: AffineTransform_float_3_3
Parameters: 1 0.000107452 -8.65973e-05 -0.000107486 1 -0.000195991 8.65552e-05 0.000196009 1 0.0195718 0.185505 -0.0839319
FixedParameters: 0 0 0

#Transform 85
Transform: AffineTransform_float_3_3
Parameters: 1 0.000334988 -0.000220352 -0.000335156 1 -0.000381926 0.000220096 0.000382074 1 0.0293454 0.260875 -0.113022
FixedParameters: 0 0 0

#Transform 86
Transform: AffineTransform_float_3_3
Parameters: 1 0.000120706 1.38226e-05 -0.000120675 1 -0.001124 -1.40939e-05 0.001124 1 0.0233053 0.224458 -0.127526
FixedParameters: 0 0 0

#Transform 87
Transform: AffineTransform_float_3_3
Parameters: 1 0.000501002 -0.000223385 -0.000500186 1 -0.000409888 0.000222932 0.000410112 1 0.0392182 0.255404 -0.120077
FixedParameters: 0 0 0

#Transform 88
Transform: AffineTransform_float_3_3
Parameters: 1 -1.89976e-05 -0.000263437 1.90987e-05 1 0.000191995 0.00026343 -0.000192005 1 0.0112326 0.224277 -0.134996
FixedParameters: 0 0 0

#Transform 89
Transform: AffineTransform_float_3_3
Parameters: 1 0.000271087 -0.000169587 -0.000271192 1 -0.000310952 0.000169419 0.000310048 1 0.011278 0.23294 -0.0800298
FixedParameters: 0 0 0

#Transform 90
Transform: AffineTransform_float_3_3
Parameters: 1 0.000125 -0.00033752 -0.00012495 1 7.40422e-05 0.000337539 -7.39578e-05 1 0.00352077 0.192564 -0.149524
FixedParameters: 0 0 0

#Transform 91
Transform: AffineTransform_float_3_3
Parameters: 1 0.000330794 -0.000346156 -0.000330795 1 -8.85493e-07 0.000346155 1.11451e-06 1 0.00836628 0.167177 -0.122146
FixedParameters: 0 0 0

#Transform 92
Transform: AffineTransform_float_3_3
Parameters: 1 0.000411115 -5.33794e-05 -0.000411145 1 -0.000282978 5.31467e-05 0.000283022 1 0.0149645 0.239204 -0.165658
FixedParameters: 0 0 0

#Transform 93
Transform: AffineTransform_float_3_3
Parameters: 1 0.000495955 -8.29055e-05 -0.000495977 1 -0.000128959 8.27776e-05 0.000129041 1 0.0101735 0.18408 -0.0901101
FixedParameters: 0 0 0

#Transform 94
Transform: AffineTransform_float_3_3
Parameters: 1 0.000327513 -0.000387556 -0.000327604 0.999999 -0.00145987 0.000387557 0.00146013 0.999999 0.0169476 0.24249 -0.0673213
FixedParameters: 0 0 0

#Transform 95
Transform: AffineTransform_float_3_3
Parameters: 1 0.000501705 -6.44715e-05 -0.000501808 0.999999 -0.000804967 6.36636e-05 0.000805031 0.999999 0.017701 0.196051 -0.0687222
FixedParameters: 0 0 0

#Transform 96
Transform: AffineTransform_float_3_3
Parameters: 0.999999 0.00045724 -0.000696474 -0.000458249 0.999999 -0.00147168 0.000696084 0.00147132 0.999998 0.0325612 0.267828 -0.0878545
FixedParameters: 0 0 0

#Transform 97
Transform: AffineTransform_float_3_3
Parameters: 1 0.000535885 -0.000205552 -0.000535833 1 0.00012611 0.000205687 -0.00012589 1 0.0172902 0.189403 -0.105585
FixedParameters: 0 0 0

#Transform 98
Transform: AffineTransform_float_3_3
Parameters: 1 0.000517793 -0.000205074 -0.000517957 1 -0.000400892 0.000204659 0.000400108 1 0.0212901 0.255856 -0.0959693
FixedParameters: 0 0 0

#Transform 99
Transform: AffineTransform_float_3_3
Parameters: 1 0.000124477 0.000174913 -0.000125392 1 -0.000238022 -0.000174931 0.000237978 1 0.0216746 0.186512 -0.0973096
FixedParameters: 0 0 0

#Transform 100
Transform: AffineTransform_float_3_3
Parameters: 1 0.000537452 0.000141429 -0.000537351 1 -0.000355076 -0.000141811 0.000354924 1 0.0285203 0.237659 -0.0885273
FixedParameters: 0 0 0

#Transform 101
Transform: AffineTransform_float_3_3
Parameters: 1 -0.000276036 -0.000236778 0.000275268 1 0.000486935 0.000236551 -0.000487065 1 0.0158281 0.194042 -0.113954
FixedParameters: 0 0 0

#Transform 102
Transform: AffineTransform_float_3_3
Parameters: 1 0.000210793 -0.000200976 -0.000210742 1 0.000126042 0.000201029 -0.000125958 1 0.0269504 0.231659 -0.07444
FixedParameters: 0 0 0

#Transform 103
Transform: AffineTransform_float_3_3
Parameters: 1 -0.000287862 -0.000534796 0.0002884 0.999999 0.00143785 0.00053401 -0.00143815 0.999999 0.00724238 0.199015 -0.104488
FixedParameters: 0 0 0

#Transform 104
Transform: AffineTransform_float_3_3
Parameters: 1 0.000378229 -0.000986188 -0.000376797 0.999999 0.00123237 0.00098716 -0.00123163 0.999999 0.012998 0.233468 -0.0958197
FixedParameters: 0 0 0

#Transform 105
Transform: AffineTransform_float_3_3
Parameters: 0.999999 0.000530183 -0.000501802 -0.000528693 0.999998 0.00152626 0.000502418 -0.00152573 0.999998 0.00304738 0.180726 -0.112241
FixedParameters: 0 0 0

#Transform 106
Transform: AffineTransform_float_3_3
Parameters: 1 7.20357e-05 -0.000192177 -7.1995e-05 1 0.000106014 0.000192192 -0.000105986 1 0.00384459 0.245978 -0.129833
FixedParameters: 0 0 0

#Transform 107
Transform: AffineTransform_float_3_3
Parameters: 1 0.000250863 -0.00052954 -0.000250191 0.999998 0.00157613 0.000530371 -0.00157587 0.999998 0.00923621 0.171845 -0.107881
FixedParameters: 0 0 0

#Transform 108
Transform: AffineTransform_float_3_3
Parameters: 0.999999 -0.000296865 -0.000757619 0.000297074 0.999999 0.00145677 0.000756838 -0.00145722 0.999998 0.0165571 0.199575 -0.131504
FixedParameters: 0 0 0

#Transform 109
Transform: AffineTransform_float_3_3
Parameters: 1 0.000113189 -0.000524189 -0.000113107 1 7.90593e-05 0.000524207 -7.89407e-05 1 0.023716 0.269334 -0.0817238
FixedParameters: 0 0 0

#Transform 110
Transform: AffineTransform_float_3_3
Parameters: 1 -0.000106432 -0.000106758 0.000106686 1 0.00118999 0.000106504 -0.00119001 1 0.0315052 0.174699 -0.0741504
FixedParameters: 0 0 0

#Transform 111
Transform: AffineTransform_float_3_3
Parameters: 1 0.000314926 -0.000334819 -0.000314572 1 -0.00102589 0.000335131 0.00102511 1 0.0332315 0.253333 -0.061145
FixedParameters: 0 0 0

#Transform 112
Transform: AffineTransform_float_3_3
Parameters: 0.999999 0.00028581 -0.000655538 -0.000285789 1 1.61873e-05 0.000655547 -1.58126e-05 1 0.0392936 0.240048 -0.0515566
FixedParameters: 0 0 0

#Transform 113
Transform: AffineTransform_float_3_3
Parameters: 1 0.000180667 -0.000612055 -0.000180428 1 0.00023011 0.000611139 -0.00022989 1 0.0244747 0.208451 -0.0899298
FixedParameters: 0 0 0

#Transform 114
Transform: AffineTransform_float_3_3
Parameters: 1 2.50067e-05 -0.000549529 -2.50133e-05 1 -5.98625e-06 0.000549529 6.01374e-06 1 0.016995 0.230173 -0.0889766
FixedParameters: 0 0 0

#Transform 115
Transform: AffineTransform_float_3_3
Parameters: 1 4.29917e-05 -0.0001209 -4.29576e-05 1 0.000141005 0.000120912 -0.000140995 1 0.0142056 0.202682 -0.107476
FixedParameters: 0 0 0

#Transform 116
Transform: AffineTransform_float_3_3
Parameters: 1 -0.00013053 -0.000364811 0.000131256 1 -0.000374048 0.000364867 0.000373952 1 0.00867059 0.237803 -0.0779279
FixedParameters: 0 0 0

#Transform 117
Transform: AffineTransform_float_3_3
Parameters: 1 1.68343e-05 -0.000547204 -1.73673e-05 1 -0.00048699 0.000547187 0.000487009 0.999999 0.0153213 0.227466 -0.082955
FixedParameters: 0 0 0

#Transform 118
Transform: AffineTransform_float_3_3
Parameters: 0.999999 0.00025477 -0.000929652 -0.000255831 1 -0.000570719 0.00092936 0.000570281 1 0.028943 0.272246 -0.0452752
FixedParameters: 0 0 0

#Transform 119
Transform: AffineTransform_float_3_3
Parameters: 1 0.00013148 -0.000552136 -0.00013148 0.999999 -0.000941886 0.000552846 0.000942115 1 0.0188918 0.276383 -0.0686486
FixedParameters: 0 0 0

#Transform 120
Transform: AffineTransform_float_3_3
Parameters: 0.999999 0.000129156 -0.000706115 -0.000129939 1 -0.000553908 0.000705972 0.000554091 0.999999 0.0198288 0.263384 -0.0451713
FixedParameters: 0 0 0

#Transform 121
Transform: AffineTransform_float_3_3
Parameters: 0.999999 0.000102767 -0.000707059 -0.000103206 0.999999 -0.00101689 0.000706807 0.00101711 0.999999 0.0185595 0.262834 -0.0761642
FixedParameters: 0 0 0

#Transform 122
Transform: AffineTransform_float_3_3
Parameters: 0.999999 1.92237e-05 -0.000840581 -2.04123e-05 1 -0.000706941 0.000840553 0.000707058 1 0.0123998 0.245864 -0.0489074
FixedParameters: 0 0 0

#Transform 123
Transform: AffineTransform_float_3_3
Parameters: 0.999999 -0.000127164 -0.000888369 0.000126469 1 -0.000953113 0.000888569 0.000952888 0.999999 0.0071522 0.238285 -0.0838191
FixedParameters: 0 0 0

#Transform 124
Transform: AffineTransform_float_3_3
Parameters: 1 0.000125029 -0.00106739 -0.000125772 0.999999 -0.00130287 0.00106798 0.00130313 0.999998 0.02004 0.275192 -0.0313419
FixedParameters: 0 0 0

#Transform 125
Transform: AffineTransform_float_3_3
Parameters: 1 0.000141791 -0.00104911 -0.000142614 0.999999 -0.00134485 0.00104864 0.00134515 0.999998 0.0199969 0.298976 -0.0542632
FixedParameters: 0 0 0

#Transform 126
Transform: AffineTransform_float_3_3
Parameters: 0.999999 -8.91956e-05 -0.000941001 8.77794e-05 0.999999 -0.00181408 0.000941238 0.00181392 0.999998 0.0124462 0.281799 -0.028168
FixedParameters: 0 0 0

#Transform 127
Transform: AffineTransform_float_3_3
Parameters: 1 -9.86014e-05 -0.00114476 9.64581e-05 0.999998 -0.00224511 0.00114508 0.00224489 0.999997 0.0165699 0.351806 -0.0379747
FixedParameters: 0 0 0

#Transform 128
Transform: AffineTransform_float_3_3
Parameters: 1 -9.63735e-05 -0.00113994 9.62692e-05 1 -0.000484068 0.00113999 0.000483932 0.999999 0.00691787 0.276962 -0.05573
FixedParameters: 0 0 0

#Transform 129
Transform: AffineTransform_float_3_3
Parameters: 0.999999 -0.000113132 -0.00150953 0.000111498 1 -0.00120313 0.00150971 0.00120287 0.999998 0.0193696 0.347851 -0.0581849
FixedParameters: 0 0 0

#Transform 130
Transform: AffineTransform_float_3_3
Parameters: 1 -7.998e-06 -0.00104759 8.75199e-06 1 -0.000116967 0.00104755 0.000117034 1 0.0165851 0.239826 -0.0591905
FixedParameters: 0 0 0

#Transform 131
Transform: AffineTransform_float_3_3
Parameters: 1 -0.000261834 -0.000610171 0.000260761 0.999998 -0.00169712 0.000611016 0.00169688 0.999999 0.00167938 0.331707 -0.0101894
FixedParameters: 0 0 0

#Transform 132
Transform: AffineTransform_float_3_3
Parameters: 1 2.51056e-05 -0.00113813 -2.66239e-05 1 -0.00110597 0.00113803 0.00110603 0.999998 0.0225102 0.269026 -0.0189573
FixedParameters: 0 0 0

#Transform 133
Transform: AffineTransform_float_3_3
Parameters: 1 -0.000114114 -0.00113212 0.000111914 0.999999 -0.00141209 0.0011324 0.00141291 0.999999 0.0160984 0.316505 -0.0647882
FixedParameters: 0 0 0

#Transform 134
Transform: AffineTransform_float_3_3
Parameters: 1 -8.47413e-05 -0.00102532 8.42823e-05 0.999999 -0.000711045 0.0010254 0.000710955 0.999999 0.014386 0.231583 -0.0404341
FixedParameters: 0 0 0

#Transform 135
Transform: AffineTransform_float_3_3
Parameters: 0.999999 -0.000193278 -0.000752439 0.00019209 0.999999 -0.000789103 0.000752743 0.000788897 1 0.0109322 0.265634 -0.0698717
FixedParameters: 0 0 0

#Transform 136
Transform: AffineTransform_float_3_3
Parameters: 0.999999 -0.000152334 -0.00122052 0.000151169 0.999998 -0.00170514 0.00122091 0.00170486 0.999998 0.0153776 0.264531 -0.0361375
FixedParameters: 0 0 0

#Transform 137
Transform: AffineTransform_float_3_3
Parameters: 0.999999 0.000143284 -0.000778963 -0.00014471 0.999998 -0.00158285 0.000779464 0.00158315 0.999999 0.0269383 0.291682 0.0053282
FixedParameters: 0 0 0

#Transform 138
Transform: AffineTransform_float_3_3
Parameters: 0.999999 0.000712311 0.000205052 -0.000712136 0.999999 -0.000426146 -0.000205659 0.000425853 1 0.0191753 0.291561 -0.0300544
FixedParameters: 0 0 0

#Transform 139
Transform: AffineTransform_float_3_3
Parameters: 1 0.000598486 0.000209666 -0.000598161 0.999999 -0.000774125 -0.000210592 0.000773873 0.999999 0.0333483 0.299463 -0.0046698
FixedParameters: 0 0 0

#Transform 140
Transform: AffineTransform_float_3_3
Parameters: 1 0.000456853 -0.000481932 -0.000457616 0.999999 -0.000792779 0.000481206 0.000793219 0.999999 0.0444396 0.267221 -0.0165814
FixedParameters: 0 0 0

#Transform 141
Transform: AffineTransform_float_3_3
Parameters: 1 0.000217016 -0.000471717 -0.000217874 0.999999 -0.000909856 0.000471321 0.000910144 1 0.0388346 0.300982 -0.0229154
FixedParameters: 0 0 0

#Transform 142
Transform: AffineTransform_float_3_3
Parameters: 1 0.000239936 -0.000472731 -0.000240914 1 -0.00103489 0.000472233 0.00103511 1 0.0315551 0.256989 -0.0260713
FixedParameters: 0 0 0

#Transform 143
Transform: AffineTransform_float_3_3
Parameters: 0.999999 0.000190858 -0.000833113 -0.000192732 0.999999 -0.00172484 0.00083241 0.00172516 0.999998 0.0287182 0.308711 -0.0123736
FixedParameters: 0 0 0

#Transform 144
Transform: AffineTransform_float_3_3
Parameters: 1 0.000253706 -0.000551327 -0.000253582 0.999999 -0.00079386 0.000550882 0.000794139 0.999999 0.0292582 0.250706 -0.00383791
FixedParameters: 0 0 0

#Transform 145
Transform: AffineTransform_float_3_3
Parameters: 1 0.000228847 -0.000472307 -0.000229023 0.999999 -0.00124489 0.000471695 0.00124511 0.999999 0.0233123 0.307956 -0.0161042
FixedParameters: 0 0 0

#Transform 146
Transform: AffineTransform_float_3_3
Parameters: 1 0.000231064 -0.000464463 -0.000231473 0.999999 -0.00151689 0.00046372 0.00151711 0.999998 0.0192223 0.270393 0.0102014
FixedParameters: 0 0 0

#Transform 147
Transform: AffineTransform_float_3_3
Parameters: 1 0.000473447 -0.000509896 -0.00047369 0.999999 -0.00125976 0.000509661 0.00125924 0.999999 0.0174012 0.294493 -0.0151974
FixedParameters: 0 0 0

#Transform 148
Transform: AffineTransform_float_3_3
Parameters: 1 0.000313585 -0.000951289 -0.000314319 0.999999 -0.000910659 0.000950675 0.00091134 0.999999 0.0205986 0.298036 -0.0239833
FixedParameters: 0 0 0

#Transform 149
Transform: AffineTransform_float_3_3
Parameters: 0.999999 0.00019521 -0.000691116 -0.000196237 0.999999 -0.00149586 0.000691488 0.00149514 0.999998 0.0188376 0.306874 0.00786558
FixedParameters: 0 0 0

#Transform 150
Transform: AffineTransform_float_3_3
Parameters: 1 0.000198031 -0.000645893 -0.000198225 1 -0.000149872 0.000645833 0.000150128 1 0.0206022 0.268115 -0.0329931
FixedParameters: 0 0 0

#Transform 151
Transform: AffineTransform_float_3_3
Parameters: 0.999999 -6.09256e-05 -0.00140268 5.86595e-05 0.999999 -0.00152004 0.00140278 0.00151996 0.999998 0.0278281 0.336915 -0.044878
FixedParameters: 0 0 0
