# transform file /out/sourcedata/freesurfer/sub-v2s3x28805_ses-1/mri/transforms/cc_up.lta
# created by oesteban on Fri Mar 13 02:42:49 2026

type      = 0 # LINEAR_VOX_TO_VOX
nxforms   = 1
mean      = 125.0000 115.0000 125.0000
sigma     = 10000.0000
1 4 4
9.979363083839417e-01 8.868012577295303e-03 6.359763443470001e-02 -5.697013854980469e+00 
-8.850058540701866e-03 9.999607801437378e-01 -5.640066810883582e-04 3.218185424804688e+01 
-6.360013037919998e-02 0.000000000000000e+00 9.979755282402039e-01 1.221435546875000e+01 
0.000000000000000e+00 0.000000000000000e+00 0.000000000000000e+00 1.000000000000000e+00 
src volume info
valid = 1  # volume info valid
filename = /out/sourcedata/freesurfer/sub-v2s3x28805_ses-1/mri/norm.mgz
volume = 256 256 256
voxelsize = 1.000000000000000e+00 1.000000000000000e+00 1.000000000000000e+00
xras   = -1.000000000000000e+00 0.000000000000000e+00 0.000000000000000e+00
yras   = 0.000000000000000e+00 0.000000000000000e+00 -1.000000000000000e+00
zras   = 0.000000000000000e+00 1.000000000000000e+00 0.000000000000000e+00
cras   = -2.288018035888672e+01 2.048065185546875e+01 -5.540603637695312e+00
dst volume info
valid = 1  # volume info valid
filename = /out/sourcedata/freesurfer/sub-v2s3x28805_ses-1/mri/norm.mgz
volume = 256 256 256
voxelsize = 1.000000000000000e+00 1.000000000000000e+00 1.000000000000000e+00
xras   = -1.000000000000000e+00 0.000000000000000e+00 0.000000000000000e+00
yras   = 0.000000000000000e+00 0.000000000000000e+00 -1.000000000000000e+00
zras   = 0.000000000000000e+00 1.000000000000000e+00 0.000000000000000e+00
cras   = -2.288018035888672e+01 2.048065185546875e+01 -5.540603637695312e+00
