#Insight Transform File V1.0
#Transform 0
Transform: AffineTransform_float_3_3
Parameters: 0.999996 0.00218044 0.0018392 -0.00218956 0.999986 0.00466699 -0.0018288 -0.00467101 0.999988 -3.2959e-05 0.0187191 -0.0123363
FixedParameters: 0 0 0

#Transform 1
Transform: AffineTransform_float_3_3
Parameters: 0.999996 0.00173922 0.00244116 -0.00175178 0.999984 0.00524175 -0.00243185 -0.00524625 0.999984 0.000111792 0.054119 -0.0322426
FixedParameters: 0 0 0

#Transform 2
Transform: AffineTransform_float_3_3
Parameters: 0.999996 0.00198748 0.00233345 -0.00200152 0.999978 0.00623735 -0.00232156 -0.00624164 0.999978 0.00483109 0.0740726 -0.0906052
FixedParameters: 0 0 0

#Transform 3
Transform: AffineTransform_float_3_3
Parameters: 0.999997 0.00174022 0.00203912 -0.00175178 0.999981 0.00579045 -0.00202889 -0.00579455 0.999981 -0.0060085 0.033679 -0.0873194
FixedParameters: 0 0 0

#Transform 4
Transform: AffineTransform_float_3_3
Parameters: 0.999998 0.00129827 0.00103351 -0.00130473 0.999978 0.00653966 -0.00102549 -0.00654034 0.999978 -0.00203379 -0.0352278 -0.0617661
FixedParameters: 0 0 0

#Transform 5
Transform: AffineTransform_float_3_3
Parameters: 0.999998 0.00159227 0.00123076 -0.00159973 0.999983 0.00548804 -0.00122224 -0.00548996 0.999984 0.00602793 0.0843601 -0.103499
FixedParameters: 0 0 0

#Transform 6
Transform: AffineTransform_float_3_3
Parameters: 0.999997 0.00167288 0.00167415 -0.00168013 0.99999 0.0042642 -0.00166685 -0.0042668 0.999989 -0.0308179 0.0407084 0.0153751
FixedParameters: 0 0 0

#Transform 7
Transform: AffineTransform_float_3_3
Parameters: 0.999998 0.00145687 0.00129679 -0.00146213 0.999991 0.00396411 -0.00129121 -0.00396589 0.999992 -0.0497082 0.085544 -0.0308368
FixedParameters: 0 0 0

#Transform 8
Transform: AffineTransform_float_3_3
Parameters: 0.999999 0.000914954 0.000841325 -0.000918049 0.999993 0.00362723 -0.000838676 -0.00362777 0.999993 -0.0705238 0.0393261 0.0225707
FixedParameters: 0 0 0

#Transform 9
Transform: AffineTransform_float_3_3
Parameters: 0.999996 0.00190928 0.00177792 -0.00191171 0.999997 0.00152661 -0.00177508 -0.00153039 0.999998 -0.0560452 0.00401275 0.0400715
FixedParameters: 0 0 0

#Transform 10
Transform: AffineTransform_float_3_3
Parameters: 0.999995 0.00238043 0.00208308 -0.00237657 0.999996 -0.00164896 -0.00208692 0.00164404 0.999997 0.0123695 -0.142246 0.0178852
FixedParameters: 0 0 0

#Transform 11
Transform: AffineTransform_float_3_3
Parameters: 0.999994 0.00106808 0.00314493 -0.00105892 0.999996 -0.00288835 -0.00314807 0.00288465 0.999991 0.0608435 -0.168107 -0.0310009
FixedParameters: 0 0 0

#Transform 12
Transform: AffineTransform_float_3_3
Parameters: 0.999995 0.00191297 0.00275925 -0.00190903 0.999997 -0.00144128 -0.00276175 0.00143673 0.999995 0.0352831 -0.121553 0.10499
FixedParameters: 0 0 0

#Transform 13
Transform: AffineTransform_float_3_3
Parameters: 0.999997 0.00200875 0.00176588 -0.00200525 0.999997 -0.00155655 -0.00176912 0.00155245 0.999997 0.0207545 -0.159207 0.150978
FixedParameters: 0 0 0

#Transform 14
Transform: AffineTransform_float_3_3
Parameters: 0.999995 0.001984 0.00246398 -0.001979 0.999996 -0.00202989 -0.00246802 0.00202511 0.999995 0.0298907 -0.11646 0.0992239
FixedParameters: 0 0 0

#Transform 15
Transform: AffineTransform_float_3_3
Parameters: 0.999995 0.00160197 0.00275854 -0.00159603 0.999997 -0.00216641 -0.00276146 0.00216159 0.999994 0.0270982 -0.153837 0.146996
FixedParameters: 0 0 0

#Transform 16
Transform: AffineTransform_float_3_3
Parameters: 0.999996 0.00176584 0.00223239 -0.00176016 0.999995 -0.00261694 -0.00223661 0.00261306 0.999994 0.00729872 -0.0926837 0.108875
FixedParameters: 0 0 0

#Transform 17
Transform: AffineTransform_float_3_3
Parameters: 0.999997 0.00178718 0.00116967 -0.00178482 0.999996 -0.00186509 -0.00117233 0.00186291 0.999997 0.00824752 -0.143806 0.103971
FixedParameters: 0 0 0

#Transform 18
Transform: AffineTransform_float_3_3
Parameters: 0.999998 0.00151211 0.0017907 -0.00150689 0.999995 -0.00285171 -0.0017943 0.0028493 0.999995 0.025903 -0.0694795 0.0828532
FixedParameters: 0 0 0

#Transform 19
Transform: AffineTransform_float_3_3
Parameters: 1 0.000621215 0.000186283 -0.000621785 0.999999 -0.00115412 -0.000186718 0.00115388 1 0.0122854 -0.125279 -0.0365625
FixedParameters: 0 0 0

#Transform 20
Transform: AffineTransform_float_3_3
Parameters: 0.999999 -0.000804477 -0.000276617 0.000803524 0.999998 -0.00172022 0.000277383 0.00172078 0.999999 -0.0162097 -0.0308593 0.025407
FixedParameters: 0 0 0

#Transform 21
Transform: AffineTransform_float_3_3
Parameters: 0.999999 -0.000460856 -0.00093909 0.000459143 0.999998 -0.00197643 0.000939908 0.00197557 0.999997 -0.00107729 -0.0730199 0.0537587
FixedParameters: 0 0 0

#Transform 22
Transform: AffineTransform_float_3_3
Parameters: 1 -1.7864e-05 0.000397962 1.71359e-05 0.999997 0.00217101 -0.000398038 -0.00217099 0.999997 0.0989978 -0.0935229 -0.123286
FixedParameters: 0 0 0

#Transform 23
Transform: AffineTransform_float_3_3
Parameters: 0.999998 0.00143768 0.00141134 -0.00143832 0.999998 0.000932971 -0.00140966 -0.000935028 0.999998 0.0366342 -0.127795 0.0415492
FixedParameters: 0 0 0

#Transform 24
Transform: AffineTransform_float_3_3
Parameters: 0.999996 0.0021272 0.00146125 -0.0021268 0.999998 -0.000824111 -0.00146275 0.000820891 0.999998 0.0311858 -0.0897543 0.00565243
FixedParameters: 0 0 0

#Transform 25
Transform: AffineTransform_float_3_3
Parameters: 0.999998 0.00144182 0.00179574 -0.00143919 0.999997 -0.00156859 -0.00179726 0.00156541 0.999997 0.0444081 -0.169958 -0.0555586
FixedParameters: 0 0 0

#Transform 26
Transform: AffineTransform_float_3_3
Parameters: 0.999996 0.00191537 0.00205766 -0.00191463 0.999998 -0.00018094 -0.00205834 0.000177058 0.999998 0.0419681 -0.153892 -0.0310375
FixedParameters: 0 0 0

#Transform 27
Transform: AffineTransform_float_3_3
Parameters: 0.999998 0.0013482 0.000952902 -0.0013458 0.999997 -0.00230029 -0.000956098 0.00229971 0.999997 -0.00345717 -0.179865 -0.0457014
FixedParameters: 0 0 0

#Transform 28
Transform: AffineTransform_float_3_3
Parameters: 0.999999 0.00133564 0.00068179 -0.00133436 0.999996 -0.00240491 -0.00068421 0.00240409 0.999997 0.0224728 -0.222758 0.0335003
FixedParameters: 0 0 0

#Transform 29
Transform: AffineTransform_float_3_3
Parameters: 1 0.000307687 0.000547055 -0.000306314 0.999995 -0.00308017 -0.000547946 0.00308083 0.999995 -0.0133146 -0.14426 0.108574
FixedParameters: 0 0 0

#Transform 30
Transform: AffineTransform_float_3_3
Parameters: 0.999999 0.000757315 0.000546181 -0.000756682 0.999997 -0.00240441 -0.00054882 0.00240358 0.999997 -0.011598 -0.151944 0.0608575
FixedParameters: 0 0 0

#Transform 31
Transform: AffineTransform_float_3_3
Parameters: 1 0.000757653 0.000608951 -0.000756348 0.999996 -0.00270846 -0.000611051 0.00270854 0.999996 -0.00489307 -0.158777 0.0888715
FixedParameters: 0 0 0

#Transform 32
Transform: AffineTransform_float_3_3
Parameters: 0.999999 0.000757245 0.000546277 -0.000755752 0.999997 -0.00227741 -0.000548722 0.00227659 0.999998 0.0371386 -0.179851 0.0475814
FixedParameters: 0 0 0

#Transform 33
Transform: AffineTransform_float_3_3
Parameters: 0.999999 -0.000442166 0.0014009 0.000445834 0.999998 -0.00202338 -0.0014001 0.00202362 0.999997 0.129472 -0.157785 -0.18549
FixedParameters: 0 0 0

#Transform 34
Transform: AffineTransform_float_3_3
Parameters: 0.999997 -0.000440838 0.00234479 0.000445163 0.999999 -0.00177496 -0.00234421 0.00177604 0.999995 0.126068 -0.231209 -0.0857381
FixedParameters: 0 0 0

#Transform 35
Transform: AffineTransform_float_3_3
Parameters: 0.999998 4.26531e-05 0.00171781 -3.43458e-05 0.999988 -0.00503707 -0.00171819 0.00503693 0.999986 0.0606876 -0.213347 0.0566579
FixedParameters: 0 0 0

#Transform 36
Transform: AffineTransform_float_3_3
Parameters: 0.999999 -0.000989352 0.00118275 0.00099465 0.999988 -0.00478483 -0.00117825 0.00478517 0.999988 0.0652735 -0.16239 0.0132146
FixedParameters: 0 0 0

#Transform 37
Transform: AffineTransform_float_3_3
Parameters: 0.999998 -0.00124815 0.00149413 0.00125885 0.999972 -0.00728113 -0.00148487 0.00728287 0.999973 0.132277 -0.288243 -0.0419511
FixedParameters: 0 0 0

#Transform 38
Transform: AffineTransform_float_3_3
Parameters: 0.999998 0.00176461 4.08698e-05 -0.00176338 0.999926 -0.0119761 -6.21244e-05 0.0119769 0.999929 -0.0763675 -0.463145 -0.225616
FixedParameters: 0 0 0

#Transform 39
Transform: AffineTransform_float_3_3
Parameters: 0.999997 0.00243302 0.00114449 -0.00241597 0.99989 -0.0146458 -0.00118051 0.0146432 0.999892 -0.0427543 -0.665592 -0.177796
FixedParameters: 0 0 0

#Transform 40
Transform: AffineTransform_float_3_3
Parameters: 0.999996 0.00243987 0.000777869 -0.00242313 0.999801 -0.01979 -0.000826113 0.0197881 0.999804 0.0751345 -0.757138 -0.21019
FixedParameters: 0 0 0

#Transform 41
Transform: AffineTransform_float_3_3
Parameters: 0.999998 0.00133511 0.0014725 -0.0013109 0.999867 -0.016253 -0.0014935 0.016251 0.999867 0.159455 -0.402407 -0.15612
FixedParameters: 0 0 0

#Transform 42
Transform: AffineTransform_float_3_3
Parameters: 0.999998 0.00064919 0.00194166 -0.000633817 0.999965 -0.00832625 -0.00194635 0.00832576 0.999964 0.107376 -0.225867 0.0557804
FixedParameters: 0 0 0

#Transform 43
Transform: AffineTransform_float_3_3
Parameters: 0.999997 0.000500398 0.00261409 -0.000473603 0.999949 -0.0100893 -0.00261891 0.0100877 0.999945 0.11882 -0.180491 0.162877
FixedParameters: 0 0 0

#Transform 44
Transform: AffineTransform_float_3_3
Parameters: 0.999997 0.000413217 0.00237976 -0.000387792 0.999944 -0.010587 -0.00238324 0.010586 0.999941 0.0975246 -0.259169 0.0946293
FixedParameters: 0 0 0

#Transform 45
Transform: AffineTransform_float_3_3
Parameters: 0.999991 0.00116979 0.00410058 -0.00112922 0.99995 -0.00993472 -0.00411142 0.00993028 0.999942 0.0837139 -0.311906 0.0870215
FixedParameters: 0 0 0

#Transform 46
Transform: AffineTransform_float_3_3
Parameters: 0.999991 0.000877656 0.00416083 -0.00083835 0.999955 -0.00952358 -0.00416817 0.00951943 0.999946 0.156943 -0.236605 0.241092
FixedParameters: 0 0 0

#Transform 47
Transform: AffineTransform_float_3_3
Parameters: 0.999985 0.00125486 0.00519307 -0.00118614 0.999914 -0.0130504 -0.00520892 0.0130437 0.999902 0.179183 -0.290956 0.285073
FixedParameters: 0 0 0

#Transform 48
Transform: AffineTransform_float_3_3
Parameters: 0.999986 0.00128791 0.00523345 -0.00122308 0.999923 -0.0123876 -0.00524955 0.0123804 0.999909 0.172099 -0.248134 0.229385
FixedParameters: 0 0 0

#Transform 49
Transform: AffineTransform_float_3_3
Parameters: 0.999989 0.00109478 0.00467908 -0.00103823 0.999926 -0.012119 -0.00469192 0.012114 0.999915 0.142509 -0.266913 0.199036
FixedParameters: 0 0 0

#Transform 50
Transform: AffineTransform_float_3_3
Parameters: 0.999995 0.00123861 0.00285793 -0.0012074 0.999942 -0.0106855 -0.00287106 0.0106825 0.999939 0.107198 -0.223854 0.235942
FixedParameters: 0 0 0

#Transform 51
Transform: AffineTransform_float_3_3
Parameters: 0.999993 -0.00234178 0.00286997 0.00238422 0.999887 -0.0147972 -0.00283502 0.0148037 0.999886 0.364799 -0.378685 -0.100422
FixedParameters: 0 0 0

#Transform 52
Transform: AffineTransform_float_3_3
Parameters: 0.999997 -0.00227145 0.00140089 0.00229254 0.999887 -0.0148498 -0.0013661 0.0148532 0.999889 0.370654 -0.383562 -0.139884
FixedParameters: 0 0 0

#Transform 53
Transform: AffineTransform_float_3_3
Parameters: 0.999996 -0.00252414 0.00133226 0.00254587 0.999858 -0.0166677 -0.00129074 0.0166713 0.99986 0.371531 -0.476995 -0.0921855
FixedParameters: 0 0 0

#Transform 54
Transform: AffineTransform_float_3_3
Parameters: 0.999996 -0.00266724 0.000839075 0.00268076 0.999855 -0.0168538 -0.000793928 0.0168562 0.999857 0.310583 -0.436866 -0.0900278
FixedParameters: 0 0 0

#Transform 55
Transform: AffineTransform_float_3_3
Parameters: 0.999999 -0.00172568 0.00070097 0.00173632 0.999886 -0.0150028 -0.000675027 0.0150032 0.999887 0.343451 -0.556263 -0.145785
FixedParameters: 0 0 0

#Transform 56
Transform: AffineTransform_float_3_3
Parameters: 0.999998 -0.00093196 0.00174537 0.000962049 0.99985 -0.0172894 -0.00172962 0.0172916 0.999849 0.284012 -0.543974 0.03507
FixedParameters: 0 0 0

#Transform 57
Transform: AffineTransform_float_3_3
Parameters: 0.999999 -0.000324539 0.00131621 0.000344458 0.999878 -0.0155756 -0.00131079 0.0155754 0.999878 0.240338 -0.484123 0.123573
FixedParameters: 0 0 0

#Transform 58
Transform: AffineTransform_float_3_3
Parameters: 0.999998 -0.000914945 0.00174951 0.000944047 0.999861 -0.0166794 -0.00173349 0.0166816 0.99986 0.221274 -0.435447 0.105185
FixedParameters: 0 0 0

#Transform 59
Transform: AffineTransform_float_3_3
Parameters: 0.999997 -0.000982809 0.00197182 0.00101219 0.999889 -0.014858 -0.00195717 0.01486 0.999887 0.214034 -0.448931 0.185316
FixedParameters: 0 0 0

#Transform 60
Transform: AffineTransform_float_3_3
Parameters: 0.999996 -0.000938554 0.00266533 0.000981442 0.999872 -0.0159694 -0.00264966 0.0159715 0.999869 0.209601 -0.42756 0.157269
FixedParameters: 0 0 0

#Transform 61
Transform: AffineTransform_float_3_3
Parameters: 0.999997 -0.000962366 0.00244913 0.000999632 0.99988 -0.0154116 -0.00243388 0.0154144 0.999878 0.220984 -0.439519 0.187879
FixedParameters: 0 0 0

#Transform 62
Transform: AffineTransform_float_3_3
Parameters: 0.999995 -0.00118084 0.00273703 0.00122416 0.999874 -0.0158207 -0.00271797 0.0158243 0.999871 0.202895 -0.461593 0.140676
FixedParameters: 0 0 0

#Transform 63
Transform: AffineTransform_float_3_3
Parameters: 0.999995 -0.00113952 0.00273522 0.00118048 0.999889 -0.0148438 -0.00271777 0.0148462 0.999886 0.205265 -0.453287 0.1334
FixedParameters: 0 0 0

#Transform 64
Transform: AffineTransform_float_3_3
Parameters: 0.999996 -0.000898077 0.00273179 0.000939927 0.999887 -0.0150165 -0.00271819 0.0150185 0.999883 0.212791 -0.448246 0.174714
FixedParameters: 0 0 0

#Transform 65
Transform: AffineTransform_float_3_3
Parameters: 0.999996 -0.00115096 0.00233511 0.00118604 0.99988 -0.0154923 -0.0023169 0.0154957 0.999878 0.238733 -0.466133 0.137973
FixedParameters: 0 0 0

#Transform 66
Transform: AffineTransform_float_3_3
Parameters: 0.999996 -0.000873091 0.00266709 0.000915908 0.999876 -0.0157526 -0.0026529 0.0157554 0.999873 0.221825 -0.39391 0.119555
FixedParameters: 0 0 0

#Transform 67
Transform: AffineTransform_float_3_3
Parameters: 0.999997 -0.000722204 0.0023493 0.000757792 0.999883 -0.0152723 -0.0023377 0.0152737 0.99988 0.203452 -0.468318 0.12815
FixedParameters: 0 0 0

#Transform 68
Transform: AffineTransform_float_3_3
Parameters: 0.999997 -0.00094386 0.00254028 0.000984154 0.999874 -0.0158476 -0.00252572 0.0158494 0.999871 0.21962 -0.473996 0.0826287
FixedParameters: 0 0 0

#Transform 69
Transform: AffineTransform_float_3_3
Parameters: 0.999996 -0.00115834 0.0024874 0.00119467 0.99989 -0.0147871 -0.0024706 0.0147899 0.999887 0.227442 -0.456418 0.100733
FixedParameters: 0 0 0

#Transform 70
Transform: AffineTransform_float_3_3
Parameters: 0.999981 0.00124121 0.00601745 -0.0012038 0.99998 -0.00618236 -0.00602455 0.00617564 0.999963 0.201124 -0.195527 -0.0258819
FixedParameters: 0 0 0

#Transform 71
Transform: AffineTransform_float_3_3
Parameters: 0.999943 0.00684954 0.00827189 -0.00706047 0.999645 0.0256881 -0.0080931 -0.0257449 0.999636 0.219028 0.153168 -0.0710315
FixedParameters: 0 0 0

#Transform 72
Transform: AffineTransform_float_3_3
Parameters: 0.999982 0.00295203 0.00509114 -0.00297797 0.999982 0.00509992 -0.00507685 -0.00511507 0.999974 0.296989 -0.20973 0.169061
FixedParameters: 0 0 0

#Transform 73
Transform: AffineTransform_float_3_3
Parameters: 0.999986 0.00316988 0.00410186 -0.00317112 0.999995 0.000265996 -0.00410113 -0.000279004 0.999991 0.243249 -0.129143 0.257731
FixedParameters: 0 0 0

#Transform 74
Transform: AffineTransform_float_3_3
Parameters: 0.999988 0.0030494 0.00367718 -0.0030466 0.999995 -0.000930213 -0.00367982 0.000918789 0.999993 0.240303 -0.171133 0.242736
FixedParameters: 0 0 0

#Transform 75
Transform: AffineTransform_float_3_3
Parameters: 0.999988 0.00221046 0.00421942 -0.00219453 0.99999 -0.00390231 -0.00422859 0.0038937 0.999984 0.24461 -0.103818 0.26193
FixedParameters: 0 0 0

#Transform 76
Transform: AffineTransform_float_3_3
Parameters: 0.999992 0.0020985 0.00340617 -0.0020885 0.999994 -0.00278914 -0.00341183 0.00278186 0.999991 0.211984 -0.181572 0.374463
FixedParameters: 0 0 0

#Transform 77
Transform: AffineTransform_float_3_3
Parameters: 0.999993 0.00179143 0.00335398 -0.00178257 0.999995 -0.002813 -0.00335902 0.00280701 0.999991 0.203308 -0.138009 0.361523
FixedParameters: 0 0 0

#Transform 78
Transform: AffineTransform_float_3_3
Parameters: 0.999992 0.00270293 0.00315452 -0.00269308 0.999992 -0.00314652 -0.00316248 0.00313748 0.99999 0.160962 -0.146747 0.195736
FixedParameters: 0 0 0

#Transform 79
Transform: AffineTransform_float_3_3
Parameters: 0.999988 0.00256438 0.00401527 -0.00253762 0.999975 -0.00656226 -0.00403172 0.00655173 0.99997 0.221219 -0.316919 0.316497
FixedParameters: 0 0 0

#Transform 80
Transform: AffineTransform_float_3_3
Parameters: 0.999988 0.00226507 0.00418386 -0.00223492 0.999971 -0.00717943 -0.00420014 0.00716957 0.999966 0.23291 -0.211721 0.300542
FixedParameters: 0 0 0

#Transform 81
Transform: AffineTransform_float_3_3
Parameters: 0.999991 0.0023867 0.00365635 -0.00236029 0.999972 -0.00701769 -0.00367364 0.00700829 0.999968 0.211787 -0.263553 0.395413
FixedParameters: 0 0 0

#Transform 82
Transform: AffineTransform_float_3_3
Parameters: 0.999992 0.00207982 0.00321334 -0.00205717 0.999972 -0.00709066 -0.00322766 0.00708334 0.999969 0.165418 -0.234286 0.385667
FixedParameters: 0 0 0

#Transform 83
Transform: AffineTransform_float_3_3
Parameters: 0.999995 0.00206635 0.00266909 -0.00204365 0.99996 -0.00872251 -0.00268692 0.0087165 0.999959 0.160976 -0.316523 0.432605
FixedParameters: 0 0 0

#Transform 84
Transform: AffineTransform_float_3_3
Parameters: 0.999994 0.0022263 0.00236188 -0.0022077 0.999968 -0.00772125 -0.00237911 0.00771674 0.999967 0.152615 -0.234399 0.379072
FixedParameters: 0 0 0

#Transform 85
Transform: AffineTransform_float_3_3
Parameters: 0.999996 0.00205885 0.00161853 -0.00204514 0.999961 -0.00851334 -0.00163647 0.00850966 0.999963 0.172768 -0.337024 0.427523
FixedParameters: 0 0 0

#Transform 86
Transform: AffineTransform_float_3_3
Parameters: 0.999996 0.00212638 0.00194704 -0.00210762 0.999948 -0.00990314 -0.00196796 0.00989885 0.999949 0.166461 -0.212912 0.456786
FixedParameters: 0 0 0

#Transform 87
Transform: AffineTransform_float_3_3
Parameters: 0.999996 0.00223392 0.00166992 -0.00221808 0.999952 -0.00947274 -0.00169108 0.00946925 0.999953 0.150419 -0.261741 0.457694
FixedParameters: 0 0 0

#Transform 88
Transform: AffineTransform_float_3_3
Parameters: 0.999993 0.00204943 0.00319794 -0.00201257 0.999933 -0.0113545 -0.00322105 0.0113485 0.999931 0.175853 -0.24677 0.427661
FixedParameters: 0 0 0

#Transform 89
Transform: AffineTransform_float_3_3
Parameters: 0.999999 0.000981668 0.00154818 -0.000966334 0.999948 -0.0100885 -0.00155783 0.0100875 0.999948 0.12439 -0.297721 0.365376
FixedParameters: 0 0 0

#Transform 90
Transform: AffineTransform_float_3_3
Parameters: 0.999993 0.00237547 0.00287432 -0.00234953 0.999955 -0.00917882 -0.00289568 0.00917118 0.999953 0.12274 -0.253643 0.492194
FixedParameters: 0 0 0

#Transform 91
Transform: AffineTransform_float_3_3
Parameters: 0.999992 0.00181257 0.00353399 -0.00177143 0.999929 -0.0117303 -0.00355502 0.0117236 0.999925 0.11814 -0.303271 0.611007
FixedParameters: 0 0 0

#Transform 92
Transform: AffineTransform_float_3_3
Parameters: 0.999997 0.00138775 0.0020293 -0.00136825 0.999957 -0.00921481 -0.00204169 0.0092112 0.999956 0.124284 -0.230863 0.367218
FixedParameters: 0 0 0

#Transform 93
Transform: AffineTransform_float_3_3
Parameters: 0.999998 0.000725776 0.00155008 -0.000713224 0.999966 -0.00822712 -0.00155592 0.00822588 0.999965 0.140968 -0.241126 0.399309
FixedParameters: 0 0 0

#Transform 94
Transform: AffineTransform_float_3_3
Parameters: 0.999996 0.00124618 0.00249656 -0.00122282 0.999957 -0.00926509 -0.00250844 0.00926191 0.999954 0.212027 -0.240094 0.323499
FixedParameters: 0 0 0

#Transform 95
Transform: AffineTransform_float_3_3
Parameters: 0.999995 0.00114818 0.00290479 -0.00112182 0.999959 -0.0089973 -0.00291521 0.0089937 0.999956 0.204098 -0.269139 0.381353
FixedParameters: 0 0 0

#Transform 96
Transform: AffineTransform_float_3_3
Parameters: 0.999998 -0.000284276 0.00202357 0.00030172 0.999961 -0.0087644 -0.00202043 0.00876458 0.999959 0.216934 -0.249098 0.38458
FixedParameters: 0 0 0

#Transform 97
Transform: AffineTransform_float_3_3
Parameters: 0.999998 -0.000415026 0.00185764 0.000430967 0.999963 -0.00860622 -0.00185336 0.00860779 0.999961 0.224746 -0.294817 0.21717
FixedParameters: 0 0 0

#Transform 98
Transform: AffineTransform_float_3_3
Parameters: 0.999995 0.00182688 0.00260711 -0.00180412 0.99996 -0.00875275 -0.00262289 0.00874826 0.999959 0.191974 -0.26982 0.360968
FixedParameters: 0 0 0

#Transform 99
Transform: AffineTransform_float_3_3
Parameters: 0.999996 0.000871965 0.00242752 -0.000848029 0.999951 -0.0098561 -0.00243648 0.00985391 0.999949 0.168143 -0.236258 0.367335
FixedParameters: 0 0 0

#Transform 100
Transform: AffineTransform_float_3_3
Parameters: 0.999996 0.00125264 0.00248426 -0.00122535 0.999937 -0.0110961 -0.00249875 0.0110929 0.999936 0.175428 -0.299712 0.463428
FixedParameters: 0 0 0

#Transform 101
Transform: AffineTransform_float_3_3
Parameters: 0.999995 0.0013069 0.00310016 -0.00127611 0.999949 -0.00994701 -0.00311285 0.00994298 0.999945 0.161158 -0.221945 0.410445
FixedParameters: 0 0 0

#Transform 102
Transform: AffineTransform_float_3_3
Parameters: 0.999991 0.00159196 0.00374142 -0.00155004 0.999936 -0.0111919 -0.00375858 0.0111861 0.999931 0.179901 -0.269879 0.651992
FixedParameters: 0 0 0

#Transform 103
Transform: AffineTransform_float_3_3
Parameters: 0.999997 0.00103399 0.00250001 -0.00100702 0.999942 -0.0107716 -0.00251099 0.0107694 0.999939 0.144737 -0.196799 0.531202
FixedParameters: 0 0 0

#Transform 104
Transform: AffineTransform_float_3_3
Parameters: 0.999994 0.0010397 0.00350863 -0.000997309 0.999925 -0.0121496 -0.00352038 0.0121464 0.99992 0.1576 -0.29248 0.591084
FixedParameters: 0 0 0

#Transform 105
Transform: AffineTransform_float_3_3
Parameters: 0.999994 0.0010153 0.00328139 -0.000976687 0.999931 -0.0116543 -0.0032936 0.0116507 0.999926 0.140238 -0.213448 0.548803
FixedParameters: 0 0 0

#Transform 106
Transform: AffineTransform_float_3_3
Parameters: 0.999998 0.000640596 0.00223492 -0.000619406 0.999953 -0.00964941 -0.00224108 0.00964859 0.999951 0.156221 -0.212852 0.457398
FixedParameters: 0 0 0

#Transform 107
Transform: AffineTransform_float_3_3
Parameters: 0.999999 0.000401173 0.00151383 -0.000388826 0.999967 -0.00803259 -0.00151717 0.0080324 0.999966 0.156528 -0.146444 0.524604
FixedParameters: 0 0 0

#Transform 108
Transform: AffineTransform_float_3_3
Parameters: 0.999995 0.000859929 0.00308247 -0.000825074 0.999935 -0.0113156 -0.00309153 0.0113124 0.999931 0.174954 -0.218368 0.568972
FixedParameters: 0 0 0

#Transform 109
Transform: AffineTransform_float_3_3
Parameters: 0.999995 -8.58695e-05 0.00309302 0.000117133 0.99995 -0.0100667 -0.00309198 0.0100663 0.999944 0.195879 -0.121625 0.500181
FixedParameters: 0 0 0

#Transform 110
Transform: AffineTransform_float_3_3
Parameters: 0.999997 0.000880846 0.00258366 -0.00085615 0.999953 -0.00960224 -0.00259234 0.00959974 0.99995 0.173049 -0.241453 0.458737
FixedParameters: 0 0 0

#Transform 111
Transform: AffineTransform_float_3_3
Parameters: 0.999995 0.0010684 0.0029722 -0.0010356 0.999936 -0.0112161 -0.0029838 0.0112129 0.999932 0.142277 -0.231862 0.470255
FixedParameters: 0 0 0

#Transform 112
Transform: AffineTransform_float_3_3
Parameters: 0.999996 0.000819624 0.00252219 -0.000792377 0.99994 -0.010934 -0.00253081 0.010932 0.999937 0.159143 -0.237032 0.527184
FixedParameters: 0 0 0

#Transform 113
Transform: AffineTransform_float_3_3
Parameters: 0.999996 0.000786986 0.00244787 -0.000758012 0.99993 -0.0118199 -0.00245713 0.0118181 0.999927 0.157007 -0.242042 0.492577
FixedParameters: 0 0 0

#Transform 114
Transform: AffineTransform_float_3_3
Parameters: 0.999998 0.000681487 0.00152601 -0.000661512 0.99991 -0.013386 -0.00153499 0.013385 0.999909 0.150738 -0.275583 0.537463
FixedParameters: 0 0 0

#Transform 115
Transform: AffineTransform_float_3_3
Parameters: 0.999996 0.00105652 0.00254334 -0.00102849 0.999937 -0.0111867 -0.00255467 0.0111843 0.999934 0.17043 -0.227906 0.64669
FixedParameters: 0 0 0

#Transform 116
Transform: AffineTransform_float_3_3
Parameters: 0.999994 0.00087885 0.00341876 -0.000838147 0.999929 -0.0119319 -0.00342924 0.0119291 0.999923 0.174226 -0.199639 0.706151
FixedParameters: 0 0 0

#Transform 117
Transform: AffineTransform_float_3_3
Parameters: 0.999998 0.00104442 0.00177255 -0.00102257 0.999927 -0.0120428 -0.00178544 0.0120412 0.999926 0.153787 -0.148572 0.644692
FixedParameters: 0 0 0

#Transform 118
Transform: AffineTransform_float_3_3
Parameters: 0.999996 0.00114545 0.00265364 -0.00111454 0.999929 -0.011825 -0.00266736 0.011822 0.999926 0.159973 -0.228599 0.66853
FixedParameters: 0 0 0

#Transform 119
Transform: AffineTransform_float_3_3
Parameters: 0.999996 0.00106344 0.00261102 -0.00103056 0.999922 -0.0123937 -0.00262397 0.0123913 0.99992 0.157322 -0.224194 0.753422
FixedParameters: 0 0 0

#Transform 120
Transform: AffineTransform_float_3_3
Parameters: 0.999998 0.00097838 0.00172606 -0.000956622 0.999924 -0.0123437 -0.00173794 0.0123423 0.999923 0.151426 -0.187656 0.683026
FixedParameters: 0 0 0

#Transform 121
Transform: AffineTransform_float_3_3
Parameters: 0.999995 0.000925551 0.00283633 -0.000889451 0.999917 -0.0128616 -0.00284767 0.0128584 0.999914 0.166776 -0.222383 0.74567
FixedParameters: 0 0 0

#Transform 122
Transform: AffineTransform_float_3_3
Parameters: 0.999997 0.000521882 0.00239568 -0.000492114 0.999923 -0.0124572 -0.00240232 0.0124558 0.999919 0.139166 -0.148843 0.736114
FixedParameters: 0 0 0

#Transform 123
Transform: AffineTransform_float_3_3
Parameters: 0.999998 0.000390758 0.00228527 -0.000361233 0.999921 -0.0125709 -0.00229072 0.0125701 0.999919 0.130396 -0.217503 0.72297
FixedParameters: 0 0 0

#Transform 124
Transform: AffineTransform_float_3_3
Parameters: 0.999999 0.000848597 0.00161988 -0.000828402 0.999927 -0.0120604 -0.00163011 0.0120586 0.999926 0.129166 -0.229145 0.724142
FixedParameters: 0 0 0

#Transform 125
Transform: AffineTransform_float_3_3
Parameters: 0.999997 0.00113826 0.00219507 -0.00110874 0.999911 -0.0132855 -0.00220992 0.0132835 0.99991 0.146575 -0.211644 0.77138
FixedParameters: 0 0 0

#Transform 126
Transform: AffineTransform_float_3_3
Parameters: 0.999998 0.000574534 0.00189975 -0.000550462 0.999917 -0.0128901 -0.00190725 0.0128889 0.999915 0.14094 -0.217724 0.715665
FixedParameters: 0 0 0

#Transform 127
Transform: AffineTransform_float_3_3
Parameters: 0.999997 0.000814869 0.00257221 -0.000780134 0.999908 -0.0135281 -0.00258279 0.0135259 0.999905 0.153992 -0.22506 0.762913
FixedParameters: 0 0 0

#Transform 128
Transform: AffineTransform_float_3_3
Parameters: 0.999998 0.000653854 0.00178243 -0.000630151 0.99991 -0.0133511 -0.00179057 0.0133499 0.99991 0.144295 -0.204924 0.794076
FixedParameters: 0 0 0

#Transform 129
Transform: AffineTransform_float_3_3
Parameters: 0.999998 0.000837144 0.00176978 -0.000812868 0.999907 -0.0135985 -0.00178022 0.0135975 0.999906 0.169988 -0.201271 0.781898
FixedParameters: 0 0 0

#Transform 130
Transform: AffineTransform_float_3_3
Parameters: 0.999999 0.000228075 0.00092009 -0.000215926 0.999914 -0.0131032 -0.000922908 0.0131028 0.999913 0.151419 -0.222958 0.75887
FixedParameters: 0 0 0

#Transform 131
Transform: AffineTransform_float_3_3
Parameters: 0.999999 0.000911965 0.000911181 -0.000900039 0.999915 -0.0130458 -0.000922821 0.0130452 0.999915 0.12559 -0.180583 0.648774
FixedParameters: 0 0 0

#Transform 132
Transform: AffineTransform_float_3_3
Parameters: 0.999999 0.00123729 0.000574467 -0.00122871 0.999898 -0.0142177 -0.000591528 0.0142163 0.999899 0.0814915 -0.262148 0.567014
FixedParameters: 0 0 0

#Transform 133
Transform: AffineTransform_float_3_3
Parameters: 0.999998 0.00123387 0.00161148 -0.00121213 0.999908 -0.013505 -0.00162752 0.013503 0.999907 0.118846 -0.280953 0.658412
FixedParameters: 0 0 0

#Transform 134
Transform: AffineTransform_float_3_3
Parameters: 1 0.000351903 0.00091927 -0.000341101 0.999942 -0.0107503 -0.000922721 0.0107507 0.999942 0.118033 -0.197138 0.560276
FixedParameters: 0 0 0

#Transform 135
Transform: AffineTransform_float_3_3
Parameters: 0.999997 -0.00182078 -0.00110665 0.00179523 0.999737 -0.022871 0.00114736 0.022869 0.999738 0.250765 -0.477337 0.14004
FixedParameters: 0 0 0

#Transform 136
Transform: AffineTransform_float_3_3
Parameters: 0.999998 -0.00156659 -0.000505866 0.00155241 0.999617 -0.0276578 0.000549144 0.0276562 0.999618 0.253647 -0.657188 0.126446
FixedParameters: 0 0 0

#Transform 137
Transform: AffineTransform_float_3_3
Parameters: 1 0.000149169 8.11338e-05 -0.000146835 0.999659 -0.026104 -8.48619e-05 0.026104 0.999659 0.211683 -0.625791 0.356982
FixedParameters: 0 0 0

#Transform 138
Transform: AffineTransform_float_3_3
Parameters: 1 -1.77599e-05 -0.00019262 1.32554e-05 0.999696 -0.024683 0.000192386 0.024683 0.999696 0.180041 -0.421808 0.375743
FixedParameters: 0 0 0

#Transform 139
Transform: AffineTransform_float_3_3
Parameters: 0.999999 -0.000930872 -0.00102699 0.000906127 0.999712 -0.023959 0.00104901 0.023958 0.999713 0.146355 -0.473791 0.56796
FixedParameters: 0 0 0

#Transform 140
Transform: AffineTransform_float_3_3
Parameters: 0.999999 -0.000631944 -0.000495124 0.000620059 0.999718 -0.0237623 0.000509878 0.0237617 0.999718 0.166879 -0.452088 0.568539
FixedParameters: 0 0 0

#Transform 141
Transform: AffineTransform_float_3_3
Parameters: 0.999999 -0.00122752 0.000633979 0.00124448 0.999643 -0.0266822 -0.000601008 0.0266828 0.999644 0.327186 -0.597395 0.0469565
FixedParameters: 0 0 0

#Transform 142
Transform: AffineTransform_float_3_3
Parameters: 0.999995 -0.00267434 0.00142808 0.00272166 0.999402 -0.0344863 -0.00133493 0.0344898 0.999404 0.361279 -0.983564 -0.197754
FixedParameters: 0 0 0

#Transform 143
Transform: AffineTransform_float_3_3
Parameters: 0.999995 -0.00141601 0.00297639 0.00152698 0.99929 -0.0376257 -0.00292062 0.0376293 0.999288 0.371126 -0.966243 -0.449424
FixedParameters: 0 0 0

#Transform 144
Transform: AffineTransform_float_3_3
Parameters: 0.999997 -0.000611131 0.00245953 0.00070585 0.999249 -0.0387584 -0.00243347 0.0387596 0.999245 0.382921 -0.964881 -0.238313
FixedParameters: 0 0 0

#Transform 145
Transform: AffineTransform_float_3_3
Parameters: 0.999995 -0.0010384 0.00319642 0.00116959 0.999153 -0.0411325 -0.00315056 0.0411355 0.999148 0.45289 -0.994704 -0.348008
FixedParameters: 0 0 0

#Transform 146
Transform: AffineTransform_float_3_3
Parameters: 0.999994 -0.000871883 0.00316864 0.00100713 0.999066 -0.0432131 -0.0031284 0.043216 0.999061 0.464165 -1.1257 -0.364578
FixedParameters: 0 0 0

#Transform 147
Transform: AffineTransform_float_3_3
Parameters: 0.999993 -0.00151955 0.00360786 0.00168045 0.998991 -0.0448933 -0.00353612 0.0448987 0.998986 0.446675 -1.12588 -0.23382
FixedParameters: 0 0 0

#Transform 148
Transform: AffineTransform_float_3_3
Parameters: 0.999993 -0.0014514 0.00338314 0.00160359 0.998974 -0.0452479 -0.00331383 0.0452531 0.99897 0.438727 -1.10731 -0.289608
FixedParameters: 0 0 0

#Transform 149
Transform: AffineTransform_float_3_3
Parameters: 0.999994 -0.00213333 0.00245291 0.00224167 0.998976 -0.0451877 -0.0023541 0.0451932 0.998975 0.414874 -1.1887 -0.190764
FixedParameters: 0 0 0

#Transform 150
Transform: AffineTransform_float_3_3
Parameters: 0.999998 -0.00138089 0.00127799 0.00143911 0.998871 -0.0474692 -0.00121105 0.0474707 0.998872 0.368996 -1.14914 -0.255548
FixedParameters: 0 0 0

#Transform 151
Transform: AffineTransform_float_3_3
Parameters: 0.999994 -0.00130706 0.00300601 0.00142894 0.999161 -0.0409279 -0.00294998 0.0409321 0.999157 0.44859 -1.13588 -0.230383
FixedParameters: 0 0 0
