#Insight Transform File V1.0
#Transform 0
Transform: AffineTransform_float_3_3
Parameters: 1 -1.80672e-05 9.83543e-05 1.80367e-05 1 0.000155002 -9.83599e-05 -0.000154998 1 -0.0152551 -0.0306826 0.0203718
FixedParameters: 0 0 0

#Transform 1
Transform: AffineTransform_float_3_3
Parameters: 1 -3.76955e-05 0.000204556 3.74005e-05 0.999999 0.000721007 -0.00020461 -0.000720992 0.999999 0.00533258 -0.0469629 -0.092323
FixedParameters: 0 0 0

#Transform 2
Transform: AffineTransform_float_3_3
Parameters: 1 -0.000101728 0.000188741 0.000101755 1 -6.99808e-05 -0.000188727 7.00192e-05 1 0.0483891 -0.031627 -0.14594
FixedParameters: 0 0 0

#Transform 3
Transform: AffineTransform_float_3_3
Parameters: 1 0.000547172 -0.00037363 -0.000547595 1 -0.000566763 0.00037301 0.000566237 0.999999 0.00997491 0.101325 0.222992
FixedParameters: 0 0 0

#Transform 4
Transform: AffineTransform_float_3_3
Parameters: 1 -0.00016848 -0.000321849 0.000168903 0.999999 0.000657913 0.000321627 -0.000657086 1 -0.00798478 0.0453996 0.0690311
FixedParameters: 0 0 0

#Transform 5
Transform: AffineTransform_float_3_3
Parameters: 0.999936 -0.0112959 -0.000897553 0.0113154 0.999589 0.0263492 0.000598817 -0.0263578 0.999652 0.0230096 -0.657187 0.892988
FixedParameters: 0 0 0

#Transform 6
Transform: AffineTransform_float_3_3
Parameters: 0.999039 -0.0219872 0.0379208 0.0190416 0.996898 0.0763728 -0.0394824 -0.0755773 0.996358 0.648482 -0.50236 7.00241
FixedParameters: 0 0 0

#Transform 7
Transform: AffineTransform_float_3_3
Parameters: 0.999492 -0.0228438 0.0222324 0.0215387 0.998127 0.0572648 -0.023499 -0.0567562 0.998111 0.150647 -0.402314 5.60243
FixedParameters: 0 0 0

#Transform 8
Transform: AffineTransform_float_3_3
Parameters: 0.999617 -0.0194392 0.0197064 0.0181874 0.99792 0.0618537 -0.0208679 -0.0614714 0.99789 -0.029611 -0.464635 4.655
FixedParameters: 0 0 0

#Transform 9
Transform: AffineTransform_float_3_3
Parameters: 0.999646 -0.0190834 0.0185415 0.0178738 0.997831 0.0633501 -0.0197094 -0.0629968 0.997819 0.0148078 -0.56856 4.57355
FixedParameters: 0 0 0

#Transform 10
Transform: AffineTransform_float_3_3
Parameters: 0.99964 -0.018838 0.0191103 0.0175966 0.997846 0.0631833 -0.0202594 -0.0628247 0.997819 0.0144913 -0.564844 4.62854
FixedParameters: 0 0 0

#Transform 11
Transform: AffineTransform_float_3_3
Parameters: 0.999675 -0.0180249 0.0179933 0.0168621 0.997882 0.0628296 -0.0190881 -0.0625064 0.997862 0.069634 -0.591197 4.68143
FixedParameters: 0 0 0

#Transform 12
Transform: AffineTransform_float_3_3
Parameters: 0.999687 -0.0176555 0.017696 0.0164973 0.99784 0.063591 -0.0187811 -0.0632791 0.99782 0.056431 -0.564817 4.62682
FixedParameters: 0 0 0

#Transform 13
Transform: AffineTransform_float_3_3
Parameters: 0.999675 -0.0174152 0.0186191 0.0161944 0.99783 0.0638182 -0.0196901 -0.0634958 0.997788 0.0236678 -0.640061 4.51563
FixedParameters: 0 0 0

#Transform 14
Transform: AffineTransform_float_3_3
Parameters: 0.999657 -0.0176246 0.0193703 0.0163662 0.997861 0.0632942 -0.0204448 -0.0629547 0.997807 -0.0163155 -0.614614 4.52555
FixedParameters: 0 0 0

#Transform 15
Transform: AffineTransform_float_3_3
Parameters: 0.999663 -0.0170735 0.0195803 0.0157937 0.997839 0.0637812 -0.0206272 -0.0634509 0.997772 -0.00908677 -0.64684 4.35406
FixedParameters: 0 0 0

#Transform 16
Transform: AffineTransform_float_3_3
Parameters: 0.999672 -0.0168102 0.0192844 0.0155301 0.997782 0.0647174 -0.0203294 -0.0643966 0.997718 -0.00418417 -0.692865 4.30071
FixedParameters: 0 0 0

#Transform 17
Transform: AffineTransform_float_3_3
Parameters: 0.999659 -0.0170304 0.0198016 0.0156775 0.997658 0.0665802 -0.0208895 -0.0662467 0.997584 -0.0065891 -0.724283 4.31784
FixedParameters: 0 0 0

#Transform 18
Transform: AffineTransform_float_3_3
Parameters: 0.999669 -0.0168738 0.0194317 0.0155442 0.997654 0.0666644 -0.0205115 -0.0663405 0.997586 0.00992453 -0.752526 4.26135
FixedParameters: 0 0 0

#Transform 19
Transform: AffineTransform_float_3_3
Parameters: 0.99968 -0.0170416 0.0186858 0.0157866 0.997735 0.0653957 -0.0197577 -0.0650803 0.997684 0.0215363 -0.699041 4.31541
FixedParameters: 0 0 0

#Transform 20
Transform: AffineTransform_float_3_3
Parameters: 0.99969 -0.0170755 0.018085 0.0158751 0.997786 0.0645975 -0.0191485 -0.0642906 0.997748 0.0478574 -0.713902 4.21969
FixedParameters: 0 0 0

#Transform 21
Transform: AffineTransform_float_3_3
Parameters: 0.999685 -0.0161775 0.0191497 0.0148823 0.997712 0.0659589 -0.0201734 -0.065653 0.997638 0.0222879 -0.752267 4.10845
FixedParameters: 0 0 0

#Transform 22
Transform: AffineTransform_float_3_3
Parameters: 0.999669 -0.0164447 0.0197601 0.0151282 0.997768 0.0650455 -0.0207855 -0.0647255 0.997687 -0.0156327 -0.774475 4.11136
FixedParameters: 0 0 0

#Transform 23
Transform: AffineTransform_float_3_3
Parameters: 0.999675 -0.0166519 0.0192954 0.0153499 0.997717 0.065756 -0.0203459 -0.065438 0.997649 0.00531919 -0.78774 4.13269
FixedParameters: 0 0 0

#Transform 24
Transform: AffineTransform_float_3_3
Parameters: 0.999706 -0.0157222 0.0184704 0.0144952 0.997796 0.0647498 -0.0194477 -0.0644632 0.99773 0.0097489 -0.728019 4.08496
FixedParameters: 0 0 0

#Transform 25
Transform: AffineTransform_float_3_3
Parameters: 0.999691 -0.0161289 0.0189437 0.0148493 0.99772 0.0658366 -0.0199624 -0.0655355 0.997651 0.00547312 -0.826963 4.08114
FixedParameters: 0 0 0

#Transform 26
Transform: AffineTransform_float_3_3
Parameters: 0.999681 -0.0164382 0.0191358 0.015153 0.997738 0.0654834 -0.0201691 -0.0651726 0.99767 0.00498818 -0.809511 4.10767
FixedParameters: 0 0 0

#Transform 27
Transform: AffineTransform_float_3_3
Parameters: 0.999689 -0.0161108 0.0190055 0.0148591 0.997824 0.064244 -0.0199996 -0.0639419 0.997753 0.0254135 -0.759408 4.0065
FixedParameters: 0 0 0

#Transform 28
Transform: AffineTransform_float_3_3
Parameters: 0.999677 -0.016098 0.0196679 0.0147856 0.997767 0.0651378 -0.0206728 -0.0648252 0.997682 0.013664 -0.814014 3.99955
FixedParameters: 0 0 0

#Transform 29
Transform: AffineTransform_float_3_3
Parameters: 0.999688 -0.0154977 0.0195794 0.0142193 0.997861 0.0637944 -0.0205259 -0.0634956 0.997771 0.00587996 -0.692482 4.02216
FixedParameters: 0 0 0

#Transform 30
Transform: AffineTransform_float_3_3
Parameters: 0.999704 -0.0150799 0.0191247 0.0138068 0.997787 0.0650466 -0.0200625 -0.0647633 0.997698 0.00572897 -0.742855 3.9641
FixedParameters: 0 0 0

#Transform 31
Transform: AffineTransform_float_3_3
Parameters: 0.999704 -0.015023 0.0191489 0.0136674 0.997521 0.0690319 -0.0201383 -0.0687501 0.997431 0.00164899 -0.822077 3.94413
FixedParameters: 0 0 0

#Transform 32
Transform: AffineTransform_float_3_3
Parameters: 0.999714 -0.0148833 0.0187458 0.0135903 0.997639 0.0673173 -0.0197029 -0.0670436 0.997555 0.00736265 -0.772703 3.92584
FixedParameters: 0 0 0

#Transform 33
Transform: AffineTransform_float_3_3
Parameters: 0.999732 -0.0150236 0.0176146 0.0138066 0.997638 0.067288 -0.0185846 -0.0670269 0.997578 0.0254339 -0.823742 3.89673
FixedParameters: 0 0 0

#Transform 34
Transform: AffineTransform_float_3_3
Parameters: 0.999889 -0.0108306 0.0101822 0.0103446 0.998857 0.0466703 -0.0106759 -0.0465597 0.998858 0.0942095 -0.318519 3.8344
FixedParameters: 0 0 0

#Transform 35
Transform: AffineTransform_float_3_3
Parameters: 0.999899 -0.00966228 0.0104933 0.00912916 0.998723 0.0496881 -0.0109599 -0.0495879 0.99871 0.0527734 -0.29489 3.66658
FixedParameters: 0 0 0

#Transform 36
Transform: AffineTransform_float_3_3
Parameters: 0.999892 -0.010299 0.0104819 0.00976602 0.998716 0.049724 -0.0109806 -0.049617 0.998708 0.058898 -0.324321 3.66922
FixedParameters: 0 0 0

#Transform 37
Transform: AffineTransform_float_3_3
Parameters: 0.999894 -0.0100486 0.010541 0.00951321 0.998719 0.0497003 -0.0110271 -0.0495947 0.998709 0.0596043 -0.354377 3.68653
FixedParameters: 0 0 0

#Transform 38
Transform: AffineTransform_float_3_3
Parameters: 0.999882 -0.0103228 0.0113972 0.00974545 0.998724 0.04954 -0.0118947 -0.049423 0.998707 0.0419182 -0.316036 3.64544
FixedParameters: 0 0 0

#Transform 39
Transform: AffineTransform_float_3_3
Parameters: 0.999901 -0.0102791 0.00953737 0.00980755 0.998791 0.0481786 -0.0100209 -0.0480804 0.998793 0.0550035 -0.31717 3.6116
FixedParameters: 0 0 0

#Transform 40
Transform: AffineTransform_float_3_3
Parameters: 0.999919 -0.0095098 0.00847632 0.00911911 0.998948 0.0449514 -0.00889516 -0.0448696 0.998953 -0.0610992 -0.200061 3.4562
FixedParameters: 0 0 0

#Transform 41
Transform: AffineTransform_float_3_3
Parameters: 0.999915 -0.00923895 0.00913149 0.00883016 0.998999 0.043857 -0.00952723 -0.043773 0.998996 -0.042309 -0.150711 3.48664
FixedParameters: 0 0 0

#Transform 42
Transform: AffineTransform_float_3_3
Parameters: 0.999914 -0.00944043 0.00904231 0.00903919 0.999015 0.0434286 -0.00944346 -0.0433435 0.999016 -0.0348401 -0.12524 3.48696
FixedParameters: 0 0 0

#Transform 43
Transform: AffineTransform_float_3_3
Parameters: 0.99991 -0.00990562 0.00912714 0.0094919 0.998973 0.0442903 -0.00955718 -0.0441997 0.998977 -0.0399827 -0.170893 3.4678
FixedParameters: 0 0 0

#Transform 44
Transform: AffineTransform_float_3_3
Parameters: 0.999902 -0.00963804 0.0101328 0.00916823 0.998928 0.0453785 -0.0105592 -0.0452814 0.998918 -0.0302995 -0.211749 3.61565
FixedParameters: 0 0 0

#Transform 45
Transform: AffineTransform_float_3_3
Parameters: 0.999905 -0.00906015 0.0103358 0.00857971 0.998924 0.0455639 -0.010737 -0.0454711 0.998908 -0.0515515 -0.131283 3.4687
FixedParameters: 0 0 0

#Transform 46
Transform: AffineTransform_float_3_3
Parameters: 0.999917 -0.00848154 0.00963192 0.00802886 0.998907 0.04606 -0.0100123 -0.045979 0.998892 -0.0433596 -0.18229 3.44668
FixedParameters: 0 0 0

#Transform 47
Transform: AffineTransform_float_3_3
Parameters: 0.999922 -0.00845429 0.00921103 0.00801528 0.998875 0.0467382 -0.00959589 -0.0466609 0.998865 -0.0385651 -0.174387 3.39623
FixedParameters: 0 0 0

#Transform 48
Transform: AffineTransform_float_3_3
Parameters: 0.999917 -0.00848565 0.00962765 0.00802797 0.998882 0.0465889 -0.0100119 -0.046507 0.998868 -0.0426376 -0.188648 3.35398
FixedParameters: 0 0 0

#Transform 49
Transform: AffineTransform_float_3_3
Parameters: 0.999916 -0.00862982 0.00966691 0.00818152 0.998931 0.0454949 -0.0100492 -0.0454122 0.998918 -0.044381 -0.178919 3.46414
FixedParameters: 0 0 0

#Transform 50
Transform: AffineTransform_float_3_3
Parameters: 0.999906 -0.00907927 0.0102282 0.00860199 0.998914 0.0458016 -0.0106327 -0.0457085 0.998899 -0.0588193 -0.167558 3.47592
FixedParameters: 0 0 0

#Transform 51
Transform: AffineTransform_float_3_3
Parameters: 0.999931 -0.00778869 0.0088729 0.00738086 0.998955 0.0451164 -0.00921587 -0.0450476 0.998942 -0.040559 -0.120015 3.48967
FixedParameters: 0 0 0

#Transform 52
Transform: AffineTransform_float_3_3
Parameters: 0.999932 -0.00750731 0.00895152 0.00709315 0.998943 0.0454179 -0.00928236 -0.0453511 0.998928 -0.0329509 -0.139616 3.53795
FixedParameters: 0 0 0

#Transform 53
Transform: AffineTransform_float_3_3
Parameters: 0.999922 -0.00785236 0.00969802 0.00739701 0.998906 0.0461572 -0.0100496 -0.0460828 0.998887 -0.0521263 -0.150273 3.50362
FixedParameters: 0 0 0

#Transform 54
Transform: AffineTransform_float_3_3
Parameters: 0.999918 -0.00794398 0.0100313 0.00746055 0.998849 0.0473711 -0.0103955 -0.0472928 0.998827 -0.069161 -0.172989 3.41069
FixedParameters: 0 0 0

#Transform 55
Transform: AffineTransform_float_3_3
Parameters: 0.999924 -0.00755374 0.00976324 0.0070876 0.998874 0.0469023 -0.0101061 -0.0468296 0.998851 -0.0599139 -0.184024 3.41434
FixedParameters: 0 0 0

#Transform 56
Transform: AffineTransform_float_3_3
Parameters: 0.999932 -0.0073522 0.00910947 0.00692195 0.998899 0.046397 -0.00944054 -0.0463311 0.998882 -0.0649791 -0.151547 3.42084
FixedParameters: 0 0 0

#Transform 57
Transform: AffineTransform_float_3_3
Parameters: 0.999931 -0.00733924 0.0091538 0.00691015 0.998911 0.0461481 -0.00948312 -0.0460818 0.998892 -0.0663406 -0.146074 3.3899
FixedParameters: 0 0 0

#Transform 58
Transform: AffineTransform_float_3_3
Parameters: 0.999923 -0.00755046 0.00984978 0.00709715 0.998951 0.0452399 -0.0101811 -0.0451672 0.998928 -0.0841238 -0.151684 3.39479
FixedParameters: 0 0 0

#Transform 59
Transform: AffineTransform_float_3_3
Parameters: 0.999932 -0.00708176 0.00931503 0.00665679 0.998969 0.0449092 -0.00962405 -0.0448448 0.998947 -0.0626318 -0.138018 3.4025
FixedParameters: 0 0 0

#Transform 60
Transform: AffineTransform_float_3_3
Parameters: 0.999925 -0.0071698 0.00986175 0.00671924 0.998964 0.0450067 -0.0101742 -0.0449372 0.998937 -0.0617999 -0.127037 3.40134
FixedParameters: 0 0 0

#Transform 61
Transform: AffineTransform_float_3_3
Parameters: 0.999925 -0.00717363 0.00986479 0.00673074 0.999 0.0442098 -0.0101714 -0.0441402 0.998974 -0.064289 -0.0988809 3.40468
FixedParameters: 0 0 0

#Transform 62
Transform: AffineTransform_float_3_3
Parameters: 0.999918 -0.00730397 0.0104548 0.00683352 0.998991 0.044382 -0.0107688 -0.0443069 0.99896 -0.0808085 -0.122835 3.4134
FixedParameters: 0 0 0

#Transform 63
Transform: AffineTransform_float_3_3
Parameters: 0.999921 -0.00713874 0.0103615 0.0066769 0.999012 0.0439416 -0.010665 -0.0438694 0.998981 -0.0791096 -0.130975 3.48459
FixedParameters: 0 0 0

#Transform 64
Transform: AffineTransform_float_3_3
Parameters: 0.999919 -0.00732453 0.0103862 0.00686703 0.999034 0.043396 -0.0106943 -0.043321 0.999004 -0.081184 -0.046615 3.4145
FixedParameters: 0 0 0

#Transform 65
Transform: AffineTransform_float_3_3
Parameters: 0.999929 -0.00689652 0.00966099 0.00646134 0.998995 0.0443479 -0.00995693 -0.0442821 0.998969 -0.0594938 -0.107579 3.38191
FixedParameters: 0 0 0

#Transform 66
Transform: AffineTransform_float_3_3
Parameters: 0.999926 -0.00697048 0.00999477 0.00652068 0.998993 0.0443791 -0.0102941 -0.0443108 0.998964 -0.0758468 -0.149046 3.42607
FixedParameters: 0 0 0

#Transform 67
Transform: AffineTransform_float_3_3
Parameters: 0.999926 -0.00701529 0.00987682 0.00656387 0.998965 0.045011 -0.0101824 -0.044943 0.998938 -0.0822089 -0.159573 3.47342
FixedParameters: 0 0 0

#Transform 68
Transform: AffineTransform_float_3_3
Parameters: 0.999939 -0.00676205 0.00879605 0.00638292 0.999079 0.0424246 -0.00907463 -0.0423664 0.999061 -0.0564608 -0.0699828 3.42505
FixedParameters: 0 0 0

#Transform 69
Transform: AffineTransform_float_3_3
Parameters: 0.999922 -0.00740127 0.0100503 0.00695844 0.999031 0.0434574 -0.0103619 -0.0433836 0.999004 -0.06402 -0.0287521 3.59768
FixedParameters: 0 0 0

#Transform 70
Transform: AffineTransform_float_3_3
Parameters: 0.99993 -0.00699801 0.00961404 0.00657613 0.999041 0.0432897 -0.00990833 -0.0432243 0.999016 -0.0681557 -0.0195454 3.49919
FixedParameters: 0 0 0

#Transform 71
Transform: AffineTransform_float_3_3
Parameters: 0.999925 -0.00721871 0.00990554 0.00679692 0.999096 0.0419766 -0.0101997 -0.0419064 0.999069 -0.0840024 0.0115261 3.42223
FixedParameters: 0 0 0

#Transform 72
Transform: AffineTransform_float_3_3
Parameters: 0.999932 -0.00715178 0.00922644 0.00675676 0.999087 0.0421855 -0.00951979 -0.0421205 0.999067 -0.0703105 -0.0425109 3.47339
FixedParameters: 0 0 0

#Transform 73
Transform: AffineTransform_float_3_3
Parameters: 0.999942 -0.00628773 0.00874561 0.00591812 0.999117 0.0415897 -0.00899951 -0.0415354 0.999097 -0.0714573 -0.00910406 3.35058
FixedParameters: 0 0 0

#Transform 74
Transform: AffineTransform_float_3_3
Parameters: 0.999943 -0.00649981 0.00839707 0.00615846 0.999179 0.0400262 -0.00864992 -0.0399718 0.999164 -0.0641631 0.0413679 3.38642
FixedParameters: 0 0 0

#Transform 75
Transform: AffineTransform_float_3_3
Parameters: 0.999944 -0.00612043 0.00870804 0.00576954 0.999192 0.0397769 -0.00894461 -0.039725 0.999171 -0.0617644 0.0272825 3.36277
FixedParameters: 0 0 0

#Transform 76
Transform: AffineTransform_float_3_3
Parameters: 0.999942 -0.00647085 0.00862706 0.00611947 0.999171 0.040251 -0.0088808 -0.040196 0.999153 -0.0440686 0.047309 3.45624
FixedParameters: 0 0 0

#Transform 77
Transform: AffineTransform_float_3_3
Parameters: 0.999941 -0.00652899 0.00861571 0.00618114 0.999186 0.0398676 -0.00886912 -0.0398113 0.999168 -0.0403272 0.0561295 3.40711
FixedParameters: 0 0 0

#Transform 78
Transform: AffineTransform_float_3_3
Parameters: 0.999933 -0.00674359 0.009329 0.00634982 0.999112 0.0416388 -0.00960139 -0.0415772 0.999089 -0.0732552 -0.0300963 3.40454
FixedParameters: 0 0 0

#Transform 79
Transform: AffineTransform_float_3_3
Parameters: 0.999921 -0.00723304 0.0102145 0.00677569 0.999 0.0441809 -0.0105234 -0.0441081 0.998972 -0.111042 -0.0372032 3.05336
FixedParameters: 0 0 0

#Transform 80
Transform: AffineTransform_float_3_3
Parameters: 0.999937 -0.00654658 0.00904657 0.00616242 0.999104 0.0418686 -0.00931281 -0.0418104 0.999082 -0.0977845 -0.0626584 3.18881
FixedParameters: 0 0 0

#Transform 81
Transform: AffineTransform_float_3_3
Parameters: 0.999937 -0.00681555 0.00893736 0.00643952 0.999121 0.0414267 -0.00921201 -0.0413673 0.999102 -0.0878475 0.0212762 3.22432
FixedParameters: 0 0 0

#Transform 82
Transform: AffineTransform_float_3_3
Parameters: 0.999935 -0.00652393 0.00928519 0.00613834 0.99914 0.0410185 -0.00954539 -0.0409585 0.999115 -0.0600042 -0.0200969 3.25365
FixedParameters: 0 0 0

#Transform 83
Transform: AffineTransform_float_3_3
Parameters: 0.99995 -0.00548756 0.00844708 0.00510577 0.998996 0.0445129 -0.00868302 -0.0444671 0.998973 -0.0914195 -0.207822 4.03238
FixedParameters: 0 0 0

#Transform 84
Transform: AffineTransform_float_3_3
Parameters: 0.999965 -0.00568577 0.00623462 0.00541264 0.99906 0.0430083 -0.00647369 -0.0429727 0.999055 -0.0419652 -0.0542212 4.04568
FixedParameters: 0 0 0

#Transform 85
Transform: AffineTransform_float_3_3
Parameters: 0.999961 -0.00556127 0.00686079 0.00528026 0.999176 0.040263 -0.00707911 -0.0402251 0.999166 -0.0724405 0.0916551 3.84947
FixedParameters: 0 0 0

#Transform 86
Transform: AffineTransform_float_3_3
Parameters: 0.999964 -0.0055384 0.00651673 0.00527227 0.999178 0.0401783 -0.00673445 -0.0401427 0.999171 -0.0591828 0.0755542 3.79494
FixedParameters: 0 0 0

#Transform 87
Transform: AffineTransform_float_3_3
Parameters: 0.999965 -0.00518053 0.0065915 0.00491254 0.999184 0.040104 -0.00679342 -0.04007 0.999174 -0.0476079 0.0822071 3.80872
FixedParameters: 0 0 0

#Transform 88
Transform: AffineTransform_float_3_3
Parameters: 0.999963 -0.0052917 0.00678415 0.00501785 0.999197 0.0397334 -0.00698804 -0.0396986 0.999187 -0.0606309 0.0942855 3.81836
FixedParameters: 0 0 0

#Transform 89
Transform: AffineTransform_float_3_3
Parameters: 0.999966 -0.00525274 0.00638293 0.00500017 0.99923 0.0389248 -0.00658222 -0.0388912 0.999222 -0.0495739 0.121782 3.82943
FixedParameters: 0 0 0

#Transform 90
Transform: AffineTransform_float_3_3
Parameters: 0.999967 -0.00530763 0.0061685 0.00506228 0.999227 0.0389864 -0.0063705 -0.0389536 0.999221 -0.0493326 0.0922381 3.80781
FixedParameters: 0 0 0

#Transform 91
Transform: AffineTransform_float_3_3
Parameters: 0.999966 -0.00493626 0.00652941 0.00468242 0.999252 0.0384082 -0.0067138 -0.0383758 0.99924 -0.0618519 0.134652 3.84478
FixedParameters: 0 0 0

#Transform 92
Transform: AffineTransform_float_3_3
Parameters: 0.999967 -0.00494829 0.0064545 0.00469592 0.999245 0.0385537 -0.00663967 -0.0385223 0.999236 -0.0576746 0.167212 3.85313
FixedParameters: 0 0 0

#Transform 93
Transform: AffineTransform_float_3_3
Parameters: 0.999968 -0.00486897 0.0063562 0.00462608 0.999277 0.0377349 -0.00653456 -0.0377042 0.999268 -0.048329 0.179151 3.83812
FixedParameters: 0 0 0

#Transform 94
Transform: AffineTransform_float_3_3
Parameters: 0.999967 -0.00510631 0.00628707 0.00486896 0.999298 0.0371413 -0.00647281 -0.0371096 0.99929 -0.0579842 0.173927 3.7882
FixedParameters: 0 0 0

#Transform 95
Transform: AffineTransform_float_3_3
Parameters: 0.999966 -0.00518417 0.00644103 0.00494431 0.99931 0.0368205 -0.00662731 -0.0367876 0.999302 -0.053899 0.188802 3.86518
FixedParameters: 0 0 0

#Transform 96
Transform: AffineTransform_float_3_3
Parameters: 0.999967 -0.00493516 0.00642433 0.00469458 0.999308 0.0368905 -0.00660232 -0.0368585 0.999299 -0.0549366 0.20223 3.795
FixedParameters: 0 0 0

#Transform 97
Transform: AffineTransform_float_3_3
Parameters: 0.999968 -0.00500234 0.00624823 0.00476756 0.999305 0.0369917 -0.00642837 -0.0369614 0.999296 -0.0546154 0.173214 3.77801
FixedParameters: 0 0 0

#Transform 98
Transform: AffineTransform_float_3_3
Parameters: 0.999965 -0.00508775 0.00660903 0.00484504 0.999332 0.0362213 -0.00678903 -0.0361887 0.999322 -0.0680037 0.198467 3.79584
FixedParameters: 0 0 0

#Transform 99
Transform: AffineTransform_float_3_3
Parameters: 0.99997 -0.00480216 0.00608871 0.0045753 0.999314 0.0367285 -0.00626136 -0.0366994 0.999307 -0.0454243 0.155302 3.78677
FixedParameters: 0 0 0

#Transform 100
Transform: AffineTransform_float_3_3
Parameters: 0.999964 -0.00540752 0.00644377 0.00521204 0.999539 0.0299052 -0.00660251 -0.0298698 0.999532 -0.0910869 0.359335 3.23669
FixedParameters: 0 0 0

#Transform 101
Transform: AffineTransform_float_3_3
Parameters: 0.999966 -0.00507244 0.00650947 0.00486428 0.999489 0.0315971 -0.00666622 -0.0315639 0.99948 -0.110633 0.243377 3.15602
FixedParameters: 0 0 0

#Transform 102
Transform: AffineTransform_float_3_3
Parameters: 0.999966 -0.00507406 0.0065082 0.00486445 0.999481 0.0318461 -0.00666614 -0.0318129 0.999472 -0.109979 0.295372 3.05768
FixedParameters: 0 0 0

#Transform 103
Transform: AffineTransform_float_3_3
Parameters: 0.999966 -0.00522971 0.00647491 0.00502167 0.999484 0.0317342 -0.00663693 -0.0317008 0.999475 -0.113491 0.235551 3.0521
FixedParameters: 0 0 0

#Transform 104
Transform: AffineTransform_float_3_3
Parameters: 0.999964 -0.00540534 0.00644986 0.00521907 0.99958 0.0285072 -0.00660061 -0.0284718 0.999573 -0.0997284 0.310871 3.16229
FixedParameters: 0 0 0

#Transform 105
Transform: AffineTransform_float_3_3
Parameters: 0.999964 -0.00503528 0.00674563 0.00485709 0.999645 0.0262047 -0.00687538 -0.0261713 0.999634 -0.102724 0.390799 3.08564
FixedParameters: 0 0 0

#Transform 106
Transform: AffineTransform_float_3_3
Parameters: 0.999966 -0.00499586 0.00654616 0.00482385 0.99965 0.0260118 -0.00667337 -0.0259783 0.99964 -0.102383 0.434226 3.08522
FixedParameters: 0 0 0

#Transform 107
Transform: AffineTransform_float_3_3
Parameters: 0.999964 -0.00541519 0.00651368 0.00523132 0.999598 0.0278837 -0.00666289 -0.0278483 0.99959 -0.0969559 0.402493 3.01286
FixedParameters: 0 0 0

#Transform 108
Transform: AffineTransform_float_3_3
Parameters: 0.999967 -0.00546184 0.00598191 0.00530394 0.999647 0.0260449 -0.0061215 -0.0260122 0.999643 -0.107735 0.429389 3.0574
FixedParameters: 0 0 0

#Transform 109
Transform: AffineTransform_float_3_3
Parameters: 0.999969 -0.00500291 0.0060831 0.00484243 0.999645 0.0261961 -0.00621264 -0.0261659 0.999638 -0.0988152 0.473258 3.0701
FixedParameters: 0 0 0

#Transform 110
Transform: AffineTransform_float_3_3
Parameters: 0.999968 -0.00528543 0.00602635 0.00513047 0.999662 0.0255028 -0.00615959 -0.0254712 0.999657 -0.103054 0.484335 3.05009
FixedParameters: 0 0 0

#Transform 111
Transform: AffineTransform_float_3_3
Parameters: 0.999968 -0.0052005 0.00604659 0.00504892 0.999677 0.0248913 -0.00617397 -0.0248596 0.999671 -0.111521 0.471734 3.08367
FixedParameters: 0 0 0

#Transform 112
Transform: AffineTransform_float_3_3
Parameters: 0.999969 -0.00513984 0.00605928 0.00498699 0.999678 0.0248939 -0.0061858 -0.0248631 0.999672 -0.110187 0.50993 3.08953
FixedParameters: 0 0 0

#Transform 113
Transform: AffineTransform_float_3_3
Parameters: 0.999971 -0.00490135 0.00581077 0.00475847 0.999691 0.0243703 -0.00592831 -0.0243417 0.999686 -0.0974632 0.541464 3.08299
FixedParameters: 0 0 0

#Transform 114
Transform: AffineTransform_float_3_3
Parameters: 0.999974 -0.00457553 0.00569741 0.00443966 0.999711 0.023637 -0.00580312 -0.023611 0.999704 -0.0931756 0.548283 3.04476
FixedParameters: 0 0 0

#Transform 115
Transform: AffineTransform_float_3_3
Parameters: 0.999972 -0.00465064 0.00573723 0.00451483 0.999713 0.0235496 -0.00584552 -0.0235234 0.999706 -0.0831114 0.537837 3.09956
FixedParameters: 0 0 0

#Transform 116
Transform: AffineTransform_float_3_3
Parameters: 0.999972 -0.00469484 0.00572522 0.00456245 0.999727 0.0228968 -0.00583151 -0.0228702 0.999721 -0.0984583 0.568812 3.07139
FixedParameters: 0 0 0

#Transform 117
Transform: AffineTransform_float_3_3
Parameters: 0.999973 -0.00463886 0.00573928 0.00450981 0.999744 0.0221856 -0.00584043 -0.0221594 0.999737 -0.0841921 0.5711 3.06967
FixedParameters: 0 0 0

#Transform 118
Transform: AffineTransform_float_3_3
Parameters: 0.999974 -0.00458243 0.00545915 0.00445825 0.999739 0.0224083 -0.00555984 -0.0223837 0.999734 -0.0716887 0.572166 3.09227
FixedParameters: 0 0 0

#Transform 119
Transform: AffineTransform_float_3_3
Parameters: 0.999973 -0.00451702 0.00576581 0.00439057 0.999753 0.0217758 -0.00586324 -0.0217502 0.999746 -0.0886129 0.631723 3.09204
FixedParameters: 0 0 0

#Transform 120
Transform: AffineTransform_float_3_3
Parameters: 0.999975 -0.00455806 0.00539233 0.0044456 0.999775 0.0207429 -0.00548606 -0.0207181 0.99977 -0.0886083 0.626652 3.02949
FixedParameters: 0 0 0

#Transform 121
Transform: AffineTransform_float_3_3
Parameters: 0.999976 -0.00454744 0.00535074 0.00443757 0.999782 0.0204096 -0.00544262 -0.0203854 0.999778 -0.0818882 0.63494 3.03572
FixedParameters: 0 0 0

#Transform 122
Transform: AffineTransform_float_3_3
Parameters: 0.999977 -0.00438938 0.00504495 0.00428452 0.999781 0.0204898 -0.00513344 -0.0204682 0.999777 -0.0822433 0.652442 3.02975
FixedParameters: 0 0 0

#Transform 123
Transform: AffineTransform_float_3_3
Parameters: 0.999969 -0.00509133 0.00602212 0.00497559 0.999804 0.0191414 -0.00611807 -0.0191106 0.999799 -0.126728 0.616453 2.68488
FixedParameters: 0 0 0

#Transform 124
Transform: AffineTransform_float_3_3
Parameters: 0.999975 -0.00498895 0.00505202 0.00489406 0.999814 0.0186342 -0.00514442 -0.0186098 0.999814 -0.0843132 0.64615 2.97333
FixedParameters: 0 0 0

#Transform 125
Transform: AffineTransform_float_3_3
Parameters: 0.999976 -0.00462898 0.00519199 0.0045392 0.999844 0.0170355 -0.00526984 -0.0170115 0.999842 -0.0613175 0.780753 2.99172
FixedParameters: 0 0 0

#Transform 126
Transform: AffineTransform_float_3_3
Parameters: 0.999978 -0.00417686 0.00505551 0.00408625 0.999836 0.0176687 -0.00512812 -0.0176483 0.99983 -0.0410574 0.731995 2.99883
FixedParameters: 0 0 0

#Transform 127
Transform: AffineTransform_float_3_3
Parameters: 0.999976 -0.00443901 0.00542087 0.00433702 0.999818 0.0185881 -0.00550235 -0.0185639 0.999813 -0.0444631 0.704637 2.96071
FixedParameters: 0 0 0

#Transform 128
Transform: AffineTransform_float_3_3
Parameters: 0.999978 -0.00444752 0.00491973 0.00436573 0.999852 0.0166487 -0.00499317 -0.0166273 0.999849 -0.0405531 0.734406 2.9226
FixedParameters: 0 0 0

#Transform 129
Transform: AffineTransform_float_3_3
Parameters: 0.999973 -0.00441165 0.00578366 0.00432744 0.999886 0.0144723 -0.00584683 -0.0144468 0.999879 -0.0576761 0.809977 2.98647
FixedParameters: 0 0 0

#Transform 130
Transform: AffineTransform_float_3_3
Parameters: 0.999979 -0.00404726 0.00510132 0.00397277 0.999886 0.014547 -0.00515947 -0.014526 0.999881 -0.0552803 0.858225 3.02755
FixedParameters: 0 0 0

#Transform 131
Transform: AffineTransform_float_3_3
Parameters: 0.999981 -0.00401034 0.00467705 0.00395469 0.99992 0.0120177 -0.00472457 -0.0119993 0.999916 -0.0402514 0.954016 3.05235
FixedParameters: 0 0 0

#Transform 132
Transform: AffineTransform_float_3_3
Parameters: 0.999982 -0.00404099 0.00456248 0.00399109 0.999932 0.0108973 -0.00460621 -0.0108787 0.99993 -0.0345286 0.938616 3.03399
FixedParameters: 0 0 0

#Transform 133
Transform: AffineTransform_float_3_3
Parameters: 0.999982 -0.0040414 0.00456212 0.00399051 0.999932 0.0109863 -0.00460558 -0.0109677 0.999929 -0.0370533 0.924369 3.06015
FixedParameters: 0 0 0

#Transform 134
Transform: AffineTransform_float_3_3
Parameters: 0.999984 -0.00363243 0.0044723 0.00358194 0.999932 0.0111351 -0.00451197 -0.0111189 0.999928 -0.024357 0.921782 3.04762
FixedParameters: 0 0 0

#Transform 135
Transform: AffineTransform_float_3_3
Parameters: 0.999982 -0.00385983 0.00459686 0.00380752 0.99993 0.0112026 -0.00463976 -0.0111844 0.999926 -0.0240852 0.959128 3.0503
FixedParameters: 0 0 0

#Transform 136
Transform: AffineTransform_float_3_3
Parameters: 0.999982 -0.00367536 0.00463284 0.00362254 0.999931 0.0112117 -0.00467364 -0.0111953 0.999927 -0.0274539 0.933372 3.00707
FixedParameters: 0 0 0

#Transform 137
Transform: AffineTransform_float_3_3
Parameters: 0.999984 -0.00395085 0.00410491 0.00390673 0.999935 0.0106906 -0.0041462 -0.0106744 0.999934 -0.00380732 0.930934 3.01129
FixedParameters: 0 0 0

#Transform 138
Transform: AffineTransform_float_3_3
Parameters: 0.999986 -0.00360146 0.00402407 0.00355971 0.999939 0.0103626 -0.00406104 -0.0103483 0.999938 -0.0015648 0.962074 3.02971
FixedParameters: 0 0 0

#Transform 139
Transform: AffineTransform_float_3_3
Parameters: 0.999984 -0.00391298 0.00393638 0.00387489 0.999946 0.00960983 -0.00397371 -0.00959518 0.999946 -0.00616922 0.965581 2.92544
FixedParameters: 0 0 0

#Transform 140
Transform: AffineTransform_float_3_3
Parameters: 0.999985 -0.00371969 0.00398267 0.00368033 0.999946 0.00970302 -0.00401894 -0.00968898 0.999945 0.00465738 0.953235 2.96569
FixedParameters: 0 0 0

#Transform 141
Transform: AffineTransform_float_3_3
Parameters: 0.999986 -0.00327726 0.00426492 0.00322381 0.999915 0.0126107 -0.00430634 -0.0125963 0.999912 -0.0106756 0.927465 2.96999
FixedParameters: 0 0 0

#Transform 142
Transform: AffineTransform_float_3_3
Parameters: 0.999981 -0.00398398 0.00474517 0.00376245 0.998943 0.0458145 -0.00492227 -0.0457955 0.998938 -0.146252 0.0340809 2.33509
FixedParameters: 0 0 0

#Transform 143
Transform: AffineTransform_float_3_3
Parameters: 0.999983 -0.00573487 -0.00112803 0.00579618 0.997922 0.0641776 0.000757474 -0.0641834 0.997938 -0.0805333 -0.324537 2.40603
FixedParameters: 0 0 0

#Transform 144
Transform: AffineTransform_float_3_3
Parameters: 0.999985 -0.00545863 -0.00103116 0.00551237 0.998023 0.062602 0.000687555 -0.062607 0.998038 -0.0888726 -0.288644 2.38459
FixedParameters: 0 0 0

#Transform 145
Transform: AffineTransform_float_3_3
Parameters: 0.999986 -0.00526812 -0.000608199 0.00529563 0.998215 0.0594982 0.000293536 -0.0595008 0.998228 -0.09913 -0.227464 2.39258
FixedParameters: 0 0 0

#Transform 146
Transform: AffineTransform_float_3_3
Parameters: 0.999988 -0.00499109 -0.000688003 0.00502212 0.998325 0.0576316 0.00039946 -0.0576334 0.998338 -0.0817597 -0.128213 2.37351
FixedParameters: 0 0 0

#Transform 147
Transform: AffineTransform_float_3_3
Parameters: 0.99999 -0.00460667 -0.000524471 0.00462857 0.998542 0.053768 0.000275797 -0.05377 0.998554 -0.0683895 -0.0343871 2.38675
FixedParameters: 0 0 0

#Transform 148
Transform: AffineTransform_float_3_3
Parameters: 0.99999 -0.00445517 -0.000135095 0.00445583 0.998608 0.0525506 -9.98873e-05 -0.0525504 0.998618 -0.0768584 -0.0141643 2.37209
FixedParameters: 0 0 0

#Transform 149
Transform: AffineTransform_float_3_3
Parameters: 0.99999 -0.00432031 0.000150893 0.00430744 0.998633 0.0520949 -0.000375323 -0.0520931 0.998642 -0.0825265 -0.0107795 2.37843
FixedParameters: 0 0 0

#Transform 150
Transform: AffineTransform_float_3_3
Parameters: 0.99999 -0.00459617 0.00046 0.00456542 0.998639 0.0519645 -0.000698152 -0.0519616 0.998649 -0.0935564 -0.00561602 2.39658
FixedParameters: 0 0 0

#Transform 151
Transform: AffineTransform_float_3_3
Parameters: 0.999987 -0.00492363 -0.000615605 0.00494651 0.998966 0.0452097 0.000392704 -0.0452123 0.998978 -0.109539 0.00223493 1.56327
FixedParameters: 0 0 0
