# transform file /out/sourcedata/freesurfer/sub-v2s3x28822_ses-1/mri/transforms/cc_up.lta
# created by oesteban on Fri Mar 13 03:31:50 2026

type      = 0 # LINEAR_VOX_TO_VOX
nxforms   = 1
mean      = 127.0000 93.0000 106.0000
sigma     = 10000.0000
1 4 4
9.990897178649902e-01 -4.108529537916183e-02 -1.147736608982086e-02 4.949689865112305e+00 
4.108258709311485e-02 9.991556406021118e-01 -4.719494900200516e-04 5.087932586669922e+01 
1.148706488311291e-02 0.000000000000000e+00 9.999340176582336e-01 2.454448318481445e+01 
0.000000000000000e+00 0.000000000000000e+00 0.000000000000000e+00 1.000000000000000e+00 
src volume info
valid = 1  # volume info valid
filename = /out/sourcedata/freesurfer/sub-v2s3x28822_ses-1/mri/norm.mgz
volume = 256 256 256
voxelsize = 1.000000000000000e+00 1.000000000000000e+00 1.000000000000000e+00
xras   = -1.000000000000000e+00 0.000000000000000e+00 0.000000000000000e+00
yras   = 0.000000000000000e+00 0.000000000000000e+00 -1.000000000000000e+00
zras   = 0.000000000000000e+00 1.000000000000000e+00 0.000000000000000e+00
cras   = 3.242889404296875e+00 4.482690429687500e+01 -3.163909912109375e+00
dst volume info
valid = 1  # volume info valid
filename = /out/sourcedata/freesurfer/sub-v2s3x28822_ses-1/mri/norm.mgz
volume = 256 256 256
voxelsize = 1.000000000000000e+00 1.000000000000000e+00 1.000000000000000e+00
xras   = -1.000000000000000e+00 0.000000000000000e+00 0.000000000000000e+00
yras   = 0.000000000000000e+00 0.000000000000000e+00 -1.000000000000000e+00
zras   = 0.000000000000000e+00 1.000000000000000e+00 0.000000000000000e+00
cras   = 3.242889404296875e+00 4.482690429687500e+01 -3.163909912109375e+00
