#Insight Transform File V1.0
#Transform 0
Transform: AffineTransform_float_3_3
Parameters: 0.999993 -0.00340278 0.000999249 0.00340533 0.999991 -0.00270298 -0.000989317 0.00270702 0.999996 -0.229945 0.00257803 -0.0263221
FixedParameters: 0 0 0

#Transform 1
Transform: AffineTransform_float_3_3
Parameters: 0.999994 -0.0023442 0.00252622 0.00234084 0.999997 0.00136776 -0.00252908 -0.00136224 0.999996 -0.208886 -0.0682586 -0.33473
FixedParameters: 0 0 0

#Transform 2
Transform: AffineTransform_float_3_3
Parameters: 0.999971 -0.00417259 0.00648715 0.00414494 0.999982 0.00427568 -0.00650452 -0.00424932 0.99997 -0.111451 -0.215605 -0.193091
FixedParameters: 0 0 0

#Transform 3
Transform: AffineTransform_float_3_3
Parameters: 0.999986 -0.00315522 0.00408365 0.00316358 0.999993 -0.00214373 -0.00407642 0.00215727 0.999989 0.0106301 -0.178755 -0.362094
FixedParameters: 0 0 0

#Transform 4
Transform: AffineTransform_float_3_3
Parameters: 0.999992 -0.0025209 0.003143 0.00252384 0.999996 -0.000891633 -0.00314088 0.000899367 0.999995 -0.0314783 -0.0527149 -0.273225
FixedParameters: 0 0 0

#Transform 5
Transform: AffineTransform_float_3_3
Parameters: 0.999997 -0.002158 0.000425597 0.00215773 0.999997 -0.000681764 -0.000423785 0.000682234 0.999999 -0.0553588 0.0297404 -0.349265
FixedParameters: 0 0 0

#Transform 6
Transform: AffineTransform_float_3_3
Parameters: 1 -0.000395535 -0.00103681 0.000397232 0.999999 0.00136359 0.00103658 -0.00136441 0.999998 0.0288605 -0.0804972 -0.265442
FixedParameters: 0 0 0

#Transform 7
Transform: AffineTransform_float_3_3
Parameters: 1 -0.000327376 0.000393376 0.000327131 0.999998 0.00156813 -0.000394261 -0.00156787 0.999998 0.00015864 -0.0667564 -0.288441
FixedParameters: 0 0 0

#Transform 8
Transform: AffineTransform_float_3_3
Parameters: 0.999998 -0.000357635 0.00190445 0.000354258 0.999998 0.0019264 -0.00190525 -0.0019256 0.999997 -0.0309106 -0.049179 -0.313227
FixedParameters: 0 0 0

#Transform 9
Transform: AffineTransform_float_3_3
Parameters: 0.999997 -0.00117886 0.00215684 0.00117467 0.999998 0.0018263 -0.00215859 -0.0018237 0.999996 -0.0655288 -0.0692145 -0.229118
FixedParameters: 0 0 0

#Transform 10
Transform: AffineTransform_float_3_3
Parameters: 0.999998 -0.000632048 0.00157995 0.000628902 0.999998 0.00189088 -0.00158092 -0.00189012 0.999997 -0.0277513 -0.0689027 -0.28253
FixedParameters: 0 0 0

#Transform 11
Transform: AffineTransform_float_3_3
Parameters: 0.999999 -0.000620697 0.00130579 0.000618761 0.999998 0.00182467 -0.00130664 -0.00182333 0.999998 -0.0320813 -0.0970019 -0.294728
FixedParameters: 0 0 0

#Transform 12
Transform: AffineTransform_float_3_3
Parameters: 0.999999 -0.000646824 0.00136451 0.000643766 0.999997 0.00215674 -0.00136588 -0.00215526 0.999996 -0.0568377 -0.0887853 -0.119351
FixedParameters: 0 0 0

#Transform 13
Transform: AffineTransform_float_3_3
Parameters: 0.999998 -0.00024003 0.00169711 0.000238029 0.999999 0.000881126 -0.00169739 -0.000880873 0.999998 -0.0542612 -0.061457 -0.130796
FixedParameters: 0 0 0

#Transform 14
Transform: AffineTransform_float_3_3
Parameters: 0.999998 0.000187515 0.00162792 -0.000188538 0.999999 0.000618534 -0.00162754 -0.000618465 0.999998 -0.0375022 -0.0555881 -0.276399
FixedParameters: 0 0 0

#Transform 15
Transform: AffineTransform_float_3_3
Parameters: 1 -0.00109492 0.000280965 0.00109498 0.999998 -0.00137567 -0.000280074 0.00137533 0.999999 0.00987893 -0.018323 -0.196427
FixedParameters: 0 0 0

#Transform 16
Transform: AffineTransform_float_3_3
Parameters: 1 -0.000531211 0.000306574 0.000530824 0.999999 -0.000753837 -0.000306904 0.000754163 0.999999 -0.00255899 -0.0406556 -0.112558
FixedParameters: 0 0 0

#Transform 17
Transform: AffineTransform_float_3_3
Parameters: 0.999998 -0.000267615 0.0020518 0.000264943 0.999999 0.00137527 -0.00205211 -0.00137473 0.999997 -0.025885 -0.0512433 -0.142021
FixedParameters: 0 0 0

#Transform 18
Transform: AffineTransform_float_3_3
Parameters: 1 0.000479914 0.000797941 -0.000480752 0.999999 0.000612616 -0.000798342 -0.000613383 0.999999 -0.0289863 -0.0602143 -0.165998
FixedParameters: 0 0 0

#Transform 19
Transform: AffineTransform_float_3_3
Parameters: 0.999999 0.00125409 -0.000637608 -0.00125278 0.999999 0.0009128 0.000638904 -0.0009112 1 0.0448111 -0.0319062 -0.143523
FixedParameters: 0 0 0

#Transform 20
Transform: AffineTransform_float_3_3
Parameters: 0.999999 -0.000818943 0.000261312 0.000819007 0.999999 -0.000122786 -0.00026111 0.000123214 1 -0.0213414 -0.0128839 -0.048021
FixedParameters: 0 0 0

#Transform 21
Transform: AffineTransform_float_3_3
Parameters: 0.999999 -0.000185898 0.000853333 0.000186275 1 -0.000220841 -0.000853251 0.000221159 0.999999 -0.0184944 -0.0227931 -0.064725
FixedParameters: 0 0 0

#Transform 22
Transform: AffineTransform_float_3_3
Parameters: 1 -0.000225002 -0.000372084 0.000225676 0.999997 0.00242592 0.000371839 -0.00242608 0.999997 -0.149992 -0.0114549 0.234305
FixedParameters: 0 0 0

#Transform 23
Transform: AffineTransform_float_3_3
Parameters: 1 0.000360425 0.00012137 -0.000360668 1 0.0010011 -0.000120648 -0.0010009 0.999999 -0.13193 0.108094 0.271835
FixedParameters: 0 0 0

#Transform 24
Transform: AffineTransform_float_3_3
Parameters: 0.999999 0.000930095 0.000157467 -0.000930043 0.999999 -0.000165146 -0.000157774 0.000164853 1 -0.120951 0.157363 0.321689
FixedParameters: 0 0 0

#Transform 25
Transform: AffineTransform_float_3_3
Parameters: 1 0.000227338 -7.17744e-05 -0.000227398 1 -0.000420984 7.15829e-05 0.000421016 1 -0.109339 0.151559 0.304354
FixedParameters: 0 0 0

#Transform 26
Transform: AffineTransform_float_3_3
Parameters: 1 -2.22071e-05 -0.000520449 2.26043e-05 0.999999 0.00133299 0.000520248 -0.00133301 0.999999 -0.125389 0.0977888 0.300208
FixedParameters: 0 0 0

#Transform 27
Transform: AffineTransform_float_3_3
Parameters: 1 0.000529578 0.000252531 -0.000529932 0.999999 0.000702866 -0.000251786 -0.000703133 0.999999 -0.170164 0.114598 0.202946
FixedParameters: 0 0 0

#Transform 28
Transform: AffineTransform_float_3_3
Parameters: 1 0.00107048 -0.000273109 -0.00107091 0.999999 0.000767432 0.00027362 -0.000766568 0.999999 -0.0903767 0.0989991 0.29786
FixedParameters: 0 0 0

#Transform 29
Transform: AffineTransform_float_3_3
Parameters: 0.999999 0.0011505 -0.000833626 -0.00115054 0.999999 0.00057198 0.0008348 -0.000571021 1 -0.0456603 0.126162 0.338185
FixedParameters: 0 0 0

#Transform 30
Transform: AffineTransform_float_3_3
Parameters: 0.999999 0.00121898 -0.00130939 -0.00121846 0.999999 0.000901636 0.00131031 -0.000900364 0.999998 -0.0681461 0.147434 0.394049
FixedParameters: 0 0 0

#Transform 31
Transform: AffineTransform_float_3_3
Parameters: 1 0.00075775 -0.000952771 -0.000757852 1 -5.33976e-05 0.00095269 5.36023e-05 1 -0.0506843 0.13535 0.301609
FixedParameters: 0 0 0

#Transform 32
Transform: AffineTransform_float_3_3
Parameters: 0.999999 0.00119903 -0.000878534 -0.0011994 1 0.000270074 0.000878049 -0.000268928 1 -0.0805116 0.142216 0.361369
FixedParameters: 0 0 0

#Transform 33
Transform: AffineTransform_float_3_3
Parameters: 1 0.00062579 -0.000810736 -0.000625219 0.999999 0.000352507 0.000811176 -0.000351492 0.999999 -0.0934697 0.185502 0.31257
FixedParameters: 0 0 0

#Transform 34
Transform: AffineTransform_float_3_3
Parameters: 1 0.000554988 -0.0008059 -0.000553334 0.999997 0.00216533 0.000807029 -0.00216567 0.999998 -0.0949316 0.167688 0.22727
FixedParameters: 0 0 0

#Transform 35
Transform: AffineTransform_float_3_3
Parameters: 0.999999 0.000513008 -0.000521631 -0.000513163 0.999999 0.000665287 0.000521183 -0.000665712 0.999999 -0.10102 0.125103 0.294294
FixedParameters: 0 0 0

#Transform 36
Transform: AffineTransform_float_3_3
Parameters: 1 0.000544376 -0.000742533 -0.000544638 1 0.000396404 0.000741833 -0.000395596 0.999999 -0.0822888 0.15711 0.288826
FixedParameters: 0 0 0

#Transform 37
Transform: AffineTransform_float_3_3
Parameters: 1 0.000429379 6.31956e-05 -0.000429398 1 0.000149973 -6.30668e-05 -0.000150027 1 -0.0776683 0.16752 0.312564
FixedParameters: 0 0 0

#Transform 38
Transform: AffineTransform_float_3_3
Parameters: 0.999999 0.000510179 -0.000500697 -0.000510215 1 0.000951257 0.000501527 -0.000950745 1 -0.0283604 0.128217 0.394599
FixedParameters: 0 0 0

#Transform 39
Transform: AffineTransform_float_3_3
Parameters: 1 0.000450604 -8.49501e-05 -0.000450304 1 0.000937178 8.48042e-05 -0.000936822 0.999999 -0.0913334 0.149029 0.371627
FixedParameters: 0 0 0

#Transform 40
Transform: AffineTransform_float_3_3
Parameters: 1 0.000953753 -0.000442712 -0.000953134 0.999999 0.00149758 0.000443447 -0.00149742 0.999998 -0.0566743 0.135457 0.336333
FixedParameters: 0 0 0

#Transform 41
Transform: AffineTransform_float_3_3
Parameters: 0.999999 -0.000310249 -0.000669386 0.000312425 0.999997 0.00247179 0.000668696 -0.00247221 0.999996 -0.0920926 0.123099 0.229919
FixedParameters: 0 0 0

#Transform 42
Transform: AffineTransform_float_3_3
Parameters: 0.999999 0.000849356 -0.000145665 -0.000849669 0.999998 0.00135712 0.000145849 -0.00135688 0.999999 -0.134559 0.0953326 0.0454643
FixedParameters: 0 0 0

#Transform 43
Transform: AffineTransform_float_3_3
Parameters: 1 0.000829755 -0.000596561 -0.000828068 0.999997 0.00200551 0.000597765 -0.00200548 0.999997 -0.0986549 0.0966019 0.144715
FixedParameters: 0 0 0

#Transform 44
Transform: AffineTransform_float_3_3
Parameters: 0.999999 0.000877735 -0.00093139 -0.000875477 0.999999 0.00166684 0.000933181 -0.00166616 0.999998 -0.0803274 0.101742 0.073545
FixedParameters: 0 0 0

#Transform 45
Transform: AffineTransform_float_3_3
Parameters: 0.999999 0.00106026 -0.00102282 -0.00105843 0.999997 0.0022031 0.00102508 -0.0022019 0.999997 -0.0684693 0.0745208 0.149693
FixedParameters: 0 0 0

#Transform 46
Transform: AffineTransform_float_3_3
Parameters: 0.999999 0.00132287 -0.00115439 -0.00132106 0.999998 0.00151655 0.00115613 -0.00151445 0.999998 -0.0567948 0.113593 0.142057
FixedParameters: 0 0 0

#Transform 47
Transform: AffineTransform_float_3_3
Parameters: 0.999997 0.00165419 -0.00133956 -0.00165168 0.999997 0.00188626 0.0013424 -0.00188374 0.999997 -0.0656016 0.113063 0.11631
FixedParameters: 0 0 0

#Transform 48
Transform: AffineTransform_float_3_3
Parameters: 0.999998 0.00109148 -0.00181144 -0.00108804 0.999997 0.00223588 0.00181363 -0.00223412 0.999995 -0.0946407 0.0978634 0.148654
FixedParameters: 0 0 0

#Transform 49
Transform: AffineTransform_float_3_3
Parameters: 0.999997 0.00138234 -0.00176945 -0.00137832 0.999997 0.00217536 0.00177291 -0.00217363 0.999996 -0.0863135 0.0819694 0.160738
FixedParameters: 0 0 0

#Transform 50
Transform: AffineTransform_float_3_3
Parameters: 0.999999 0.000523604 -0.000532547 -0.000522071 0.999998 0.00223428 0.000533753 -0.00223372 0.999998 -0.0792345 0.103216 0.0857604
FixedParameters: 0 0 0

#Transform 51
Transform: AffineTransform_float_3_3
Parameters: 1 0.000594403 -0.00102033 -0.00059119 0.999997 0.00247447 0.00102199 -0.00247353 0.999997 -0.0830461 0.0738823 0.150114
FixedParameters: 0 0 0

#Transform 52
Transform: AffineTransform_float_3_3
Parameters: 0.999999 0.000850119 -0.00107842 -0.000846936 0.999997 0.00226194 0.00108 -0.00226106 0.999997 -0.0701941 0.11216 0.143242
FixedParameters: 0 0 0

#Transform 53
Transform: AffineTransform_float_3_3
Parameters: 0.999999 0.000537876 -0.00112374 -0.000535604 0.999998 0.0018296 0.00112443 -0.0018284 0.999997 -0.0814515 0.107241 0.114789
FixedParameters: 0 0 0

#Transform 54
Transform: AffineTransform_float_3_3
Parameters: 0.999999 0.000725131 -0.00109664 -0.000722578 0.999998 0.00200167 0.00109827 -0.00200133 0.999998 -0.0918493 0.0861249 0.108706
FixedParameters: 0 0 0

#Transform 55
Transform: AffineTransform_float_3_3
Parameters: 0.999999 0.000725674 -0.00109628 -0.000723024 0.999996 0.00249667 0.00109849 -0.00249632 0.999996 -0.0462417 0.103828 0.185427
FixedParameters: 0 0 0

#Transform 56
Transform: AffineTransform_float_3_3
Parameters: 0.999997 0.00157961 -0.00199875 -0.00157382 0.999995 0.00282807 0.00200385 -0.00282492 0.999994 -0.0122078 0.117135 0.0565726
FixedParameters: 0 0 0

#Transform 57
Transform: AffineTransform_float_3_3
Parameters: 0.999996 0.00137934 -0.00223398 -0.0013732 0.999995 0.00282772 0.0022378 -0.00282528 0.999994 -0.0202947 0.0909581 0.10871
FixedParameters: 0 0 0

#Transform 58
Transform: AffineTransform_float_3_3
Parameters: 0.999998 0.00132086 -0.00184212 -0.00131698 0.999997 0.00205233 0.00184499 -0.00204967 0.999996 -0.0498651 0.140053 0.0867556
FixedParameters: 0 0 0

#Transform 59
Transform: AffineTransform_float_3_3
Parameters: 0.999998 0.000904973 -0.00186581 -0.000901136 0.999997 0.00205143 0.00186796 -0.00204957 0.999996 -0.0583499 0.105056 0.109074
FixedParameters: 0 0 0

#Transform 60
Transform: AffineTransform_float_3_3
Parameters: 0.999997 0.00071917 -0.00203887 -0.000712982 0.999996 0.0026962 0.00204104 -0.0026948 0.999994 -0.0634623 0.0957945 0.113917
FixedParameters: 0 0 0

#Transform 61
Transform: AffineTransform_float_3_3
Parameters: 0.999998 0.00119733 -0.00165347 -0.00119279 0.999996 0.00244074 0.00165577 -0.00243926 0.999996 -0.0560308 0.123681 0.12195
FixedParameters: 0 0 0

#Transform 62
Transform: AffineTransform_float_3_3
Parameters: 1 0.000545938 -0.000851912 -0.000544091 0.999998 0.00158232 0.000852506 -0.00158167 0.999999 -0.122918 0.202397 0.14999
FixedParameters: 0 0 0

#Transform 63
Transform: AffineTransform_float_3_3
Parameters: 0.999999 -0.000130687 -0.00126245 0.000155754 0.999797 0.0201377 0.00126009 -0.0201383 0.999797 -0.137238 0.239271 -0.0913137
FixedParameters: 0 0 0

#Transform 64
Transform: AffineTransform_float_3_3
Parameters: 0.999955 0.00554404 -0.00772076 -0.0052038 0.999042 0.0434299 0.00795424 -0.043388 0.999027 -0.0785178 0.221481 -0.614909
FixedParameters: 0 0 0

#Transform 65
Transform: AffineTransform_float_3_3
Parameters: 0.999867 -0.00109206 -0.0162772 0.00197022 0.998535 0.0540724 0.0161943 -0.0540977 0.998405 0.0171697 0.0230836 -0.932274
FixedParameters: 0 0 0

#Transform 66
Transform: AffineTransform_float_3_3
Parameters: 0.999974 6.11326e-05 -0.00729509 0.000238643 0.999153 0.0411356 0.00729147 -0.0411365 0.999127 -0.146857 0.103017 -0.769349
FixedParameters: 0 0 0

#Transform 67
Transform: AffineTransform_float_3_3
Parameters: 0.99997 -0.000427682 -0.0077246 0.000692417 0.999412 0.0342746 0.00770515 -0.0342783 0.999382 -0.197019 0.261826 -0.415731
FixedParameters: 0 0 0

#Transform 68
Transform: AffineTransform_float_3_3
Parameters: 0.999973 0.00118291 -0.00735315 -0.000949207 0.999497 0.0316929 0.00738649 -0.031685 0.999471 -0.142562 0.245709 -0.637404
FixedParameters: 0 0 0

#Transform 69
Transform: AffineTransform_float_3_3
Parameters: 0.999981 0.00135587 -0.00598937 -0.00119231 0.999626 0.0273282 0.00602445 -0.0273208 0.999608 -0.13897 0.222318 -0.449241
FixedParameters: 0 0 0

#Transform 70
Transform: AffineTransform_float_3_3
Parameters: 0.999983 -0.000276247 -0.00571596 0.00043446 0.999617 0.0276748 0.00570613 -0.0276763 0.999601 -0.146759 0.114613 -0.188963
FixedParameters: 0 0 0

#Transform 71
Transform: AffineTransform_float_3_3
Parameters: 0.999993 0.000135922 -0.0039159 -3.56117e-05 0.999671 0.0256532 0.00391809 -0.0256538 0.999663 -0.202704 0.18233 -0.164239
FixedParameters: 0 0 0

#Transform 72
Transform: AffineTransform_float_3_3
Parameters: 0.999993 0.000189119 -0.00356325 -0.000105519 0.999725 0.0234225 0.00356737 -0.0234225 0.99972 -0.190587 0.200791 -0.0334228
FixedParameters: 0 0 0

#Transform 73
Transform: AffineTransform_float_3_3
Parameters: 0.999994 0.000415963 -0.00323717 -0.000352945 0.999809 0.0195194 0.00324415 -0.0195186 0.999804 -0.187609 0.199514 -0.0699927
FixedParameters: 0 0 0

#Transform 74
Transform: AffineTransform_float_3_3
Parameters: 0.999993 0.000455119 -0.00387763 -0.00036911 0.999756 0.0220955 0.0038867 -0.0220945 0.999749 -0.135494 0.157101 -0.0528168
FixedParameters: 0 0 0

#Transform 75
Transform: AffineTransform_float_3_3
Parameters: 0.999994 0.000830593 -0.00356739 -0.000751971 0.999756 0.0220849 0.00358499 -0.0220821 0.99975 -0.129368 0.175568 -0.15059
FixedParameters: 0 0 0

#Transform 76
Transform: AffineTransform_float_3_3
Parameters: 0.999993 0.00118451 -0.0034943 -0.0011096 0.999773 0.0212872 0.00351942 -0.0212828 0.999767 -0.109912 0.137249 -0.0436013
FixedParameters: 0 0 0

#Transform 77
Transform: AffineTransform_float_3_3
Parameters: 0.99999 0.00174158 -0.00409625 -0.00165089 0.999755 0.0220368 0.00413386 -0.0220302 0.999749 -0.0865546 0.149694 0.0328039
FixedParameters: 0 0 0

#Transform 78
Transform: AffineTransform_float_3_3
Parameters: 0.999991 0.0015743 -0.00411851 -0.00148638 0.999775 0.0211872 0.00415073 -0.0211809 0.999767 -0.099477 0.164405 -0.0521572
FixedParameters: 0 0 0

#Transform 79
Transform: AffineTransform_float_3_3
Parameters: 0.999991 0.00174236 -0.0037341 -0.00165924 0.999752 0.0222105 0.0037725 -0.0222035 0.999746 -0.0961638 0.136631 -0.00145059
FixedParameters: 0 0 0

#Transform 80
Transform: AffineTransform_float_3_3
Parameters: 0.99999 0.00137746 -0.0040757 -0.00128389 0.99974 0.0227592 0.00410592 -0.0227537 0.999733 -0.129831 0.177717 -0.0765755
FixedParameters: 0 0 0

#Transform 81
Transform: AffineTransform_float_3_3
Parameters: 0.999996 0.00136837 -0.00274167 -0.00131572 0.999818 0.0190052 0.0027681 -0.0190008 0.999816 -0.116769 0.167448 -0.0284295
FixedParameters: 0 0 0

#Transform 82
Transform: AffineTransform_float_3_3
Parameters: 0.999998 0.000483958 -0.00157399 -0.000462043 0.999897 0.0143416 0.0015812 -0.0143414 0.999896 -0.127762 0.159051 0.115717
FixedParameters: 0 0 0

#Transform 83
Transform: AffineTransform_float_3_3
Parameters: 1 0.000502448 -0.000460717 -0.000496348 0.9999 0.0141883 0.000467822 -0.0141888 0.999899 -0.165895 0.183217 0.0170287
FixedParameters: 0 0 0

#Transform 84
Transform: AffineTransform_float_3_3
Parameters: 1 2.59325e-05 -0.000410036 -1.90432e-05 0.999858 0.016855 0.000409808 -0.016855 0.999858 -0.213549 0.171549 0.00910344
FixedParameters: 0 0 0

#Transform 85
Transform: AffineTransform_float_3_3
Parameters: 0.999998 0.000701272 -0.00145564 -0.000676332 0.999856 0.0169519 0.00146741 -0.0169511 0.999855 -0.139568 0.163804 0.0439127
FixedParameters: 0 0 0

#Transform 86
Transform: AffineTransform_float_3_3
Parameters: 0.999998 0.000772664 -0.00181571 -0.000744845 0.999883 0.0152441 0.00182782 -0.0152429 0.999882 -0.123294 0.172221 0.0363166
FixedParameters: 0 0 0

#Transform 87
Transform: AffineTransform_float_3_3
Parameters: 1 0.00031403 -0.000595548 -0.000305487 0.9999 0.0141372 0.000599079 -0.0141368 0.9999 -0.144541 0.170534 0.0898852
FixedParameters: 0 0 0

#Transform 88
Transform: AffineTransform_float_3_3
Parameters: 1 5.36937e-05 -0.000250817 -5.19739e-05 0.999975 0.00710201 0.000250295 -0.00710198 0.999974 -0.109984 0.202649 0.158067
FixedParameters: 0 0 0

#Transform 89
Transform: AffineTransform_float_3_3
Parameters: 0.999999 0.000959035 -0.00084887 -0.000951515 0.999958 0.00904881 0.000857959 -0.00904718 0.999958 -0.0772647 0.20889 0.297948
FixedParameters: 0 0 0

#Transform 90
Transform: AffineTransform_float_3_3
Parameters: 0.999995 0.00129757 -0.00313281 -0.00127612 0.999976 0.0067564 0.00314115 -0.0067526 0.999972 -0.0457261 0.202301 0.282525
FixedParameters: 0 0 0

#Transform 91
Transform: AffineTransform_float_3_3
Parameters: 0.999998 0.000330141 -0.00190107 -0.000316416 0.999973 0.00725033 0.00190379 -0.00724966 0.999972 -0.180589 0.280451 0.214859
FixedParameters: 0 0 0

#Transform 92
Transform: AffineTransform_float_3_3
Parameters: 0.999999 -0.000213581 -0.000967348 0.000218343 0.99999 0.00458479 0.000965794 -0.00458521 0.999989 -0.161875 0.279047 0.129935
FixedParameters: 0 0 0

#Transform 93
Transform: AffineTransform_float_3_3
Parameters: 0.999999 0.000247366 -0.000699255 -0.000242773 0.999982 0.00600917 0.000700647 -0.00600883 0.999981 -0.151119 0.257018 0.163704
FixedParameters: 0 0 0

#Transform 94
Transform: AffineTransform_float_3_3
Parameters: 1 0.00068645 -0.000833906 -0.000680785 0.999978 0.00660359 0.000838129 -0.00660341 0.999978 -0.147574 0.231684 0.253333
FixedParameters: 0 0 0

#Transform 95
Transform: AffineTransform_float_3_3
Parameters: 0.999999 0.000943399 -4.15546e-05 -0.000942974 0.999979 0.00639718 4.75408e-05 -0.00639682 0.999979 -0.17799 0.303305 0.245259
FixedParameters: 0 0 0

#Transform 96
Transform: AffineTransform_float_3_3
Parameters: 1 0.000172545 -0.000453564 -0.000169786 0.999981 0.00615608 0.000454258 -0.00615592 0.999981 -0.194682 0.294507 0.271972
FixedParameters: 0 0 0

#Transform 97
Transform: AffineTransform_float_3_3
Parameters: 1 5.56741e-05 0.000283361 -5.77555e-05 0.999974 0.00718097 -0.000282265 -0.00718004 0.999974 -0.227258 0.232555 0.240913
FixedParameters: 0 0 0

#Transform 98
Transform: AffineTransform_float_3_3
Parameters: 0.999999 -0.000633501 0.000576203 0.000630055 0.999981 0.00603825 -0.000580299 -0.00603876 0.999982 -0.176018 0.289115 0.311559
FixedParameters: 0 0 0

#Transform 99
Transform: AffineTransform_float_3_3
Parameters: 0.999999 -0.000559102 0.00125092 0.000553844 0.999988 0.00475458 -0.00125325 -0.00475442 0.999988 -0.198294 0.287672 0.220161
FixedParameters: 0 0 0

#Transform 100
Transform: AffineTransform_float_3_3
Parameters: 1 -0.000129 0.000405442 0.000126968 0.999981 0.00616105 -0.000406596 -0.00616095 0.999981 -0.175818 0.257571 0.217306
FixedParameters: 0 0 0

#Transform 101
Transform: AffineTransform_float_3_3
Parameters: 1 -9.39642e-06 0.000563798 4.58031e-06 0.999976 0.006907 -0.000563472 -0.006907 0.999976 -0.165975 0.260368 0.167395
FixedParameters: 0 0 0

#Transform 102
Transform: AffineTransform_float_3_3
Parameters: 1 0.000247998 7.94351e-05 -0.000248893 0.999978 0.00661598 -7.71376e-05 -0.00661602 0.999978 -0.158527 0.219094 0.202984
FixedParameters: 0 0 0

#Transform 103
Transform: AffineTransform_float_3_3
Parameters: 1 0.000325909 -0.000152919 -0.000324894 0.999985 0.00560807 0.000154448 -0.00560893 0.999984 -0.166316 0.286097 0.191066
FixedParameters: 0 0 0

#Transform 104
Transform: AffineTransform_float_3_3
Parameters: 0.999999 0.000865839 -0.000434135 -0.000857901 0.999838 0.0179474 0.000449804 -0.0179466 0.999839 -0.197376 0.312825 0.0640132
FixedParameters: 0 0 0

#Transform 105
Transform: AffineTransform_float_3_3
Parameters: 0.999998 0.00110629 -0.00120425 -0.0010856 0.999849 0.0173804 0.00122313 -0.0173787 0.999848 -0.181599 0.310501 0.070336
FixedParameters: 0 0 0

#Transform 106
Transform: AffineTransform_float_3_3
Parameters: 1 0.000260535 -4.10325e-05 -0.000259714 0.999893 0.014576 4.4515e-05 -0.014576 0.999894 -0.201393 0.31555 0.0988329
FixedParameters: 0 0 0

#Transform 107
Transform: AffineTransform_float_3_3
Parameters: 0.999999 0.000596183 -0.000645062 -0.000588396 0.999917 0.0128764 0.000651976 -0.0128756 0.999917 -0.169914 0.237607 0.180866
FixedParameters: 0 0 0

#Transform 108
Transform: AffineTransform_float_3_3
Parameters: 0.999999 0.000424546 -0.00072536 -0.000415013 0.999916 0.0129573 0.00073087 -0.0129567 0.999916 -0.163605 0.244143 0.145333
FixedParameters: 0 0 0

#Transform 109
Transform: AffineTransform_float_3_3
Parameters: 0.999999 0.000533836 -0.00142625 -0.000516414 0.999931 0.0117856 0.00143228 -0.0117844 0.99993 -0.160546 0.254953 0.183712
FixedParameters: 0 0 0

#Transform 110
Transform: AffineTransform_float_3_3
Parameters: 0.999999 0.000508182 -0.00132683 -0.000491673 0.999924 0.0123717 0.00133383 -0.0123703 0.999922 -0.163316 0.264638 0.222126
FixedParameters: 0 0 0

#Transform 111
Transform: AffineTransform_float_3_3
Parameters: 1 0.000687927 -0.000745337 -0.000679819 0.999941 0.0107944 0.000752894 -0.0107946 0.999942 -0.145504 0.254566 0.150556
FixedParameters: 0 0 0

#Transform 112
Transform: AffineTransform_float_3_3
Parameters: 0.999999 2.02977e-05 -0.000856847 -1.1473e-05 0.99994 0.011009 0.000856778 -0.011009 0.999939 -0.183096 0.270576 0.183644
FixedParameters: 0 0 0

#Transform 113
Transform: AffineTransform_float_3_3
Parameters: 0.999998 -0.000770038 -0.00181237 0.000791035 0.999933 0.0114754 0.00180366 -0.0114766 0.999932 -0.200889 0.260595 0.185715
FixedParameters: 0 0 0

#Transform 114
Transform: AffineTransform_float_3_3
Parameters: 1 6.45835e-05 -0.000119704 -6.34235e-05 0.999965 0.008394 0.000119647 -0.00839399 0.999965 -0.185236 0.249584 0.182141
FixedParameters: 0 0 0

#Transform 115
Transform: AffineTransform_float_3_3
Parameters: 1 1.47369e-05 -0.000426684 -1.07012e-05 0.999944 0.0105349 0.000426247 -0.0105351 0.999945 -0.185731 0.227382 0.261629
FixedParameters: 0 0 0

#Transform 116
Transform: AffineTransform_float_3_3
Parameters: 1 0.000377731 -0.000976157 -0.000367377 0.999948 0.0102072 0.000980373 -0.0102078 0.999948 -0.151838 0.262094 0.255469
FixedParameters: 0 0 0

#Transform 117
Transform: AffineTransform_float_3_3
Parameters: 0.999999 0.000252902 -0.000761899 -0.000247069 0.999971 0.00762419 0.000763875 -0.00762381 0.99997 -0.136676 0.280491 0.242816
FixedParameters: 0 0 0

#Transform 118
Transform: AffineTransform_float_3_3
Parameters: 0.999996 8.04474e-05 -0.00257333 -4.61089e-05 0.999912 0.0133187 0.00257419 -0.0133193 0.999908 -0.172645 0.232096 0.42142
FixedParameters: 0 0 0

#Transform 119
Transform: AffineTransform_float_3_3
Parameters: 0.999993 -0.00149024 -0.00348094 0.00153798 0.999905 0.0136982 0.00345998 -0.0137038 0.9999 -0.15414 0.233743 0.614783
FixedParameters: 0 0 0

#Transform 120
Transform: AffineTransform_float_3_3
Parameters: 0.999996 -0.00248734 -0.000780405 0.00248882 0.999996 0.00122346 0.000777281 -0.00122554 0.999999 -0.0958185 0.33016 0.490142
FixedParameters: 0 0 0

#Transform 121
Transform: AffineTransform_float_3_3
Parameters: 0.999996 -0.00303207 0.000394429 0.00303223 0.999995 -0.000921191 -0.000391951 0.000921811 1 -0.157337 0.293603 0.417039
FixedParameters: 0 0 0

#Transform 122
Transform: AffineTransform_float_3_3
Parameters: 0.999998 -0.00155742 -0.000325567 0.00155744 0.999996 0.00244163 0.00032178 -0.00244236 0.999997 -0.20848 0.283169 0.406872
FixedParameters: 0 0 0

#Transform 123
Transform: AffineTransform_float_3_3
Parameters: 0.999999 -0.00129273 -0.000598102 0.00129393 0.999997 0.00218937 0.000595266 -0.00219063 0.999997 -0.18257 0.312709 0.402592
FixedParameters: 0 0 0

#Transform 124
Transform: AffineTransform_float_3_3
Parameters: 0.999998 -0.00193936 1.44464e-05 0.00193939 0.999993 0.00335834 -2.13922e-05 -0.00335867 0.999995 -0.233698 0.302679 0.401426
FixedParameters: 0 0 0

#Transform 125
Transform: AffineTransform_float_3_3
Parameters: 0.999996 -0.00286187 0.000906391 0.0028605 0.999994 0.0020021 -0.000912469 -0.0019999 0.999998 -0.25506 0.419905 0.466625
FixedParameters: 0 0 0

#Transform 126
Transform: AffineTransform_float_3_3
Parameters: 0.999994 -0.0028891 0.0014698 0.00288414 0.99999 0.00331563 -0.00148017 -0.00331136 0.999993 -0.245312 0.441075 0.439757
FixedParameters: 0 0 0

#Transform 127
Transform: AffineTransform_float_3_3
Parameters: 0.999994 -0.00166953 0.00280642 0.00165941 0.999993 0.00346534 -0.00281258 -0.00346066 0.999989 -0.18621 0.375126 0.364269
FixedParameters: 0 0 0

#Transform 128
Transform: AffineTransform_float_3_3
Parameters: 0.999998 -0.000866463 0.00212266 0.000861177 0.999997 0.0025776 -0.00212429 -0.00257641 0.999995 -0.173871 0.355064 0.394991
FixedParameters: 0 0 0

#Transform 129
Transform: AffineTransform_float_3_3
Parameters: 0.999997 -0.00152923 0.00186898 0.0015252 0.999997 0.00176064 -0.00187096 -0.00175836 0.999997 -0.220515 0.343055 0.340073
FixedParameters: 0 0 0

#Transform 130
Transform: AffineTransform_float_3_3
Parameters: 0.999998 -0.000823061 0.00142888 0.000819317 0.999997 0.00229906 -0.00143124 -0.00229795 0.999997 -0.177228 0.343445 0.472532
FixedParameters: 0 0 0

#Transform 131
Transform: AffineTransform_float_3_3
Parameters: 0.999999 -0.00140933 0.00103649 0.00140725 0.999997 0.00182148 -0.00103936 -0.00181952 0.999997 -0.207249 0.4013 0.484248
FixedParameters: 0 0 0

#Transform 132
Transform: AffineTransform_float_3_3
Parameters: 0.999997 -0.00170999 0.00160985 0.00170633 0.999997 0.00223281 -0.00161394 -0.00223019 0.999996 -0.228764 0.34873 0.455973
FixedParameters: 0 0 0

#Transform 133
Transform: AffineTransform_float_3_3
Parameters: 0.999996 -0.00205381 0.00192128 0.00204921 0.999995 0.00255889 -0.00192598 -0.00255512 0.999995 -0.244977 0.322433 0.475896
FixedParameters: 0 0 0

#Transform 134
Transform: AffineTransform_float_3_3
Parameters: 0.999998 -0.00157555 0.00165041 0.00157146 0.999996 0.00230964 -0.00165414 -0.00230636 0.999996 -0.153022 0.320753 0.350772
FixedParameters: 0 0 0

#Transform 135
Transform: AffineTransform_float_3_3
Parameters: 0.999999 -0.00145673 0.00014997 0.00145624 0.999995 0.00300636 -0.000154626 -0.00300564 0.999996 -0.195032 0.302627 0.346619
FixedParameters: 0 0 0

#Transform 136
Transform: AffineTransform_float_3_3
Parameters: 0.999998 -0.00199613 6.97545e-05 0.00199654 0.999991 0.00390945 -7.81519e-05 -0.00390956 0.999993 -0.212777 0.289668 0.400135
FixedParameters: 0 0 0

#Transform 137
Transform: AffineTransform_float_3_3
Parameters: 0.999999 -0.00141938 0.000230993 0.00141884 0.999991 0.00387733 -0.000236765 -0.00387667 0.999993 -0.182832 0.296234 0.471618
FixedParameters: 0 0 0

#Transform 138
Transform: AffineTransform_float_3_3
Parameters: 0.999999 -0.0014163 0.000620131 0.0014143 0.999993 0.00342404 -0.000624449 -0.00342296 0.999994 -0.196021 0.303862 0.423414
FixedParameters: 0 0 0

#Transform 139
Transform: AffineTransform_float_3_3
Parameters: 0.999999 -0.0013464 0.000139416 0.00134654 0.999991 0.00401135 -0.000144987 -0.00401165 0.999992 -0.210373 0.284738 0.471836
FixedParameters: 0 0 0

#Transform 140
Transform: AffineTransform_float_3_3
Parameters: 0.999999 -0.00133797 8.25231e-05 0.00133777 0.999992 0.00364111 -8.81645e-05 -0.00364088 0.999994 -0.194621 0.305743 0.405762
FixedParameters: 0 0 0

#Transform 141
Transform: AffineTransform_float_3_3
Parameters: 0.999999 -0.00131127 -0.000100083 0.00131234 0.999993 0.00329601 9.55364e-05 -0.00329599 0.999994 -0.214309 0.357403 0.321883
FixedParameters: 0 0 0

#Transform 142
Transform: AffineTransform_float_3_3
Parameters: 0.999998 -0.00162384 -0.000334011 0.00162509 0.999995 0.00294674 0.000329386 -0.00294726 0.999995 -0.231812 0.527366 0.21132
FixedParameters: 0 0 0

#Transform 143
Transform: AffineTransform_float_3_3
Parameters: 0.999999 -0.000404389 -0.00149451 0.000396217 0.999985 -0.00556962 0.00149613 0.00556938 0.999983 -0.195772 0.629759 -0.584164
FixedParameters: 0 0 0

#Transform 144
Transform: AffineTransform_float_3_3
Parameters: 0.999999 -0.00122642 -0.000346357 0.00122647 0.999999 7.66949e-05 0.000346169 -7.6305e-05 1 -0.2215 0.347126 0.320449
FixedParameters: 0 0 0

#Transform 145
Transform: AffineTransform_float_3_3
Parameters: 1 -0.000849412 -0.000588765 0.000849677 0.999999 0.0002245 0.000588382 -0.0002255 1 -0.194007 0.409445 0.170372
FixedParameters: 0 0 0

#Transform 146
Transform: AffineTransform_float_3_3
Parameters: 0.999999 -0.00109268 -0.000907568 0.00109351 0.999999 0.000457128 0.000906568 -0.000457871 0.999999 -0.208501 0.384077 0.101869
FixedParameters: 0 0 0

#Transform 147
Transform: AffineTransform_float_3_3
Parameters: 0.999999 -0.00105904 -0.000768381 0.00105956 1 0.000428306 0.000768463 -0.000428695 0.999999 -0.186571 0.383881 0.269427
FixedParameters: 0 0 0

#Transform 148
Transform: AffineTransform_float_3_3
Parameters: 0.999999 -0.00128592 0.00044008 0.00128508 0.999997 0.00175357 -0.000442466 -0.00175243 0.999999 -0.188246 0.363907 0.14568
FixedParameters: 0 0 0

#Transform 149
Transform: AffineTransform_float_3_3
Parameters: 0.999997 -0.00214032 0.000591653 0.0021396 0.999996 0.00180659 -0.000595141 -0.00180541 0.999998 -0.236517 0.356658 0.249035
FixedParameters: 0 0 0

#Transform 150
Transform: AffineTransform_float_3_3
Parameters: 0.999997 -0.00239715 0.000136831 0.00239732 0.999997 -9.62339e-05 -0.000137358 9.67679e-05 1 -0.22268 0.409585 0.22733
FixedParameters: 0 0 0

#Transform 151
Transform: AffineTransform_float_3_3
Parameters: 0.999999 -0.00178454 -0.000257331 0.00178506 0.999996 0.00184068 0.000253729 -0.00184132 0.999999 -0.216053 0.363865 0.104924
FixedParameters: 0 0 0
