# transform file /out/sourcedata/freesurfer/sub-v2s3x28810_ses-1/mri/transforms/cc_up.lta
# created by oesteban on Fri Mar 13 03:01:30 2026

type      = 0 # LINEAR_VOX_TO_VOX
nxforms   = 1
mean      = 123.0000 93.0000 118.0000
sigma     = 10000.0000
1 4 4
9.990128874778748e-01 -2.548158913850784e-02 3.638864681124687e-02 3.787676334381104e+00 
2.546470426023006e-02 9.996753334999084e-01 9.275417542085052e-04 4.783432388305664e+01 
-3.640046715736389e-02 0.000000000000000e+00 9.993373155593872e-01 1.448264789581299e+01 
0.000000000000000e+00 0.000000000000000e+00 0.000000000000000e+00 1.000000000000000e+00 
src volume info
valid = 1  # volume info valid
filename = /out/sourcedata/freesurfer/sub-v2s3x28810_ses-1/mri/norm.mgz
volume = 256 256 256
voxelsize = 1.000000000000000e+00 1.000000000000000e+00 1.000000000000000e+00
xras   = -1.000000000000000e+00 0.000000000000000e+00 0.000000000000000e+00
yras   = 0.000000000000000e+00 0.000000000000000e+00 -1.000000000000000e+00
zras   = 0.000000000000000e+00 1.000000000000000e+00 0.000000000000000e+00
cras   = -2.318443298339844e+00 4.258718872070312e+01 7.728164672851562e+00
dst volume info
valid = 1  # volume info valid
filename = /out/sourcedata/freesurfer/sub-v2s3x28810_ses-1/mri/norm.mgz
volume = 256 256 256
voxelsize = 1.000000000000000e+00 1.000000000000000e+00 1.000000000000000e+00
xras   = -1.000000000000000e+00 0.000000000000000e+00 0.000000000000000e+00
yras   = 0.000000000000000e+00 0.000000000000000e+00 -1.000000000000000e+00
zras   = 0.000000000000000e+00 1.000000000000000e+00 0.000000000000000e+00
cras   = -2.318443298339844e+00 4.258718872070312e+01 7.728164672851562e+00
