# transform file /out/sourcedata/freesurfer/sub-v2s3x28752_ses-1/mri/transforms/cc_up.lta
# created by oesteban on Fri Mar 13 01:24:15 2026

type      = 0 # LINEAR_VOX_TO_VOX
nxforms   = 1
mean      = 127.0000 106.0000 116.0000
sigma     = 10000.0000
1 4 4
9.982611536979675e-01 -3.422771021723747e-02 -4.798910021781921e-02 1.001523685455322e+01 
3.418822959065437e-02 9.994140267372131e-01 -1.643520197831094e-03 3.590769195556641e+01 
4.801723733544350e-02 0.000000000000000e+00 9.988464117050171e-01 1.505638504028320e+01 
0.000000000000000e+00 0.000000000000000e+00 0.000000000000000e+00 1.000000000000000e+00 
src volume info
valid = 1  # volume info valid
filename = /out/sourcedata/freesurfer/sub-v2s3x28752_ses-1/mri/norm.mgz
volume = 256 256 256
voxelsize = 1.000000000000000e+00 1.000000000000000e+00 1.000000000000000e+00
xras   = -1.000000000000000e+00 0.000000000000000e+00 0.000000000000000e+00
yras   = 0.000000000000000e+00 0.000000000000000e+00 -1.000000000000000e+00
zras   = 0.000000000000000e+00 1.000000000000000e+00 0.000000000000000e+00
cras   = -3.763412475585938e+00 -2.653951263427734e+01 8.798217773437500e-02
dst volume info
valid = 1  # volume info valid
filename = /out/sourcedata/freesurfer/sub-v2s3x28752_ses-1/mri/norm.mgz
volume = 256 256 256
voxelsize = 1.000000000000000e+00 1.000000000000000e+00 1.000000000000000e+00
xras   = -1.000000000000000e+00 0.000000000000000e+00 0.000000000000000e+00
yras   = 0.000000000000000e+00 0.000000000000000e+00 -1.000000000000000e+00
zras   = 0.000000000000000e+00 1.000000000000000e+00 0.000000000000000e+00
cras   = -3.763412475585938e+00 -2.653951263427734e+01 8.798217773437500e-02
