#Insight Transform File V1.0
#Transform 0
Transform: AffineTransform_float_3_3
Parameters: 0.999998 0.000628052 0.00152373 -0.000624227 0.999998 -0.00220788 -0.00152525 0.00220712 0.999997 -0.0666312 -0.149793 -0.12182
FixedParameters: 0 0 0

#Transform 1
Transform: AffineTransform_float_3_3
Parameters: 0.999998 0.000581619 0.00152791 -0.000578982 0.999998 -0.00181381 -0.00152877 0.00181319 0.999997 -0.0471427 -0.146694 -0.128787
FixedParameters: 0 0 0

#Transform 2
Transform: AffineTransform_float_3_3
Parameters: 0.999999 0.000475421 0.00122588 -0.000472994 0.999999 -0.00180159 -0.00122742 0.00180141 0.999997 -0.0559419 -0.126904 -0.157287
FixedParameters: 0 0 0

#Transform 3
Transform: AffineTransform_float_3_3
Parameters: 0.999998 0.000349107 0.00154877 -0.000345301 0.999997 -0.00216638 -0.00154902 0.00216662 0.999997 -0.0647966 -0.100306 -0.138756
FixedParameters: 0 0 0

#Transform 4
Transform: AffineTransform_float_3_3
Parameters: 0.999998 0.000379035 0.00155823 -0.000375176 0.999997 -0.00217043 -0.00155862 0.00217057 0.999997 -0.0587297 -0.109225 -0.161788
FixedParameters: 0 0 0

#Transform 5
Transform: AffineTransform_float_3_3
Parameters: 0.999999 0.000278263 0.00139949 -0.000276709 0.999999 -0.000911304 -0.00139991 0.000910694 0.999998 -0.0478125 -0.139056 -0.157234
FixedParameters: 0 0 0

#Transform 6
Transform: AffineTransform_float_3_3
Parameters: 0.999998 -0.000447109 0.00160449 0.000447831 1 -0.000846193 -0.00160356 0.000846809 0.999999 -0.0849289 -0.132929 -0.107004
FixedParameters: 0 0 0

#Transform 7
Transform: AffineTransform_float_3_3
Parameters: 0.999999 0.000202283 0.00141194 -0.000200232 1 -0.0010792 -0.00141229 0.0010788 0.999999 -0.0614623 -0.114324 -0.110586
FixedParameters: 0 0 0

#Transform 8
Transform: AffineTransform_float_3_3
Parameters: 1 -0.000370269 0.00112142 0.000371825 0.999999 -0.00117558 -0.00112147 0.00117542 0.999998 -0.0488465 -0.118068 -0.0527643
FixedParameters: 0 0 0

#Transform 9
Transform: AffineTransform_float_3_3
Parameters: 1 -0.000273111 0.001113 0.00027375 0.999999 -0.000734612 -0.00111251 0.000735387 0.999999 -0.035342 -0.110779 -0.0284113
FixedParameters: 0 0 0

#Transform 10
Transform: AffineTransform_float_3_3
Parameters: 1 -0.000306845 0.0011159 0.000307697 0.999999 -0.000865567 -0.00111629 0.000865433 0.999999 -0.0471605 -0.0628349 -0.0694354
FixedParameters: 0 0 0

#Transform 11
Transform: AffineTransform_float_3_3
Parameters: 0.999999 -0.000241011 0.000879343 0.000241668 1 -0.00037378 -0.000879163 0.000373219 0.999999 -0.0293912 -0.0851187 -0.0911137
FixedParameters: 0 0 0

#Transform 12
Transform: AffineTransform_float_3_3
Parameters: 0.999999 -0.000621841 0.000613217 0.000620999 1 -0.000125619 -0.000612976 0.000126381 1 -0.0113084 -0.0887887 -0.069707
FixedParameters: 0 0 0

#Transform 13
Transform: AffineTransform_float_3_3
Parameters: 1 -0.000607832 0.000775929 0.000607755 0.999999 -0.000592528 -0.000775124 0.000593471 0.999999 -0.0262592 -0.0421116 -0.0171284
FixedParameters: 0 0 0

#Transform 14
Transform: AffineTransform_float_3_3
Parameters: 0.999999 -0.0003739 0.000708835 0.000373135 1 -0.000221735 -0.000709582 0.000222265 0.999999 -0.0245591 -0.056116 -0.0464798
FixedParameters: 0 0 0

#Transform 15
Transform: AffineTransform_float_3_3
Parameters: 0.999999 6.40482e-05 0.000914839 -6.53572e-05 0.999999 0.000715031 -0.000914747 -0.000715969 1 -0.0146819 -0.0739507 -0.0245335
FixedParameters: 0 0 0

#Transform 16
Transform: AffineTransform_float_3_3
Parameters: 1 -0.000298975 0.000488854 0.000299405 1 -0.000438854 -0.000488592 0.000439146 1 -0.0320506 -0.0127936 -0.0436382
FixedParameters: 0 0 0

#Transform 17
Transform: AffineTransform_float_3_3
Parameters: 1 -0.000208858 0.00051324 0.000208788 1 6.81072e-05 -0.000513268 -6.78928e-05 1 -0.00506259 -0.0523366 -0.0547114
FixedParameters: 0 0 0

#Transform 18
Transform: AffineTransform_float_3_3
Parameters: 1 -0.000538707 0.000386207 0.000538461 1 0.000318208 -0.000386549 -0.000317792 1 -0.0111071 -0.0612569 0.0147377
FixedParameters: 0 0 0

#Transform 19
Transform: AffineTransform_float_3_3
Parameters: 1 -0.000292909 0.000520062 0.000292148 0.999999 0.000731152 -0.00052049 -0.000730847 0.999999 -0.0151939 -0.0692477 -0.0316353
FixedParameters: 0 0 0

#Transform 20
Transform: AffineTransform_float_3_3
Parameters: 1 -0.000662716 0.000126844 0.000662715 1 5.08406e-06 -0.00012685 -4.91593e-06 1 -0.0200025 -0.0167092 -0.0477286
FixedParameters: 0 0 0

#Transform 21
Transform: AffineTransform_float_3_3
Parameters: 1 3.89643e-05 0.000106126 -3.90505e-05 1 0.000405996 -0.000106095 -0.000406004 1 0.0276132 -0.0670674 0.0303494
FixedParameters: 0 0 0

#Transform 22
Transform: AffineTransform_float_3_3
Parameters: 1 -0.000243479 0.000124671 0.00024336 1 0.00047703 -0.000124903 -0.000476969 1 0.0172597 -0.0185922 0.0336466
FixedParameters: 0 0 0

#Transform 23
Transform: AffineTransform_float_3_3
Parameters: 1 -0.000321579 -0.000242792 0.000321297 1 -0.000580078 0.000243165 0.000579922 1 0.0239923 0.0436945 0.0174722
FixedParameters: 0 0 0

#Transform 24
Transform: AffineTransform_float_3_3
Parameters: 1 -0.0004557 -0.000193758 0.000454943 1 0.000401912 0.000194472 -0.000402089 1 0.0258591 -0.0338023 0.00374647
FixedParameters: 0 0 0

#Transform 25
Transform: AffineTransform_float_3_3
Parameters: 1 -0.000431117 -0.00041661 0.000431608 1 0.000488813 0.000417185 -0.000488187 1 0.0246926 0.000116221 0.0046006
FixedParameters: 0 0 0

#Transform 26
Transform: AffineTransform_float_3_3
Parameters: 1 -0.000344353 1.0847e-05 0.000344331 0.999995 -0.00296799 -9.79946e-06 0.002968 0.999995 0.0559037 0.0183026 0.114663
FixedParameters: 0 0 0

#Transform 27
Transform: AffineTransform_float_3_3
Parameters: 1 -0.000240394 -0.000143651 0.000239355 0.999995 -0.00332104 0.000144248 0.00332097 0.999995 0.054588 0.0933434 0.155848
FixedParameters: 0 0 0

#Transform 28
Transform: AffineTransform_float_3_3
Parameters: 1 -0.000680513 -8.03983e-05 0.000679863 0.999996 -0.00296814 8.24429e-05 0.00296786 0.999995 0.0466668 0.00442032 0.198867
FixedParameters: 0 0 0

#Transform 29
Transform: AffineTransform_float_3_3
Parameters: 1 -0.000497455 -0.000341151 0.000496232 0.999995 -0.00312117 0.000343172 0.00312083 0.999995 0.0596686 0.0867946 0.226102
FixedParameters: 0 0 0

#Transform 30
Transform: AffineTransform_float_3_3
Parameters: 0.999999 -0.000722485 -0.000568013 0.000720729 0.999997 -0.00234541 0.000570317 0.00234459 0.999997 0.0577032 0.0607287 0.253607
FixedParameters: 0 0 0

#Transform 31
Transform: AffineTransform_float_3_3
Parameters: 0.999999 -0.000376137 -0.000914318 0.000375445 0.999999 -0.00146735 0.000915254 0.00146765 0.999998 0.0644448 0.116818 0.262931
FixedParameters: 0 0 0

#Transform 32
Transform: AffineTransform_float_3_3
Parameters: 1 -0.000631797 -0.000805165 0.000630312 0.999998 -0.00148843 0.000805964 0.00148857 0.999999 0.0507218 0.145304 0.242522
FixedParameters: 0 0 0

#Transform 33
Transform: AffineTransform_float_3_3
Parameters: 1 -0.000485776 -0.000459399 0.00048454 0.999999 -0.00134422 0.000460703 0.00134378 0.999999 0.0469074 0.0901373 0.247809
FixedParameters: 0 0 0

#Transform 34
Transform: AffineTransform_float_3_3
Parameters: 1 -0.000735516 -0.000734639 0.00073446 0.999999 -0.000662457 0.000734615 0.000661543 1 0.039808 0.124144 0.249442
FixedParameters: 0 0 0

#Transform 35
Transform: AffineTransform_float_3_3
Parameters: 0.999999 -0.000558389 -0.000700167 0.000556611 0.999999 -0.00121039 0.00070052 0.00120961 0.999999 0.0428495 0.134569 0.230881
FixedParameters: 0 0 0

#Transform 36
Transform: AffineTransform_float_3_3
Parameters: 0.999999 -0.000357091 -0.000816818 0.000356929 0.999999 -0.000658209 0.000816207 0.000657792 1 0.0363519 0.113634 0.288018
FixedParameters: 0 0 0

#Transform 37
Transform: AffineTransform_float_3_3
Parameters: 0.999999 -0.000318011 -0.000772003 0.000317316 1 -0.000450252 0.000772289 0.000450747 0.999999 0.0366624 0.132566 0.271986
FixedParameters: 0 0 0

#Transform 38
Transform: AffineTransform_float_3_3
Parameters: 0.999999 -9.88551e-05 -0.000823596 9.8547e-05 0.999999 -0.000791998 0.000823668 0.000792002 1 0.0362881 0.137649 0.26348
FixedParameters: 0 0 0

#Transform 39
Transform: AffineTransform_float_3_3
Parameters: 0.999999 -0.00043007 -0.000805779 0.000429682 1 -0.000241346 0.000805986 0.000240653 0.999999 0.0399678 0.1313 0.274558
FixedParameters: 0 0 0

#Transform 40
Transform: AffineTransform_float_3_3
Parameters: 0.999999 -0.000755327 -0.000975166 0.000754944 0.999999 -0.00015366 0.000974402 0.00015334 1 0.0266855 0.151045 0.308584
FixedParameters: 0 0 0

#Transform 41
Transform: AffineTransform_float_3_3
Parameters: 0.999999 -0.000754995 -0.000975422 0.000754362 0.999999 0.000185348 0.000975225 -0.000186653 1 0.0107878 0.172781 0.275984
FixedParameters: 0 0 0

#Transform 42
Transform: AffineTransform_float_3_3
Parameters: 1 -0.00046425 -0.00099967 0.000464148 1 -5.13807e-05 0.000999717 5.06192e-05 1 0.019682 0.136849 0.310736
FixedParameters: 0 0 0

#Transform 43
Transform: AffineTransform_float_3_3
Parameters: 0.999999 -0.000358042 -0.000876283 0.000357954 1 0.00051877 0.000875995 -0.000519231 1 0.0201544 0.168135 0.303312
FixedParameters: 0 0 0

#Transform 44
Transform: AffineTransform_float_3_3
Parameters: 0.999999 -0.000449507 -0.000884522 0.000449531 1 1.35954e-05 0.00088451 -1.34046e-05 0.999999 0.0171115 0.198736 0.301927
FixedParameters: 0 0 0

#Transform 45
Transform: AffineTransform_float_3_3
Parameters: 0.999999 -0.000559594 -0.000824256 0.00056011 1 0.000312622 0.000823906 -0.000313378 1 0.0117342 0.152406 0.340488
FixedParameters: 0 0 0

#Transform 46
Transform: AffineTransform_float_3_3
Parameters: 1 -0.000413592 -0.00105617 0.000413886 1 0.000138646 0.00105605 -0.000139354 1 0.00626902 0.198324 0.369735
FixedParameters: 0 0 0

#Transform 47
Transform: AffineTransform_float_3_3
Parameters: 1 -0.000540428 -0.000993529 0.000541432 1 0.000505539 0.000992983 -0.000505461 1 0.0176519 0.147469 0.397539
FixedParameters: 0 0 0

#Transform 48
Transform: AffineTransform_float_3_3
Parameters: 1 -0.000355217 -0.00100893 0.00035495 1 0.000361719 0.00100876 -0.000361282 1 0.02764 0.200699 0.403749
FixedParameters: 0 0 0

#Transform 49
Transform: AffineTransform_float_3_3
Parameters: 1 -0.000356134 -0.00106806 0.000356921 1 0.000368695 0.0010678 -0.000368304 1 0.0302794 0.180893 0.379995
FixedParameters: 0 0 0

#Transform 50
Transform: AffineTransform_float_3_3
Parameters: 1 -0.000299563 -0.00101376 0.000300987 0.999999 0.0011937 0.00101313 -0.0011943 0.999999 0.0264607 0.184 0.40275
FixedParameters: 0 0 0

#Transform 51
Transform: AffineTransform_float_3_3
Parameters: 1 -0.0001311 -0.0010879 0.000131704 1 0.00119386 0.00108775 -0.00119414 0.999998 0.0342442 0.227417 0.372436
FixedParameters: 0 0 0

#Transform 52
Transform: AffineTransform_float_3_3
Parameters: 0.999999 -0.000448138 -0.00100144 0.000449368 1 0.00111155 0.00100053 -0.00111245 0.999999 0.0240378 0.210676 0.359019
FixedParameters: 0 0 0

#Transform 53
Transform: AffineTransform_float_3_3
Parameters: 1 -0.000575837 -0.00104209 0.000577413 0.999999 0.0011934 0.00104179 -0.0011946 0.999998 0.0303496 0.184617 0.386443
FixedParameters: 0 0 0

#Transform 54
Transform: AffineTransform_float_3_3
Parameters: 1 -0.0005816 -0.000990439 0.000582968 0.999999 0.00119342 0.000989132 -0.00119458 0.999999 0.0160919 0.232576 0.382389
FixedParameters: 0 0 0

#Transform 55
Transform: AffineTransform_float_3_3
Parameters: 1 -0.000379291 -0.00100717 0.000379702 0.999999 0.00119362 0.00100643 -0.00119438 0.999999 0.0236174 0.223109 0.352719
FixedParameters: 0 0 0

#Transform 56
Transform: AffineTransform_float_3_3
Parameters: 1 -0.000216845 -0.0010206 0.000218286 1 0.00119378 0.00102017 -0.00119422 0.999999 0.0295454 0.202308 0.396498
FixedParameters: 0 0 0

#Transform 57
Transform: AffineTransform_float_3_3
Parameters: 0.999999 -4.59619e-05 -0.00129962 4.86615e-05 0.999999 0.00142202 0.00129957 -0.00142198 0.999998 0.0208186 0.240097 0.401158
FixedParameters: 0 0 0

#Transform 58
Transform: AffineTransform_float_3_3
Parameters: 1 0.000356364 -0.00106752 -0.000353566 0.999998 0.00228238 0.00106831 -0.00228162 0.999997 0.0433505 0.152273 0.393197
FixedParameters: 0 0 0

#Transform 59
Transform: AffineTransform_float_3_3
Parameters: 0.999999 0.000591587 -0.00126022 -0.000587752 0.999997 0.00237783 0.0012612 -0.00237717 0.999997 0.0440144 0.176216 0.452524
FixedParameters: 0 0 0

#Transform 60
Transform: AffineTransform_float_3_3
Parameters: 0.999998 0.000775452 -0.00151502 -0.000771491 0.999997 0.00234826 0.00151691 -0.00234674 0.999996 0.0479546 0.21475 0.391385
FixedParameters: 0 0 0

#Transform 61
Transform: AffineTransform_float_3_3
Parameters: 0.999999 0.000590864 -0.00127686 -0.000586627 0.999995 0.00289384 0.00127852 -0.00289316 0.999995 0.0327409 0.18267 0.344865
FixedParameters: 0 0 0

#Transform 62
Transform: AffineTransform_float_3_3
Parameters: 0.999999 0.000885621 -0.00121746 -0.000881809 0.999996 0.00289409 0.00121983 -0.00289292 0.999995 0.0368705 0.186607 0.36891
FixedParameters: 0 0 0

#Transform 63
Transform: AffineTransform_float_3_3
Parameters: 0.999998 0.0005721 -0.00149846 -0.000568274 0.999997 0.00232995 0.00149937 -0.00232906 0.999996 0.0381265 0.248269 0.412857
FixedParameters: 0 0 0

#Transform 64
Transform: AffineTransform_float_3_3
Parameters: 0.999998 0.0005346 -0.00149523 -0.000530041 0.999997 0.0025798 0.00149624 -0.0025792 0.999995 0.0285328 0.210085 0.374238
FixedParameters: 0 0 0

#Transform 65
Transform: AffineTransform_float_3_3
Parameters: 0.999999 0.000561484 -0.00116817 -0.000557998 0.999996 0.00284174 0.00116961 -0.00284126 0.999996 0.0210995 0.197196 0.357518
FixedParameters: 0 0 0

#Transform 66
Transform: AffineTransform_float_3_3
Parameters: 1 0.000771789 -0.000945758 -0.000769313 0.999996 0.00244873 0.000947706 -0.00244826 0.999996 0.0452589 0.231102 0.402137
FixedParameters: 0 0 0

#Transform 67
Transform: AffineTransform_float_3_3
Parameters: 0.999999 0.000554841 -0.00124799 -0.000551266 0.999996 0.0026957 0.00124923 -0.0026953 0.999995 0.0300583 0.206853 0.367915
FixedParameters: 0 0 0

#Transform 68
Transform: AffineTransform_float_3_3
Parameters: 0.999998 0.00053465 -0.00149522 -0.000529991 0.999997 0.0026128 0.00149626 -0.0026122 0.999995 0.0423172 0.211334 0.39713
FixedParameters: 0 0 0

#Transform 69
Transform: AffineTransform_float_3_3
Parameters: 0.999999 0.000567416 -0.00110016 -0.000563436 0.999995 0.00324063 0.00110209 -0.00324037 0.999994 0.0602951 0.216562 0.398066
FixedParameters: 0 0 0

#Transform 70
Transform: AffineTransform_float_3_3
Parameters: 0.999999 0.000557265 -0.00122384 -0.000552854 0.999995 0.00308968 0.00122553 -0.00308931 0.999994 0.0487789 0.246213 0.381692
FixedParameters: 0 0 0

#Transform 71
Transform: AffineTransform_float_3_3
Parameters: 0.999999 0.000762428 -0.00110598 -0.000758815 0.999995 0.00309585 0.00110795 -0.00309515 0.999994 0.0703297 0.200628 0.389251
FixedParameters: 0 0 0

#Transform 72
Transform: AffineTransform_float_3_3
Parameters: 0.999999 0.000545426 -0.00136747 -0.000540615 0.999995 0.00291183 0.00136889 -0.00291116 0.999995 0.0469657 0.222288 0.406523
FixedParameters: 0 0 0

#Transform 73
Transform: AffineTransform_float_3_3
Parameters: 0.999999 -6.04027e-05 -0.00144686 6.39491e-05 0.999996 0.00260299 0.00144687 -0.002603 0.999995 0.0487234 0.228773 0.395492
FixedParameters: 0 0 0

#Transform 74
Transform: AffineTransform_float_3_3
Parameters: 0.999999 0.000412307 -0.00132951 -0.000408113 0.999995 0.00310564 0.00133139 -0.00310536 0.999995 0.0621456 0.188482 0.36461
FixedParameters: 0 0 0

#Transform 75
Transform: AffineTransform_float_3_3
Parameters: 0.999999 0.000454889 -0.00141548 -0.000451557 0.999997 0.00264365 0.00141621 -0.00264335 0.999995 0.060864 0.232144 0.396323
FixedParameters: 0 0 0

#Transform 76
Transform: AffineTransform_float_3_3
Parameters: 0.999999 0.000104281 -0.00132278 -0.000101195 0.999996 0.00267222 0.00132366 -0.00267277 0.999995 0.0394426 0.22324 0.380542
FixedParameters: 0 0 0

#Transform 77
Transform: AffineTransform_float_3_3
Parameters: 0.999999 -4.38718e-05 -0.00125053 4.75417e-05 0.999996 0.00306094 0.00125058 -0.00306106 0.999994 0.0442795 0.198167 0.386933
FixedParameters: 0 0 0

#Transform 78
Transform: AffineTransform_float_3_3
Parameters: 0.999999 0.000451452 -0.00123226 -0.00044656 0.999994 0.00326464 0.00123345 -0.00326435 0.999994 0.0608084 0.212041 0.410753
FixedParameters: 0 0 0

#Transform 79
Transform: AffineTransform_float_3_3
Parameters: 0.999999 -5.24356e-05 -0.00135918 5.62065e-05 0.999995 0.00322001 0.00135925 -0.00321999 0.999994 0.0535678 0.247793 0.383746
FixedParameters: 0 0 0

#Transform 80
Transform: AffineTransform_float_3_3
Parameters: 1 -3.86931e-05 -0.00118974 4.24346e-05 0.999994 0.00328403 0.00118881 -0.00328396 0.999994 0.0428517 0.231333 0.388247
FixedParameters: 0 0 0

#Transform 81
Transform: AffineTransform_float_3_3
Parameters: 0.999998 2.29827e-06 -0.00192118 6.59797e-06 0.999989 0.00464817 0.00192191 -0.00464883 0.999988 0.0809217 0.246778 0.534333
FixedParameters: 0 0 0

#Transform 82
Transform: AffineTransform_float_3_3
Parameters: 0.999998 -0.000453632 -0.00157349 0.000458545 0.999996 0.00280137 0.00157226 -0.00280263 0.999995 0.02909 0.230965 0.491032
FixedParameters: 0 0 0

#Transform 83
Transform: AffineTransform_float_3_3
Parameters: 0.999998 0.000253749 -0.00209529 -0.00024252 0.999986 0.00533368 0.00209687 -0.00533231 0.999983 0.0374139 0.245024 0.562917
FixedParameters: 0 0 0

#Transform 84
Transform: AffineTransform_float_3_3
Parameters: 0.999999 0.000100553 -0.00179911 -8.91928e-05 0.999979 0.00650135 0.00180035 -0.00650166 0.999978 0.0186651 0.27237 0.486781
FixedParameters: 0 0 0

#Transform 85
Transform: AffineTransform_float_3_3
Parameters: 0.999998 0.00056995 -0.00162067 -0.00055965 0.999977 0.006654 0.00162512 -0.00665299 0.999976 0.0439517 0.254398 0.424845
FixedParameters: 0 0 0

#Transform 86
Transform: AffineTransform_float_3_3
Parameters: 1 0.000344664 -0.00108178 -0.000337679 0.999979 0.00656237 0.00108385 -0.00656163 0.999978 -0.0369108 0.29237 0.40083
FixedParameters: 0 0 0

#Transform 87
Transform: AffineTransform_float_3_3
Parameters: 0.999999 -0.000831787 -0.00165929 0.000845913 0.999962 0.00862777 0.00165205 -0.00862923 0.999962 0.00882372 0.183116 0.389241
FixedParameters: 0 0 0

#Transform 88
Transform: AffineTransform_float_3_3
Parameters: 0.999999 0.000504608 -0.00148562 -0.000493192 0.999971 0.00766275 0.00148921 -0.00766225 0.999969 0.0198883 0.260614 0.483903
FixedParameters: 0 0 0

#Transform 89
Transform: AffineTransform_float_3_3
Parameters: 0.999999 0.00049967 -0.00138283 -0.000488279 0.999969 0.00786277 0.00138645 -0.00786223 0.999968 0.0125428 0.269933 0.454149
FixedParameters: 0 0 0

#Transform 90
Transform: AffineTransform_float_3_3
Parameters: 0.999998 -0.000398245 -0.00157558 0.000411794 0.999963 0.00865445 0.00157273 -0.00865556 0.999962 0.0152567 0.248457 0.472105
FixedParameters: 0 0 0

#Transform 91
Transform: AffineTransform_float_3_3
Parameters: 0.999998 -0.00037204 -0.00199265 0.00038855 0.999965 0.0083574 0.00198971 -0.0083576 0.999963 0.044171 0.293553 0.429391
FixedParameters: 0 0 0

#Transform 92
Transform: AffineTransform_float_3_3
Parameters: 0.999998 -0.000545072 -0.00182002 0.000559711 0.999968 0.00806907 0.00181535 -0.00806993 0.999965 0.0438427 0.284966 0.40961
FixedParameters: 0 0 0

#Transform 93
Transform: AffineTransform_float_3_3
Parameters: 0.999998 -0.000710967 -0.00145774 0.000721358 0.999976 0.00687804 0.00145271 -0.00687996 0.999976 0.035505 0.345411 0.447568
FixedParameters: 0 0 0

#Transform 94
Transform: AffineTransform_float_3_3
Parameters: 1 -0.000274311 -0.0011596 0.000284383 0.999967 0.00814376 0.0011578 -0.00814424 0.999966 0.035839 0.264042 0.44044
FixedParameters: 0 0 0

#Transform 95
Transform: AffineTransform_float_3_3
Parameters: 0.999998 -0.000225867 -0.00157233 0.000237442 0.999975 0.00717172 0.00156993 -0.00717228 0.999973 0.0510757 0.307362 0.478956
FixedParameters: 0 0 0

#Transform 96
Transform: AffineTransform_float_3_3
Parameters: 0.999999 0.000126222 -0.00157522 -0.000114186 0.999973 0.00735127 0.00157591 -0.00735072 0.999971 0.0648997 0.311696 0.459965
FixedParameters: 0 0 0

#Transform 97
Transform: AffineTransform_float_3_3
Parameters: 0.999999 -0.000393401 -0.00144132 0.000404109 0.99997 0.00781351 0.00143809 -0.0078135 0.999969 0.0565933 0.291923 0.475697
FixedParameters: 0 0 0

#Transform 98
Transform: AffineTransform_float_3_3
Parameters: 0.999999 -0.000390808 -0.00142433 0.00040087 0.999973 0.00732852 0.00142145 -0.00732948 0.999972 0.0420274 0.28958 0.426143
FixedParameters: 0 0 0

#Transform 99
Transform: AffineTransform_float_3_3
Parameters: 0.999999 -0.000634988 0.000432476 0.000631718 0.999971 0.00767529 -0.000437467 -0.00767572 0.999971 0.0652554 0.215427 0.305972
FixedParameters: 0 0 0

#Transform 100
Transform: AffineTransform_float_3_3
Parameters: 0.999999 -0.000572807 -0.000856932 0.000579157 0.999971 0.0075985 0.000852749 -0.0075985 0.99997 0.0685064 0.226075 0.364404
FixedParameters: 0 0 0

#Transform 101
Transform: AffineTransform_float_3_3
Parameters: 1 -0.000459602 -0.000985789 0.000466206 0.999973 0.00727662 0.00098271 -0.00727737 0.999973 0.0486256 0.267304 0.348489
FixedParameters: 0 0 0

#Transform 102
Transform: AffineTransform_float_3_3
Parameters: 0.999999 -0.000331057 -0.00124555 0.000340341 0.999968 0.00806758 0.00124304 -0.00806842 0.999966 0.0566954 0.232486 0.334784
FixedParameters: 0 0 0

#Transform 103
Transform: AffineTransform_float_3_3
Parameters: 0.999999 -0.000127091 -0.00087694 0.00013431 0.999963 0.00866889 0.000875343 -0.00866912 0.999962 0.0449293 0.209582 0.344755
FixedParameters: 0 0 0

#Transform 104
Transform: AffineTransform_float_3_3
Parameters: 0.999998 -0.000213806 -0.0015844 0.000226522 0.999965 0.00839273 0.00158287 -0.00839326 0.999963 0.049867 0.248141 0.352566
FixedParameters: 0 0 0

#Transform 105
Transform: AffineTransform_float_3_3
Parameters: 1 2.218e-05 -0.00116798 -1.16502e-05 0.999965 0.00838211 0.00116802 -0.00838289 0.999964 0.0466859 0.248974 0.356019
FixedParameters: 0 0 0

#Transform 106
Transform: AffineTransform_float_3_3
Parameters: 0.999999 3.77356e-05 -0.00130346 -2.65934e-05 0.99996 0.00892614 0.00130305 -0.00892687 0.99996 0.0485693 0.236707 0.357444
FixedParameters: 0 0 0

#Transform 107
Transform: AffineTransform_float_3_3
Parameters: 0.999999 0.000377543 -0.00178131 -0.000361992 0.999963 0.00867175 0.00178399 -0.00867125 0.999961 0.0489142 0.262843 0.363729
FixedParameters: 0 0 0

#Transform 108
Transform: AffineTransform_float_3_3
Parameters: 0.999998 0.000676193 -0.00156143 -0.000663908 0.999966 0.00822714 0.00156756 -0.00822586 0.999965 0.0413689 0.295198 0.353686
FixedParameters: 0 0 0

#Transform 109
Transform: AffineTransform_float_3_3
Parameters: 0.999998 0.000556408 -0.0019052 -0.000539496 0.999964 0.00848322 0.00190977 -0.00848178 0.999962 0.0373335 0.265818 0.351712
FixedParameters: 0 0 0

#Transform 110
Transform: AffineTransform_float_3_3
Parameters: 0.999999 0.000708545 -0.00166559 -0.000694309 0.99996 0.00891827 0.00167238 -0.00891773 0.999959 0.0360062 0.268063 0.3598
FixedParameters: 0 0 0

#Transform 111
Transform: AffineTransform_float_3_3
Parameters: 0.999999 0.000908607 -0.00148502 -0.000895726 0.999959 0.00892744 0.00149325 -0.00892656 0.999959 0.0419507 0.257293 0.344285
FixedParameters: 0 0 0

#Transform 112
Transform: AffineTransform_float_3_3
Parameters: 0.999998 0.000726556 -0.00146288 -0.000712318 0.999954 0.00950114 0.00146967 -0.00949985 0.999954 0.0436705 0.238101 0.324338
FixedParameters: 0 0 0

#Transform 113
Transform: AffineTransform_float_3_3
Parameters: 0.999998 0.000650471 -0.00153423 -0.000635028 0.999952 0.00977908 0.00154 -0.00977792 0.999951 0.0441745 0.257521 0.352307
FixedParameters: 0 0 0

#Transform 114
Transform: AffineTransform_float_3_3
Parameters: 0.999999 0.000402459 -0.00174081 -0.00038685 0.999958 0.00914678 0.00174538 -0.00914622 0.999956 0.036305 0.271361 0.350396
FixedParameters: 0 0 0

#Transform 115
Transform: AffineTransform_float_3_3
Parameters: 0.999999 0.000854899 -0.00151179 -0.000840615 0.999957 0.00923438 0.00151956 -0.00923263 0.999957 0.0594894 0.263091 0.328462
FixedParameters: 0 0 0

#Transform 116
Transform: AffineTransform_float_3_3
Parameters: 0.999998 0.000192323 -0.00166084 -0.000177123 0.999956 0.00944639 0.00166268 -0.00944561 0.999954 0.0682452 0.244954 0.369231
FixedParameters: 0 0 0

#Transform 117
Transform: AffineTransform_float_3_3
Parameters: 0.999999 0.000669862 -0.00168338 -0.000653838 0.999955 0.0093822 0.00168908 -0.00938079 0.999954 0.0495393 0.293555 0.350415
FixedParameters: 0 0 0

#Transform 118
Transform: AffineTransform_float_3_3
Parameters: 0.999998 0.000844968 -0.00146739 -0.000830824 0.999951 0.00980132 0.00147601 -0.00979967 0.999951 0.0472964 0.253137 0.348004
FixedParameters: 0 0 0

#Transform 119
Transform: AffineTransform_float_3_3
Parameters: 0.999997 -7.89315e-05 -0.00212793 0.000101402 0.999946 0.010453 0.00212689 -0.010453 0.999943 0.0239385 0.239349 0.274507
FixedParameters: 0 0 0

#Transform 120
Transform: AffineTransform_float_3_3
Parameters: 0.999999 -0.000993121 -0.000976975 0.00100329 0.999944 0.0104861 0.000965927 -0.0104869 0.999945 0.0622807 0.245212 0.30506
FixedParameters: 0 0 0

#Transform 121
Transform: AffineTransform_float_3_3
Parameters: 0.999999 -0.000766295 -0.00130661 0.000779883 0.999942 0.010729 0.00129825 -0.01073 0.999941 0.0754599 0.20775 0.349097
FixedParameters: 0 0 0

#Transform 122
Transform: AffineTransform_float_3_3
Parameters: 0.999999 -0.00085256 -0.00132813 0.000866793 0.999945 0.0103919 0.0013194 -0.0103931 0.999945 0.0591806 0.25993 0.327922
FixedParameters: 0 0 0

#Transform 123
Transform: AffineTransform_float_3_3
Parameters: 0.999997 -0.00126548 -0.00204622 0.00128745 0.999941 0.0107565 0.00203263 -0.0107594 0.99994 0.0481556 0.258687 0.299061
FixedParameters: 0 0 0

#Transform 124
Transform: AffineTransform_float_3_3
Parameters: 0.999997 -0.00128141 -0.00180368 0.00130097 0.999939 0.0109877 0.00178901 -0.0109902 0.999938 0.0624546 0.219369 0.362706
FixedParameters: 0 0 0

#Transform 125
Transform: AffineTransform_float_3_3
Parameters: 0.999998 -0.00124998 -0.00191447 0.00127183 0.999936 0.0111847 0.00190106 -0.0111873 0.999936 0.0537425 0.263777 0.340593
FixedParameters: 0 0 0

#Transform 126
Transform: AffineTransform_float_3_3
Parameters: 0.999998 -0.00133093 -0.00161554 0.00134832 0.999939 0.0109538 0.00160073 -0.0109562 0.999938 0.0465322 0.251488 0.318613
FixedParameters: 0 0 0

#Transform 127
Transform: AffineTransform_float_3_3
Parameters: 0.999997 -0.00147918 -0.00187092 0.00149966 0.999935 0.0113123 0.00185409 -0.0113157 0.999934 0.075362 0.231561 0.348474
FixedParameters: 0 0 0

#Transform 128
Transform: AffineTransform_float_3_3
Parameters: 0.999998 -0.00144918 -0.00147105 0.0014656 0.999935 0.0113129 0.00145452 -0.0113151 0.999935 0.0942885 0.247101 0.358715
FixedParameters: 0 0 0

#Transform 129
Transform: AffineTransform_float_3_3
Parameters: 0.999997 -0.00152511 -0.001831 0.00154537 0.999939 0.0109533 0.00181407 -0.0109557 0.999938 0.0765233 0.252168 0.326745
FixedParameters: 0 0 0

#Transform 130
Transform: AffineTransform_float_3_3
Parameters: 0.999997 -0.00162075 -0.00146402 0.00163601 0.999939 0.0109176 0.00144691 -0.0109194 0.999939 0.0489223 0.209991 0.341809
FixedParameters: 0 0 0

#Transform 131
Transform: AffineTransform_float_3_3
Parameters: 0.999998 -0.00165698 -0.00116472 0.00166996 0.999938 0.010996 0.00114724 -0.010998 0.999939 0.0361163 0.253895 0.331339
FixedParameters: 0 0 0

#Transform 132
Transform: AffineTransform_float_3_3
Parameters: 0.999997 -0.00174354 -0.00132945 0.00175747 0.999941 0.0107447 0.00131111 -0.0107463 0.999942 0.0411358 0.248451 0.33039
FixedParameters: 0 0 0

#Transform 133
Transform: AffineTransform_float_3_3
Parameters: 0.999997 -0.00176571 -0.00135363 0.00178132 0.999936 0.0111806 0.00133324 -0.0111834 0.999937 0.0408566 0.241877 0.353831
FixedParameters: 0 0 0

#Transform 134
Transform: AffineTransform_float_3_3
Parameters: 0.999997 -0.00187369 -0.00111188 0.00188559 0.999937 0.0110169 0.00109056 -0.0110181 0.999939 0.0276051 0.287288 0.354251
FixedParameters: 0 0 0

#Transform 135
Transform: AffineTransform_float_3_3
Parameters: 0.999997 -0.00192773 -0.00114761 0.00193997 0.99994 0.0107797 0.00112701 -0.0107823 0.999941 0.0300507 0.241555 0.349469
FixedParameters: 0 0 0

#Transform 136
Transform: AffineTransform_float_3_3
Parameters: 0.999998 -0.00178326 -0.000928792 0.00179296 0.999939 0.0109193 0.000909676 -0.0109207 0.99994 0.0294392 0.240697 0.372036
FixedParameters: 0 0 0

#Transform 137
Transform: AffineTransform_float_3_3
Parameters: 0.999997 -0.00202914 -0.00120374 0.00204351 0.999932 0.0114845 0.00118113 -0.0114875 0.999933 -0.00795999 0.257441 0.304845
FixedParameters: 0 0 0

#Transform 138
Transform: AffineTransform_float_3_3
Parameters: 0.999997 -0.00208009 -0.00110216 0.00209366 0.999924 0.0121686 0.00107654 -0.0121714 0.999926 -0.0038373 0.231367 0.355298
FixedParameters: 0 0 0

#Transform 139
Transform: AffineTransform_float_3_3
Parameters: 0.999998 -0.00194885 -0.00117151 0.00196271 0.999925 0.0120577 0.0011476 -0.0120603 0.999927 0.0215729 0.277971 0.336508
FixedParameters: 0 0 0

#Transform 140
Transform: AffineTransform_float_3_3
Parameters: 0.999998 -0.00205404 -0.00111262 0.00206731 0.999926 0.0119486 0.00108754 -0.0119504 0.999928 0.0163788 0.254065 0.294287
FixedParameters: 0 0 0

#Transform 141
Transform: AffineTransform_float_3_3
Parameters: 0.999998 -0.00202031 -0.00110068 0.00203394 0.999928 0.0117837 0.00107699 -0.0117863 0.99993 0.0150875 0.207802 0.25477
FixedParameters: 0 0 0

#Transform 142
Transform: AffineTransform_float_3_3
Parameters: 0.999997 -0.00242321 -0.000371337 0.00242688 0.999952 0.00947687 0.00034771 -0.00947813 0.999955 -0.0684026 0.171492 0.0217583
FixedParameters: 0 0 0

#Transform 143
Transform: AffineTransform_float_3_3
Parameters: 0.999991 -0.00409586 0.000249279 0.00409429 0.999958 0.00828933 -0.000283284 -0.00828767 0.999965 -0.160951 0.0608108 -0.247575
FixedParameters: 0 0 0

#Transform 144
Transform: AffineTransform_float_3_3
Parameters: 0.999992 -0.00398406 -0.000501531 0.00398794 0.999958 0.00835237 0.000468409 -0.00835363 0.999965 -0.135936 0.143964 -0.107588
FixedParameters: 0 0 0

#Transform 145
Transform: AffineTransform_float_3_3
Parameters: 0.999992 -0.00392467 -0.000530104 0.00392793 0.999963 0.00758337 0.000500028 -0.00758562 0.999971 -0.133175 0.168042 -0.0755969
FixedParameters: 0 0 0

#Transform 146
Transform: AffineTransform_float_3_3
Parameters: 0.999991 -0.00404704 -0.000595989 0.00405137 0.999963 0.00758296 0.00056505 -0.00758505 0.999971 -0.135772 0.160977 -0.0658731
FixedParameters: 0 0 0

#Transform 147
Transform: AffineTransform_float_3_3
Parameters: 0.999991 -0.00410461 -0.000171857 0.00410626 0.999937 0.0103957 0.000128765 -0.0103963 0.999946 -0.149147 0.176174 -0.123197
FixedParameters: 0 0 0

#Transform 148
Transform: AffineTransform_float_3_3
Parameters: 0.999991 -0.00406428 8.40411e-06 0.00406327 0.999937 0.0104624 -5.02534e-05 -0.0104616 0.999945 -0.135164 0.137569 -0.0820207
FixedParameters: 0 0 0

#Transform 149
Transform: AffineTransform_float_3_3
Parameters: 0.999991 -0.00406763 -0.000105627 0.00406792 0.999937 0.010455 6.28377e-05 -0.010455 0.999946 -0.143819 0.17238 -0.106124
FixedParameters: 0 0 0

#Transform 150
Transform: AffineTransform_float_3_3
Parameters: 0.999991 -0.00418137 -0.000361725 0.0041851 0.999947 0.00942489 0.00032223 -0.00942612 0.999956 -0.145869 0.165536 -0.0558152
FixedParameters: 0 0 0

#Transform 151
Transform: AffineTransform_float_3_3
Parameters: 0.999991 -0.00403238 -0.000533966 0.0040378 0.999943 0.00985432 0.00049396 -0.00985667 0.999951 -0.137247 0.169703 -0.029888
FixedParameters: 0 0 0
