#Insight Transform File V1.0
#Transform 0
Transform: AffineTransform_float_3_3
Parameters: 1 7.24481e-05 0.000393435 -7.18767e-05 0.999999 -0.000726028 -0.00039354 0.000725971 0.999999 -0.0386639 -0.0494785 -0.00195424
FixedParameters: 0 0 0

#Transform 1
Transform: AffineTransform_float_3_3
Parameters: 1 -5.9383e-05 0.000323596 5.9383e-05 1 1.92161e-08 -0.000323596 1.92161e-08 1 -0.0428366 -0.0361792 0.0162162
FixedParameters: 0 0 0

#Transform 2
Transform: AffineTransform_float_3_3
Parameters: 1 -7.95352e-05 0.000433768 7.96619e-05 1 -0.000145965 -0.000433745 0.000146034 1 -0.0475252 -0.0350993 0.0160954
FixedParameters: 0 0 0

#Transform 3
Transform: AffineTransform_float_3_3
Parameters: 1 -7.9425e-05 0.000433789 7.9772e-05 1 -0.000399965 -0.000433725 0.000400034 1 -0.0286677 -0.0305976 0.00180964
FixedParameters: 0 0 0

#Transform 4
Transform: AffineTransform_float_3_3
Parameters: 1 -5.43299e-05 0.000297073 5.46893e-05 1 -0.000604984 -0.000297007 0.000605016 1 -0.0426713 -0.0133829 -0.039287
FixedParameters: 0 0 0

#Transform 5
Transform: AffineTransform_float_3_3
Parameters: 1 0.000225911 -5.11285e-05 -0.000225942 1 -0.000303988 5.09912e-05 0.000304011 1 -0.0144906 -0.0282194 -0.0375336
FixedParameters: 0 0 0

#Transform 6
Transform: AffineTransform_float_3_3
Parameters: 1 0.000383399 0.000165801 -0.000383298 1 -0.000304064 -0.000166034 0.000303936 1 -0.00970182 -0.0235328 -0.0362685
FixedParameters: 0 0 0

#Transform 7
Transform: AffineTransform_float_3_3
Parameters: 1 -6.28933e-05 0.000345319 6.38144e-05 0.999999 -0.00133398 -0.00034515 0.00133402 0.999999 -0.0244858 0.0298849 -0.0405292
FixedParameters: 0 0 0

#Transform 8
Transform: AffineTransform_float_3_3
Parameters: 1 1.88845e-05 -0.000103288 -1.90196e-05 1 -0.000653998 0.000103263 0.000654002 1 -0.0212548 -0.0685014 -0.0430187
FixedParameters: 0 0 0

#Transform 9
Transform: AffineTransform_float_3_3
Parameters: 1 0.000431026 -8.89116e-05 -0.000431135 0.999999 -0.000611961 8.8384e-05 0.000612038 1 -0.0178184 0.0360332 -0.0254086
FixedParameters: 0 0 0

#Transform 10
Transform: AffineTransform_float_3_3
Parameters: 1 0.000123273 0.000188143 -0.000122794 0.999999 -0.00127202 -0.000188456 0.00127198 0.999999 -0.0182696 -0.0166479 -0.0351777
FixedParameters: 0 0 0

#Transform 11
Transform: AffineTransform_float_3_3
Parameters: 1 6.66319e-05 0.000369033 -6.63241e-05 1 -0.000417024 -0.000369088 0.000416975 1 -0.0202888 -0.0537456 -0.047328
FixedParameters: 0 0 0

#Transform 12
Transform: AffineTransform_float_3_3
Parameters: 1 -1.78323e-05 9.73807e-05 1.79058e-05 1 -0.000376998 -9.73673e-05 0.000377002 1 -0.022689 -0.0425303 -0.0469339
FixedParameters: 0 0 0

#Transform 13
Transform: AffineTransform_float_3_3
Parameters: 1 0.000159871 -4.60236e-05 -0.000159947 0.999999 -0.000830992 4.57579e-05 0.000831007 0.999999 -0.0166929 -0.00422197 -0.0254869
FixedParameters: 0 0 0

#Transform 14
Transform: AffineTransform_float_3_3
Parameters: 1 4.09113e-05 0.000198611 -4.07258e-05 1 -0.000467008 -0.000198649 0.000466992 1 -0.00554108 -0.0280814 -0.0412878
FixedParameters: 0 0 0

#Transform 15
Transform: AffineTransform_float_3_3
Parameters: 1 3.6045e-07 -1.96725e-06 -3.61532e-07 1 -0.000275 1.96705e-06 0.000275 1 0.0231063 -0.0477357 -0.0413792
FixedParameters: 0 0 0

#Transform 16
Transform: AffineTransform_float_3_3
Parameters: 1 0.000497693 4.13742e-05 -0.000497851 1 -0.000275021 -4.06644e-05 0.00027498 1 0.014226 -0.00704623 -0.038708
FixedParameters: 0 0 0

#Transform 17
Transform: AffineTransform_float_3_3
Parameters: 1 2.57557e-05 -0.000140661 -2.5866e-05 1 -0.000391996 0.000140641 0.000392004 1 -0.00678323 -0.031781 -0.0247613
FixedParameters: 0 0 0

#Transform 18
Transform: AffineTransform_float_3_3
Parameters: 1 0.000499123 0.000238866 -0.000498992 1 -0.000275119 -0.00023914 0.000274881 1 0.020835 -0.00865178 -0.0465249
FixedParameters: 0 0 0

#Transform 19
Transform: AffineTransform_float_3_3
Parameters: 1 0.000372701 0.000422429 -0.000373122 1 0.000497842 -0.000422058 -0.000498157 1 0.0175042 0.0249187 -0.00357998
FixedParameters: 0 0 0

#Transform 20
Transform: AffineTransform_float_3_3
Parameters: 1 -3.83168e-05 0.000208509 3.82133e-05 1 0.000248008 -0.000208528 -0.000247992 1 0.00264605 -0.0270999 0.0112444
FixedParameters: 0 0 0

#Transform 21
Transform: AffineTransform_float_3_3
Parameters: 1 -8.97231e-05 0.000489851 9.00504e-05 1 -0.000333956 -0.000489791 0.000334044 1 0.00956349 0.0310662 -0.00849713
FixedParameters: 0 0 0

#Transform 22
Transform: AffineTransform_float_3_3
Parameters: 1 0.000600949 -6.18181e-05 -0.000601187 0.999999 -0.000467963 6.22391e-05 0.000468037 1 0.0242303 0.0374634 -0.0323829
FixedParameters: 0 0 0

#Transform 23
Transform: AffineTransform_float_3_3
Parameters: 1 0.000501904 -0.000383153 -0.000501916 1 -0.00106281 0.00038325 0.00106319 1 0.0300323 -0.0111567 -0.0317864
FixedParameters: 0 0 0

#Transform 24
Transform: AffineTransform_float_3_3
Parameters: 0.999999 0.000688321 -0.0005027 -0.000688686 0.999999 -0.00116265 0.000502262 0.00116335 0.999999 0.0538203 0.011031 -0.0193807
FixedParameters: 0 0 0

#Transform 25
Transform: AffineTransform_float_3_3
Parameters: 1 0.000579416 -0.000267302 -0.000579921 1 -0.000946668 0.000266204 0.000947332 0.999999 0.037241 -0.00156479 -0.0879058
FixedParameters: 0 0 0

#Transform 26
Transform: AffineTransform_float_3_3
Parameters: 1 0.000601137 -0.000263171 -0.000601477 0.999999 -0.000646809 0.000262394 0.00064619 0.999999 0.0446685 -0.0249259 -0.0660736
FixedParameters: 0 0 0

#Transform 27
Transform: AffineTransform_float_3_3
Parameters: 0.999999 0.000726048 -8.51516e-05 -0.00072544 0.999999 -0.00114694 8.46509e-05 0.00114706 1 0.038621 0.0636499 -0.0742538
FixedParameters: 0 0 0

#Transform 28
Transform: AffineTransform_float_3_3
Parameters: 1 0.000398859 -0.00028601 -0.00039937 1 -0.000893708 0.000285296 0.000894291 0.999999 0.0440718 -0.0183887 -0.0814249
FixedParameters: 0 0 0

#Transform 29
Transform: AffineTransform_float_3_3
Parameters: 1 0.000144763 -0.000252049 -0.000144962 1 -0.000395963 0.000251934 0.000396036 1 0.0155343 -0.0208862 -0.0899784
FixedParameters: 0 0 0

#Transform 30
Transform: AffineTransform_float_3_3
Parameters: 0.999999 0.000699298 -0.000345085 -0.000699999 0.999999 -0.00101776 0.00034366 0.00101824 1 0.0539687 0.0202179 -0.0746558
FixedParameters: 0 0 0

#Transform 31
Transform: AffineTransform_float_3_3
Parameters: 1 0.000104585 -0.000571509 -0.000105151 1 -0.00049494 0.000571405 0.00049506 0.999999 0.0347852 -0.00413878 -0.108449
FixedParameters: 0 0 0

#Transform 32
Transform: AffineTransform_float_3_3
Parameters: 0.999999 0.000781767 -0.000348613 -0.00078176 0.999999 1.02725e-05 0.000348628 -9.72745e-06 1 0.0566883 0.018703 -0.105757
FixedParameters: 0 0 0

#Transform 33
Transform: AffineTransform_float_3_3
Parameters: 1 0.000389762 -0.000234452 -0.000389695 1 0.000142091 0.000234563 -0.000141909 1 0.0467424 0.0540212 -0.108341
FixedParameters: 0 0 0

#Transform 34
Transform: AffineTransform_float_3_3
Parameters: 1 0.000216548 -0.000452243 -0.000215868 0.999999 0.000751097 0.000452568 -0.000750902 0.999999 0.0382407 0.0226198 -0.123842
FixedParameters: 0 0 0

#Transform 35
Transform: AffineTransform_float_3_3
Parameters: 1 0.000123735 -0.000670682 -0.000123444 0.999999 0.000949905 0.000670736 -0.000950095 1 0.0354788 0.0146427 -0.105675
FixedParameters: 0 0 0

#Transform 36
Transform: AffineTransform_float_3_3
Parameters: 1 3.76959e-05 -0.000204556 -3.73902e-05 0.999999 0.000747007 0.000204612 -0.000746992 0.999999 0.0350783 0.0847803 -0.0601975
FixedParameters: 0 0 0

#Transform 37
Transform: AffineTransform_float_3_3
Parameters: 0.999999 0.000208858 -0.000728164 -0.000207914 0.999999 0.00132315 0.000728535 -0.00132285 0.999999 0.0519899 0.0688718 -0.0529302
FixedParameters: 0 0 0

#Transform 38
Transform: AffineTransform_float_3_3
Parameters: 0.999999 -9.5983e-05 -0.00078452 9.70606e-05 0.999999 0.00131392 0.000784086 -0.00131408 0.999999 0.040495 0.03679 -0.0500648
FixedParameters: 0 0 0

#Transform 39
Transform: AffineTransform_float_3_3
Parameters: 1 5.52669e-05 -0.00027758 -5.57459e-05 0.999999 0.000909015 0.0002775 -0.000908984 0.999999 0.0592787 0.0502768 0.00366926
FixedParameters: 0 0 0

#Transform 40
Transform: AffineTransform_float_3_3
Parameters: 1 0.000143002 -0.000168862 -0.000142695 0.999999 0.000909023 0.000169122 -0.000908975 0.999999 0.0444776 0.105541 0.0391214
FixedParameters: 0 0 0

#Transform 41
Transform: AffineTransform_float_3_3
Parameters: 1 9.86699e-05 -0.00060006 -9.72067e-05 1 0.00121906 0.000600299 -0.00121894 0.999999 0.043104 0.0431691 0.0169141
FixedParameters: 0 0 0

#Transform 42
Transform: AffineTransform_float_3_3
Parameters: 1 0.000218668 -0.000577883 -0.000218185 0.999999 0.00126813 0.000578256 -0.00126787 0.999999 0.0312613 0.0654386 -0.0213326
FixedParameters: 0 0 0

#Transform 43
Transform: AffineTransform_float_3_3
Parameters: 1 -0.000165724 -0.000648969 0.0001664 0.999999 0.00141689 0.000649301 -0.00141711 0.999999 0.0199141 0.0569352 0.0028706
FixedParameters: 0 0 0

#Transform 44
Transform: AffineTransform_float_3_3
Parameters: 1 0.000113802 -1.04986e-05 -0.000113776 1 0.00121 1.0774e-05 -0.00121 1 0.0433158 0.0929532 0.0393243
FixedParameters: 0 0 0

#Transform 45
Transform: AffineTransform_float_3_3
Parameters: 1 0.000187243 -0.00040669 -0.000186798 0.999999 0.00175411 0.000407165 -0.00175489 0.999999 0.0387387 0.0500623 -0.0391995
FixedParameters: 0 0 0

#Transform 46
Transform: AffineTransform_float_3_3
Parameters: 1 0.000193901 -0.000444169 -0.000193857 1 0.00115709 0.000444437 -0.00115691 0.999999 0.0307659 0.0841453 -0.0137209
FixedParameters: 0 0 0

#Transform 47
Transform: AffineTransform_float_3_3
Parameters: 0.999999 0.000508429 -0.000683061 -0.000506837 1 0.00103335 0.000683126 -0.00103265 0.999999 0.0482813 0.0883818 0.0255143
FixedParameters: 0 0 0

#Transform 48
Transform: AffineTransform_float_3_3
Parameters: 0.999999 0.000465008 -0.000701244 -0.000464363 1 0.00103333 0.00070104 -0.00103267 0.999999 0.0367498 0.113384 -0.000540963
FixedParameters: 0 0 0

#Transform 49
Transform: AffineTransform_float_3_3
Parameters: 1 0.000103127 -0.000579915 -0.000102612 0.999999 0.00129206 0.000580001 -0.00129194 0.999999 0.0456814 0.0910801 -0.0162797
FixedParameters: 0 0 0

#Transform 50
Transform: AffineTransform_float_3_3
Parameters: 1 0.000218552 -0.000575822 -0.000217578 0.999998 0.00169895 0.000576383 -0.00169905 0.999999 0.0343027 0.10055 -0.0423015
FixedParameters: 0 0 0

#Transform 51
Transform: AffineTransform_float_3_3
Parameters: 0.999999 0.000819326 -0.000272268 -0.000819176 0.999998 0.00174426 0.000273962 -0.00174474 0.999999 0.0513977 0.12052 -0.0240363
FixedParameters: 0 0 0

#Transform 52
Transform: AffineTransform_float_3_3
Parameters: 1 0.000652642 -0.000224008 -0.000651811 0.999998 0.00145015 0.000224916 -0.00144985 0.999999 0.0360029 0.116016 0.00870353
FixedParameters: 0 0 0

#Transform 53
Transform: AffineTransform_float_3_3
Parameters: 1 0.000496646 -0.000332289 -0.000496632 0.999999 0.00122917 0.000332346 -0.00122884 0.999999 0.0365224 0.110856 -0.00965185
FixedParameters: 0 0 0

#Transform 54
Transform: AffineTransform_float_3_3
Parameters: 1 0.000184103 -0.000389993 -0.0001838 0.999998 0.00164907 0.00039042 -0.00164893 0.999998 0.0396832 0.106925 0.0323011
FixedParameters: 0 0 0

#Transform 55
Transform: AffineTransform_float_3_3
Parameters: 1 9.83366e-05 7.31158e-05 -9.85563e-05 0.999999 0.00150599 -7.28192e-05 -0.00150601 0.999999 0.0547225 0.118351 0.0493314
FixedParameters: 0 0 0

#Transform 56
Transform: AffineTransform_float_3_3
Parameters: 1 0.000264859 -0.000261235 -0.000264067 1 0.00117007 0.000260871 -0.00116993 1 0.0508156 0.118926 0.0356153
FixedParameters: 0 0 0

#Transform 57
Transform: AffineTransform_float_3_3
Parameters: 1 0.000488841 -0.000399778 -0.000488737 0.999999 0.0013582 0.000400925 -0.0013578 0.999999 0.0618973 0.0956251 0.00909155
FixedParameters: 0 0 0

#Transform 58
Transform: AffineTransform_float_3_3
Parameters: 1 0.000286652 3.36978e-05 -0.000286746 0.999999 0.00140599 -3.28916e-05 -0.00140601 0.999999 0.0609107 0.110642 0.0428381
FixedParameters: 0 0 0

#Transform 59
Transform: AffineTransform_float_3_3
Parameters: 1 0.000302202 -0.000401684 -0.000301869 0.999998 0.00163712 0.000402492 -0.00163688 0.999998 0.0484942 0.121778 0.0365705
FixedParameters: 0 0 0

#Transform 60
Transform: AffineTransform_float_3_3
Parameters: 1 0.000523262 -0.000343496 -0.000523002 0.999998 0.00154618 0.000343949 -0.00154582 0.999998 0.0804419 0.103901 0.0362727
FixedParameters: 0 0 0

#Transform 61
Transform: AffineTransform_float_3_3
Parameters: 1 0.000396976 -0.000425982 -0.000396973 1 0.00115717 0.00042672 -0.00115683 0.999999 0.0505376 0.115268 0.0365122
FixedParameters: 0 0 0

#Transform 62
Transform: AffineTransform_float_3_3
Parameters: 0.999999 0.000638944 -0.000381199 -0.00063776 0.999999 0.00131524 0.000381894 -0.00131476 0.999999 0.0728435 0.117361 0.0696604
FixedParameters: 0 0 0

#Transform 63
Transform: AffineTransform_float_3_3
Parameters: 1 0.000387245 -0.000427705 -0.000387032 0.999999 0.00139717 0.000428606 -0.00139683 0.999999 0.0647519 0.131726 0.063478
FixedParameters: 0 0 0

#Transform 64
Transform: AffineTransform_float_3_3
Parameters: 1 0.000460404 -0.000464901 -0.000459785 0.999998 0.00172104 0.000466304 -0.00172096 0.999999 0.0828114 0.127955 0.090663
FixedParameters: 0 0 0

#Transform 65
Transform: AffineTransform_float_3_3
Parameters: 1 0.000594982 -0.000259249 -0.000594205 0.999999 0.00114815 0.00025963 -0.00114785 1 0.0712576 0.176098 0.0674563
FixedParameters: 0 0 0

#Transform 66
Transform: AffineTransform_float_3_3
Parameters: 0.999999 0.00080399 -0.000130251 -0.000803726 0.999999 0.00100528 0.000131867 -0.00100472 0.999999 0.0780171 0.155503 0.0195149
FixedParameters: 0 0 0

#Transform 67
Transform: AffineTransform_float_3_3
Parameters: 0.999999 0.000728343 -0.000364824 -0.000728355 0.999999 0.00108427 0.000365239 -0.00108373 1 0.0758552 0.157326 0.0420517
FixedParameters: 0 0 0

#Transform 68
Transform: AffineTransform_float_3_3
Parameters: 1 0.000494202 -0.000408152 -0.00049351 0.999999 0.000848201 0.00040899 -0.000847797 0.999999 0.0529225 0.171928 0.0342837
FixedParameters: 0 0 0

#Transform 69
Transform: AffineTransform_float_3_3
Parameters: 0.999999 0.000791859 -0.00013026 -0.000791349 0.999999 0.0012611 0.000131273 -0.0012609 0.999999 0.0601798 0.148209 0.0350648
FixedParameters: 0 0 0

#Transform 70
Transform: AffineTransform_float_3_3
Parameters: 0.999999 0.000854369 -9.42615e-05 -0.000853941 0.999999 0.00130808 9.55124e-05 -0.00130792 0.999999 0.05688 0.148881 0.0337031
FixedParameters: 0 0 0

#Transform 71
Transform: AffineTransform_float_3_3
Parameters: 0.999999 0.000918377 -0.000280598 -0.000918357 0.999998 0.00146329 0.000282122 -0.00146371 0.999999 0.0572675 0.154491 0.0293521
FixedParameters: 0 0 0

#Transform 72
Transform: AffineTransform_float_3_3
Parameters: 0.999999 0.00076401 -0.000171905 -0.000764326 0.999998 0.00141313 0.000172901 -0.00141287 0.999999 0.0575281 0.149054 0.0492791
FixedParameters: 0 0 0

#Transform 73
Transform: AffineTransform_float_3_3
Parameters: 0.999999 0.000827884 -0.000144278 -0.000828444 1 0.000840297 0.000144505 -0.000839703 0.999999 0.0757234 0.125312 0.0975382
FixedParameters: 0 0 0

#Transform 74
Transform: AffineTransform_float_3_3
Parameters: 0.999999 0.000809711 0.000301775 -0.000810006 1 0.000786933 -0.000301484 -0.000787067 0.999999 0.0555631 0.172315 0.0858439
FixedParameters: 0 0 0

#Transform 75
Transform: AffineTransform_float_3_3
Parameters: 1 0.000957126 -0.000404198 -0.000956309 0.999999 0.000787564 0.000404721 -0.000786435 0.999999 0.0621599 0.145566 0.0849509
FixedParameters: 0 0 0

#Transform 76
Transform: AffineTransform_float_3_3
Parameters: 1 0.000541099 -0.000383708 -0.00054036 0.999998 0.00200724 0.000384715 -0.00200776 0.999998 0.0570824 0.143757 0.0661149
FixedParameters: 0 0 0

#Transform 77
Transform: AffineTransform_float_3_3
Parameters: 0.999999 0.000682603 -0.00027517 -0.00068123 0.999998 0.00183819 0.00027571 -0.00183781 0.999999 0.045571 0.174755 0.0486772
FixedParameters: 0 0 0

#Transform 78
Transform: AffineTransform_float_3_3
Parameters: 1 0.000491842 8.99597e-05 -0.000492094 0.999999 0.00141396 -8.85684e-05 -0.00141404 0.999999 0.0639175 0.159872 0.0338501
FixedParameters: 0 0 0

#Transform 79
Transform: AffineTransform_float_3_3
Parameters: 1 0.000627418 -0.000242032 -0.000627811 0.999999 0.00121615 0.000243378 -0.00121585 0.999999 0.0495586 0.122551 0.0504203
FixedParameters: 0 0 0

#Transform 80
Transform: AffineTransform_float_3_3
Parameters: 1 0.000539573 -0.000339773 -0.000539773 1 0.000888361 0.000339567 -0.000887639 0.999999 0.060931 0.143216 0.0430522
FixedParameters: 0 0 0

#Transform 81
Transform: AffineTransform_float_3_3
Parameters: 1 0.000385099 -0.000152643 -0.00038461 1 0.00101206 0.000152439 -0.00101194 1 0.0565283 0.14604 0.0218905
FixedParameters: 0 0 0

#Transform 82
Transform: AffineTransform_float_3_3
Parameters: 1 0.000554276 -0.000121274 -0.000553782 0.999999 0.0012881 0.000121718 -0.0012889 0.999999 0.0697318 0.136968 0.0160879
FixedParameters: 0 0 0

#Transform 83
Transform: AffineTransform_float_3_3
Parameters: 1 0.000148272 -0.000196253 -0.000148338 0.999998 0.00188203 0.000195648 -0.00188197 0.999998 0.0389058 0.155221 0.0307138
FixedParameters: 0 0 0

#Transform 84
Transform: AffineTransform_float_3_3
Parameters: 1 0.000549432 -0.000121856 -0.000549774 0.999998 0.00188207 0.000122761 -0.00188193 0.999998 0.0458991 0.166114 0.0226557
FixedParameters: 0 0 0

#Transform 85
Transform: AffineTransform_float_3_3
Parameters: 1 0.000647727 6.10017e-06 -0.000647566 0.999999 0.00170517 -4.87526e-06 -0.00170483 0.999998 0.0561127 0.176708 0.0447852
FixedParameters: 0 0 0

#Transform 86
Transform: AffineTransform_float_3_3
Parameters: 1 0.000605849 -1.48813e-05 -0.000605616 0.999999 0.00170319 1.59608e-05 -0.00170281 0.999998 0.071308 0.179272 -0.00128072
FixedParameters: 0 0 0

#Transform 87
Transform: AffineTransform_float_3_3
Parameters: 1 0.000393481 -5.41003e-05 -0.000393079 0.999998 0.00203302 5.47158e-05 -0.00203298 0.999998 0.0644213 0.159794 0.00193865
FixedParameters: 0 0 0

#Transform 88
Transform: AffineTransform_float_3_3
Parameters: 1 0.000419026 -4.95113e-05 -0.00041868 0.999998 0.00166102 4.99192e-05 -0.00166098 0.999998 0.0486413 0.151374 0.029965
FixedParameters: 0 0 0

#Transform 89
Transform: AffineTransform_float_3_3
Parameters: 1 0.000404273 -5.22719e-05 -0.000404909 0.999998 0.00159002 5.23945e-05 -0.00158998 0.999998 0.0626655 0.184885 0.0404696
FixedParameters: 0 0 0

#Transform 90
Transform: AffineTransform_float_3_3
Parameters: 1 0.000145447 -0.000181577 -0.000145926 0.999999 0.00138903 0.000181801 -0.00138897 0.999999 0.0565248 0.186496 0.0226347
FixedParameters: 0 0 0

#Transform 91
Transform: AffineTransform_float_3_3
Parameters: 1 0.000130877 -0.000102937 -0.000130633 1 0.00118501 0.000103247 -0.00118499 1 0.0449319 0.162785 0.0147756
FixedParameters: 0 0 0

#Transform 92
Transform: AffineTransform_float_3_3
Parameters: 1 0.000121292 -5.07168e-05 -0.000121085 0.999998 0.00203001 5.12089e-05 -0.00202999 0.999998 0.0555604 0.16651 0.0559842
FixedParameters: 0 0 0

#Transform 93
Transform: AffineTransform_float_3_3
Parameters: 1 0.000166081 -0.000292645 -0.000165905 0.999998 0.00167405 0.000292037 -0.00167395 0.999998 0.0474642 0.17943 0.056268
FixedParameters: 0 0 0

#Transform 94
Transform: AffineTransform_float_3_3
Parameters: 1 0.000475143 -0.000221323 -0.000475376 0.999999 0.00128911 0.000221384 -0.0012889 0.999999 0.0425408 0.199144 0.066782
FixedParameters: 0 0 0

#Transform 95
Transform: AffineTransform_float_3_3
Parameters: 0.999999 0.000587278 -0.000436353 -0.000586657 0.999998 0.00163025 0.000437102 -0.00162974 0.999998 0.0430942 0.194589 0.00734189
FixedParameters: 0 0 0

#Transform 96
Transform: AffineTransform_float_3_3
Parameters: 1 0.000527349 -0.00036501 -0.000527037 0.999999 0.00177119 0.000366696 -0.00177081 0.999999 0.0569084 0.17813 0.0175887
FixedParameters: 0 0 0

#Transform 97
Transform: AffineTransform_float_3_3
Parameters: 1 0.000299212 -8.89958e-05 -0.000298737 0.999998 0.00165203 8.9e-05 -0.00165197 0.999998 0.0435243 0.183851 0.0489527
FixedParameters: 0 0 0

#Transform 98
Transform: AffineTransform_float_3_3
Parameters: 1 0.0002944 8.5168e-05 -0.000294572 0.999998 0.00206997 -8.49324e-05 -0.00207002 0.999998 0.0467667 0.193732 0.0475042
FixedParameters: 0 0 0

#Transform 99
Transform: AffineTransform_float_3_3
Parameters: 1 0.000521688 0.000175926 -0.000522071 0.999998 0.00160391 -0.000175235 -0.00160409 0.999998 0.0573172 0.210632 0.0658299
FixedParameters: 0 0 0

#Transform 100
Transform: AffineTransform_float_3_3
Parameters: 1 0.000541322 -0.000330954 -0.000540053 0.999998 0.00164218 0.000331746 -0.00164182 0.999998 0.0503153 0.191141 0.0890053
FixedParameters: 0 0 0

#Transform 101
Transform: AffineTransform_float_3_3
Parameters: 1 0.000460229 -0.000452692 -0.000459385 0.999998 0.00181821 0.0004532 -0.00181779 0.999998 0.0547669 0.179001 0.0852514
FixedParameters: 0 0 0

#Transform 102
Transform: AffineTransform_float_3_3
Parameters: 1 0.000585221 -0.000244716 -0.000585583 0.999999 0.00126718 0.00024602 -0.00126782 0.999999 0.0198355 0.231227 0.0317216
FixedParameters: 0 0 0

#Transform 103
Transform: AffineTransform_float_3_3
Parameters: 0.999999 0.000770186 -0.000232808 -0.000769352 0.999999 0.00139921 0.000233979 -0.00139979 0.999999 0.0512266 0.159931 0.0483481
FixedParameters: 0 0 0

#Transform 104
Transform: AffineTransform_float_3_3
Parameters: 0.999999 0.000814185 -0.000491983 -0.000813409 0.999999 0.00160261 0.000493427 -0.00160239 0.999998 0.0529842 0.178078 0.051485
FixedParameters: 0 0 0

#Transform 105
Transform: AffineTransform_float_3_3
Parameters: 0.999999 0.000995956 -5.65717e-05 -0.000995586 0.999998 0.00164227 5.88592e-05 -0.00164273 0.999998 0.0584699 0.208164 0.0424547
FixedParameters: 0 0 0

#Transform 106
Transform: AffineTransform_float_3_3
Parameters: 0.999999 0.00100004 -0.00021513 -0.000999798 0.999997 0.00201125 0.000217005 -0.00201175 0.999998 0.0766061 0.184853 0.0551324
FixedParameters: 0 0 0

#Transform 107
Transform: AffineTransform_float_3_3
Parameters: 1 0.00104288 -0.000123002 -0.00104208 0.999998 0.00177713 0.00012474 -0.00177687 0.999999 0.0653764 0.174431 0.0959865
FixedParameters: 0 0 0

#Transform 108
Transform: AffineTransform_float_3_3
Parameters: 0.999999 0.000736453 -0.000209362 -0.000735569 0.999999 0.00167533 0.000210844 -0.00167467 0.999998 0.0500693 0.20776 0.0978156
FixedParameters: 0 0 0

#Transform 109
Transform: AffineTransform_float_3_3
Parameters: 0.999999 0.000701166 -0.000293118 -0.000700917 0.999998 0.00179021 0.000294463 -0.00178979 0.999999 0.066514 0.125143 0.0958842
FixedParameters: 0 0 0

#Transform 110
Transform: AffineTransform_float_3_3
Parameters: 1 0.000656059 0.000169619 -0.000656586 0.999997 0.00209689 -0.00016785 -0.00209711 0.999998 0.0645177 0.190616 0.0986691
FixedParameters: 0 0 0

#Transform 111
Transform: AffineTransform_float_3_3
Parameters: 0.999999 0.000835311 0.000113579 -0.00083547 0.999997 0.00230791 -0.00011169 -0.00230809 0.999998 0.0704127 0.173459 0.0884718
FixedParameters: 0 0 0

#Transform 112
Transform: AffineTransform_float_3_3
Parameters: 1 0.000692877 0.000135669 -0.000693045 0.999998 0.00195391 -0.000134928 -0.00195409 0.999998 0.0462556 0.202961 0.0873266
FixedParameters: 0 0 0

#Transform 113
Transform: AffineTransform_float_3_3
Parameters: 1 0.000534635 -0.00018458 -0.000534723 0.999998 0.0019341 0.000185484 -0.0019339 0.999998 0.0609944 0.156361 0.0370685
FixedParameters: 0 0 0

#Transform 114
Transform: AffineTransform_float_3_3
Parameters: 1 0.000357171 -0.000126936 -0.000356641 0.999998 0.00207404 0.000128417 -0.00207395 0.999998 0.044799 0.156076 0.0735161
FixedParameters: 0 0 0

#Transform 115
Transform: AffineTransform_float_3_3
Parameters: 1 0.00053799 -7.1041e-05 -0.000537526 0.999998 0.00197804 7.21848e-05 -0.00197796 0.999998 0.0470391 0.202403 0.102746
FixedParameters: 0 0 0

#Transform 116
Transform: AffineTransform_float_3_3
Parameters: 1 0.000388087 -9.06268e-05 -0.000387501 0.999998 0.00222804 9.13713e-05 -0.00222797 0.999998 0.0603144 0.160058 0.11494
FixedParameters: 0 0 0

#Transform 117
Transform: AffineTransform_float_3_3
Parameters: 1 0.000486856 -9.66846e-05 -0.000486242 0.999998 0.00222905 9.787e-05 -0.00222895 0.999998 0.0476207 0.214419 0.130458
FixedParameters: 0 0 0

#Transform 118
Transform: AffineTransform_float_3_3
Parameters: 0.999999 0.000788122 -0.000518633 -0.000786252 0.999997 0.00239844 0.000520261 -0.00239856 0.999997 0.0438687 0.17309 0.123401
FixedParameters: 0 0 0

#Transform 119
Transform: AffineTransform_float_3_3
Parameters: 1 0.0006127 -7.33248e-05 -0.000612194 0.999998 0.00218926 7.50232e-05 -0.00218974 0.999997 0.039273 0.171717 0.138098
FixedParameters: 0 0 0

#Transform 120
Transform: AffineTransform_float_3_3
Parameters: 1 0.000423724 -8.89841e-06 -0.000423688 0.999998 0.001849 1.04653e-05 -0.001849 0.999999 0.0296642 0.19897 0.168624
FixedParameters: 0 0 0

#Transform 121
Transform: AffineTransform_float_3_3
Parameters: 1 0.000144113 -0.00017361 -0.000144372 0.999998 0.00208202 0.00017403 -0.00208197 0.999998 0.0394655 0.196697 0.164184
FixedParameters: 0 0 0

#Transform 122
Transform: AffineTransform_float_3_3
Parameters: 0.999999 0.000889405 -3.45256e-05 -0.000888835 0.999996 0.00288824 3.76949e-05 -0.00288876 0.999996 0.0492141 0.19092 0.169044
FixedParameters: 0 0 0

#Transform 123
Transform: AffineTransform_float_3_3
Parameters: 0.999999 0.000736707 -0.000116072 -0.000736711 0.999997 0.00264712 0.000117826 -0.00264788 0.999997 0.0420067 0.200214 0.195872
FixedParameters: 0 0 0

#Transform 124
Transform: AffineTransform_float_3_3
Parameters: 0.999999 0.000800441 -0.000376969 -0.000799228 0.999996 0.0024293 0.000378707 -0.0024287 0.999997 0.0364687 0.233711 0.192086
FixedParameters: 0 0 0

#Transform 125
Transform: AffineTransform_float_3_3
Parameters: 0.999999 0.00091494 -0.000242377 -0.000913981 0.999996 0.00287643 0.000244507 -0.00287657 0.999996 0.0375521 0.212956 0.178463
FixedParameters: 0 0 0

#Transform 126
Transform: AffineTransform_float_3_3
Parameters: 0.999999 0.000893931 0.000104944 -0.000894051 0.999995 0.00319609 -0.000102181 -0.00319592 0.999995 0.0389687 0.219299 0.129721
FixedParameters: 0 0 0

#Transform 127
Transform: AffineTransform_float_3_3
Parameters: 0.999999 0.000909059 -3.10346e-05 -0.000908523 0.999996 0.00269503 3.39658e-05 -0.00269497 0.999997 0.0326714 0.194314 0.19334
FixedParameters: 0 0 0

#Transform 128
Transform: AffineTransform_float_3_3
Parameters: 0.999999 0.000866115 0.00021572 -0.000866137 0.999995 0.00319599 -0.000211971 -0.00319601 0.999995 0.0315161 0.22062 0.201738
FixedParameters: 0 0 0

#Transform 129
Transform: AffineTransform_float_3_3
Parameters: 0.999999 0.000909809 0.000335786 -0.000910421 0.999995 0.00319587 -0.000332739 -0.00319613 0.999995 0.0391309 0.254111 0.237951
FixedParameters: 0 0 0

#Transform 130
Transform: AffineTransform_float_3_3
Parameters: 1 0.000986987 0.000156801 -0.000987225 0.999995 0.00308185 -0.000154651 -0.00308215 0.999995 0.0351599 0.218244 0.169025
FixedParameters: 0 0 0

#Transform 131
Transform: AffineTransform_float_3_3
Parameters: 0.999999 0.000900468 0.000195124 -0.000901172 0.999993 0.00367983 -0.000192429 -0.00368017 0.999993 0.0333523 0.208049 0.179081
FixedParameters: 0 0 0

#Transform 132
Transform: AffineTransform_float_3_3
Parameters: 1 0.000881801 0.000491895 -0.000883 0.999995 0.00277453 -0.000489768 -0.00277447 0.999996 0.0185077 0.222836 0.201288
FixedParameters: 0 0 0

#Transform 133
Transform: AffineTransform_float_3_3
Parameters: 1 0.000929378 0.000416507 -0.000930301 0.999995 0.00294779 -0.000413795 -0.00294821 0.999995 0.0220289 0.248605 0.130594
FixedParameters: 0 0 0

#Transform 134
Transform: AffineTransform_float_3_3
Parameters: 0.999999 0.000948519 0.000363043 -0.000950063 0.999996 0.00288083 -0.000360524 -0.00288117 0.999996 0.0300709 0.230599 0.210933
FixedParameters: 0 0 0

#Transform 135
Transform: AffineTransform_float_3_3
Parameters: 0.999999 0.000930142 0.000270474 -0.000931356 0.999994 0.00326293 -0.00026735 -0.00326307 0.999994 0.0398843 0.221091 0.205038
FixedParameters: 0 0 0

#Transform 136
Transform: AffineTransform_float_3_3
Parameters: 0.999999 0.000910483 0.0002668 -0.000911672 0.999994 0.00326294 -0.000263805 -0.00326306 0.999994 0.0392834 0.242212 0.230245
FixedParameters: 0 0 0

#Transform 137
Transform: AffineTransform_float_3_3
Parameters: 0.999999 0.000951159 0.000858782 -0.000954745 0.999993 0.00366018 -0.000855377 -0.00366182 0.999993 0.0275509 0.24558 0.222365
FixedParameters: 0 0 0

#Transform 138
Transform: AffineTransform_float_3_3
Parameters: 1 0.000958256 0.000648064 -0.000960949 0.999994 0.00326256 -0.000644572 -0.00326344 0.999994 0.0174566 0.224974 0.155751
FixedParameters: 0 0 0

#Transform 139
Transform: AffineTransform_float_3_3
Parameters: 1 0.000975641 0.000722876 -0.000978114 0.999993 0.00357844 -0.000719458 -0.00357856 0.999993 0.0152984 0.230617 0.196131
FixedParameters: 0 0 0

#Transform 140
Transform: AffineTransform_float_3_3
Parameters: 0.999999 0.000854315 0.00102359 -0.000857942 0.999994 0.00348327 -0.00102003 -0.00348373 0.999993 0.0150433 0.245479 0.196474
FixedParameters: 0 0 0

#Transform 141
Transform: AffineTransform_float_3_3
Parameters: 0.999999 0.00112594 0.000751164 -0.00112861 0.999993 0.00369733 -0.000747384 -0.00369867 0.999993 0.0312952 0.298448 0.223345
FixedParameters: 0 0 0

#Transform 142
Transform: AffineTransform_float_3_3
Parameters: 0.999999 0.00077282 0.00114453 -0.000775808 0.999994 0.00334208 -0.00114256 -0.00334292 0.999994 0.0177175 0.249597 0.200653
FixedParameters: 0 0 0

#Transform 143
Transform: AffineTransform_float_3_3
Parameters: 0.999999 0.000525498 0.00123072 -0.000529839 0.999994 0.00358432 -0.00122917 -0.00358468 0.999993 0.00309224 0.251355 0.159561
FixedParameters: 0 0 0

#Transform 144
Transform: AffineTransform_float_3_3
Parameters: 0.999999 0.000960277 0.00105828 -0.000964115 0.999992 0.00402113 -0.00105375 -0.00402187 0.999991 0.0289617 0.238651 0.186487
FixedParameters: 0 0 0

#Transform 145
Transform: AffineTransform_float_3_3
Parameters: 0.999999 0.00105273 0.00114066 -0.00105689 0.999992 0.00395091 -0.00113652 -0.00395109 0.999991 0.0319763 0.253805 0.197406
FixedParameters: 0 0 0

#Transform 146
Transform: AffineTransform_float_3_3
Parameters: 0.999999 0.000874354 0.00108875 -0.000878029 0.999992 0.00383202 -0.00108525 -0.00383299 0.999992 0.0369975 0.29327 0.198622
FixedParameters: 0 0 0

#Transform 147
Transform: AffineTransform_float_3_3
Parameters: 0.999999 0.000994241 0.00145311 -0.000999787 0.999992 0.00385449 -0.00144846 -0.00385551 0.999991 0.0562011 0.244282 0.178192
FixedParameters: 0 0 0

#Transform 148
Transform: AffineTransform_float_3_3
Parameters: 0.999999 0.000875058 0.00119795 -0.000880009 0.999992 0.00401592 -0.00119412 -0.00401708 0.999992 0.0446473 0.279807 0.192999
FixedParameters: 0 0 0

#Transform 149
Transform: AffineTransform_float_3_3
Parameters: 0.999999 0.00106889 0.00105424 -0.00107349 0.999992 0.00401602 -0.00105001 -0.00401698 0.999991 0.0672003 0.255543 0.18828
FixedParameters: 0 0 0

#Transform 150
Transform: AffineTransform_float_3_3
Parameters: 0.999999 0.000793128 0.00112634 -0.000796881 0.999992 0.0037369 -0.00112361 -0.00373811 0.999993 0.0512997 0.303755 0.221221
FixedParameters: 0 0 0

#Transform 151
Transform: AffineTransform_float_3_3
Parameters: 1 0.000882996 0.000833312 -0.000884802 0.999995 0.00318444 -0.00083009 -0.00318556 0.999994 0.0527546 0.274179 0.193959
FixedParameters: 0 0 0
