#Insight Transform File V1.0
#Transform 0
Transform: AffineTransform_float_3_3
Parameters: 0.999995 -0.00299338 0.000797717 0.00299664 0.999983 -0.00491529 -0.000782817 0.00491771 0.999988 -0.0234491 0.139313 0.0917658
FixedParameters: 0 0 0

#Transform 1
Transform: AffineTransform_float_3_3
Parameters: 0.999995 -0.00284866 0.00120918 0.00285498 0.999984 -0.00491422 -0.0011958 0.00491779 0.999987 -0.0237914 0.129982 0.0970415
FixedParameters: 0 0 0

#Transform 2
Transform: AffineTransform_float_3_3
Parameters: 0.999994 -0.0030463 0.00132483 0.00305254 0.999984 -0.00483162 -0.00131011 0.00483538 0.999987 -0.0169967 0.135978 0.102001
FixedParameters: 0 0 0

#Transform 3
Transform: AffineTransform_float_3_3
Parameters: 0.999993 -0.00309255 0.00180519 0.00310286 0.999979 -0.00572217 -0.00178689 0.00572784 0.999982 -0.0319103 0.158474 0.117922
FixedParameters: 0 0 0

#Transform 4
Transform: AffineTransform_float_3_3
Parameters: 0.999995 -0.00304829 0.00135327 0.0030553 0.999981 -0.00534863 -0.00133647 0.00535237 0.999985 -0.0191037 0.165695 0.0943353
FixedParameters: 0 0 0

#Transform 5
Transform: AffineTransform_float_3_3
Parameters: 0.999996 -0.0029095 0.000779775 0.00291377 0.99998 -0.00555041 -0.000763986 0.00555259 0.999984 4.44018e-05 0.185101 0.101026
FixedParameters: 0 0 0

#Transform 6
Transform: AffineTransform_float_3_3
Parameters: 0.999997 -0.00226227 0.00111413 0.00226824 0.999985 -0.00491335 -0.00110244 0.00491564 0.999987 0.00508377 0.135323 0.104599
FixedParameters: 0 0 0

#Transform 7
Transform: AffineTransform_float_3_3
Parameters: 0.999997 -0.00238091 0.000849023 0.00238455 0.999987 -0.00448875 -0.000838096 0.00449025 0.99999 0.00218574 0.165127 0.117983
FixedParameters: 0 0 0

#Transform 8
Transform: AffineTransform_float_3_3
Parameters: 0.999995 -0.00269792 0.00113141 0.00270194 0.999987 -0.00436671 -0.00111949 0.00436929 0.99999 -0.00594474 0.10807 0.109008
FixedParameters: 0 0 0

#Transform 9
Transform: AffineTransform_float_3_3
Parameters: 0.999997 -0.00256583 0.000922558 0.00256915 0.999989 -0.0039483 -0.000912746 0.0039507 0.999991 -0.00239361 0.125402 0.0814832
FixedParameters: 0 0 0

#Transform 10
Transform: AffineTransform_float_3_3
Parameters: 0.999995 -0.0026905 0.00113462 0.00269595 0.999988 -0.00415272 -0.00112271 0.00415628 0.999991 -0.0153504 0.165106 0.12071
FixedParameters: 0 0 0

#Transform 11
Transform: AffineTransform_float_3_3
Parameters: 0.999996 -0.00254796 0.00114956 0.00255307 0.999988 -0.00438385 -0.00113776 0.00438716 0.99999 0.00581908 0.20626 0.139341
FixedParameters: 0 0 0

#Transform 12
Transform: AffineTransform_float_3_3
Parameters: 0.999998 -0.0017987 0.000820092 0.00180179 0.999991 -0.00387842 -0.000813504 0.00388059 0.999992 0.0224551 0.15618 0.142969
FixedParameters: 0 0 0

#Transform 13
Transform: AffineTransform_float_3_3
Parameters: 0.999996 -0.00232357 0.00112256 0.00232775 0.999992 -0.00331716 -0.0011145 0.00331984 0.999993 -0.0141108 0.101562 0.108759
FixedParameters: 0 0 0

#Transform 14
Transform: AffineTransform_float_3_3
Parameters: 0.999998 -0.00182471 0.00107321 0.00182798 0.999992 -0.00355592 -0.00106671 0.00355808 0.999993 -0.0139183 0.0884282 0.129404
FixedParameters: 0 0 0

#Transform 15
Transform: AffineTransform_float_3_3
Parameters: 0.999997 -0.00192406 0.00094124 0.00192711 0.999993 -0.00341296 -0.000934478 0.00341504 0.999993 -0.00881751 0.114335 0.0976853
FixedParameters: 0 0 0

#Transform 16
Transform: AffineTransform_float_3_3
Parameters: 0.999998 -0.00188341 0.000542622 0.00188492 0.999992 -0.00358587 -0.000535388 0.00358713 0.999994 -0.0186911 0.117935 0.11546
FixedParameters: 0 0 0

#Transform 17
Transform: AffineTransform_float_3_3
Parameters: 0.999997 -0.0019254 0.000938479 0.00192754 0.999997 -0.00197807 -0.000935041 0.00197993 0.999998 -0.0332548 0.0979904 0.123612
FixedParameters: 0 0 0

#Transform 18
Transform: AffineTransform_float_3_3
Parameters: 0.999997 -0.00229285 0.000899648 0.00229406 0.999997 -0.00154771 -0.00089673 0.00155029 0.999999 -0.0286409 0.0879003 0.137674
FixedParameters: 0 0 0

#Transform 19
Transform: AffineTransform_float_3_3
Parameters: 0.999997 -0.00221227 0.000905672 0.00221221 0.999997 -0.000452872 -0.000904762 0.000455129 1 -0.0314671 0.0723189 0.166794
FixedParameters: 0 0 0

#Transform 20
Transform: AffineTransform_float_3_3
Parameters: 0.999999 -0.000951887 0.000273894 0.000951823 0.999999 0.000116261 -0.000274115 -0.000115739 1 -0.014549 -0.031137 -0.0801287
FixedParameters: 0 0 0

#Transform 21
Transform: AffineTransform_float_3_3
Parameters: 0.999998 0.00221169 0.000719953 -0.0022121 0.999998 0.000361709 -0.000719344 -0.000363291 0.999999 -0.0858711 -0.1002 0.461347
FixedParameters: 0 0 0

#Transform 22
Transform: AffineTransform_float_3_3
Parameters: 0.999998 0.00230919 -0.000388385 -0.0023086 0.999997 0.00149323 0.000391197 -0.00149277 0.999998 -0.0381992 -0.117377 0.273926
FixedParameters: 0 0 0

#Transform 23
Transform: AffineTransform_float_3_3
Parameters: 0.999997 0.00240384 -0.00128116 -0.00240257 0.999996 0.00115022 0.00128349 -0.00114678 0.999999 -0.0347511 -0.0595185 0.204922
FixedParameters: 0 0 0

#Transform 24
Transform: AffineTransform_float_3_3
Parameters: 0.999997 0.002602 -0.000781869 -0.00260127 0.999997 0.000971382 0.000784825 -0.000969617 0.999999 -0.0306263 -0.0160055 0.175334
FixedParameters: 0 0 0

#Transform 25
Transform: AffineTransform_float_3_3
Parameters: 0.999995 0.00284716 -0.0006991 -0.00284564 0.999995 0.00149533 0.000703522 -0.00149267 0.999999 -0.027591 0.00460744 0.164872
FixedParameters: 0 0 0

#Transform 26
Transform: AffineTransform_float_3_3
Parameters: 0.999995 0.00319324 -0.000338196 -0.00319362 0.999995 0.000596624 0.000339909 -0.000595376 0.999999 -0.0519906 -0.0425574 0.182263
FixedParameters: 0 0 0

#Transform 27
Transform: AffineTransform_float_3_3
Parameters: 0.999995 0.00293965 0.000453605 -0.0029399 0.999995 0.000283083 -0.000451935 -0.000284914 1 -0.0862685 0.00836075 0.225376
FixedParameters: 0 0 0

#Transform 28
Transform: AffineTransform_float_3_3
Parameters: 0.999997 0.00238335 0.000170534 -0.00238353 0.999996 0.00145391 -0.000166587 -0.00145409 0.999999 -0.0484486 -0.046211 0.194587
FixedParameters: 0 0 0

#Transform 29
Transform: AffineTransform_float_3_3
Parameters: 0.999998 0.00184671 0.000524367 -0.00184721 0.999996 0.00182913 -0.000521483 -0.00182987 0.999998 -0.0312834 -0.049998 0.16897
FixedParameters: 0 0 0

#Transform 30
Transform: AffineTransform_float_3_3
Parameters: 0.999998 0.00202591 0.000250029 -0.0020263 0.999997 0.0014177 -0.000247267 -0.0014183 0.999999 -0.0372415 -0.0403263 0.172329
FixedParameters: 0 0 0

#Transform 31
Transform: AffineTransform_float_3_3
Parameters: 0.999995 0.00295182 0.000989906 -0.00295297 0.999994 0.00129248 -0.000986138 -0.00129552 0.999999 -0.0936871 -0.0294587 0.196658
FixedParameters: 0 0 0

#Transform 32
Transform: AffineTransform_float_3_3
Parameters: 0.999997 0.00252724 0.000273564 -0.00252765 0.999995 0.00153262 -0.000269793 -0.00153337 0.999999 -0.0508773 -0.0725886 0.152547
FixedParameters: 0 0 0

#Transform 33
Transform: AffineTransform_float_3_3
Parameters: 0.999998 0.000953528 0.00185631 -0.000950644 0.999999 -0.00134079 -0.00185808 0.00133921 0.999997 -0.0468915 0.0527096 0.000589998
FixedParameters: 0 0 0

#Transform 34
Transform: AffineTransform_float_3_3
Parameters: 0.999994 -0.000531323 0.00347021 0.000526052 0.999998 0.00162011 -0.00347129 -0.00161789 0.999993 -0.100272 -0.0203532 0.00830305
FixedParameters: 0 0 0

#Transform 35
Transform: AffineTransform_float_3_3
Parameters: 0.999995 -0.000218459 0.00314059 0.000212588 0.999998 0.00190116 -0.00314177 -0.00190084 0.999993 -0.0815262 -0.0760418 0.362298
FixedParameters: 0 0 0

#Transform 36
Transform: AffineTransform_float_3_3
Parameters: 0.999992 0.000218479 0.00399437 -0.000228943 0.999997 0.00258036 -0.00399416 -0.00258164 0.999989 -0.0855329 0.0401479 0.219681
FixedParameters: 0 0 0

#Transform 37
Transform: AffineTransform_float_3_3
Parameters: 0.999993 -0.00036262 0.00385635 0.000352579 0.999997 0.00272065 -0.00385715 -0.00271935 0.999989 -0.0784671 0.0272013 0.218019
FixedParameters: 0 0 0

#Transform 38
Transform: AffineTransform_float_3_3
Parameters: 0.999995 0.0017688 -0.0026999 -0.00176524 0.999997 0.0013585 0.00270228 -0.0013535 0.999995 -0.0692821 0.17848 0.04788
FixedParameters: 0 0 0

#Transform 39
Transform: AffineTransform_float_3_3
Parameters: 0.99999 0.00453068 -0.000842196 -0.00452837 0.999985 0.00290783 0.000855171 -0.00290317 0.999995 0.0148302 0.137158 0.0218449
FixedParameters: 0 0 0

#Transform 40
Transform: AffineTransform_float_3_3
Parameters: 0.999992 0.00325064 -0.0021152 -0.00324763 0.999994 0.00153217 0.00211974 -0.00152484 0.999996 0.0334795 0.0772993 0.335017
FixedParameters: 0 0 0

#Transform 41
Transform: AffineTransform_float_3_3
Parameters: 0.999999 0.000485744 0.00126692 -0.000478384 0.99998 -0.00620272 -0.00126976 0.00620227 0.99998 -0.245396 0.244376 1.24194
FixedParameters: 0 0 0

#Transform 42
Transform: AffineTransform_float_3_3
Parameters: 0.999992 0.00234237 0.00331012 -0.00233683 0.999995 -0.00181994 -0.00331427 0.00181206 0.999993 -0.103642 0.298628 0.523032
FixedParameters: 0 0 0

#Transform 43
Transform: AffineTransform_float_3_3
Parameters: 0.999989 0.00291838 0.00382665 -0.00291754 0.999995 -0.000115401 -0.0038273 0.000104597 0.999993 -0.0770848 0.167374 0.323439
FixedParameters: 0 0 0

#Transform 44
Transform: AffineTransform_float_3_3
Parameters: 0.999987 0.00312762 0.00403367 -0.0031339 0.999994 0.00159024 -0.00402901 -0.00160276 0.999991 -0.0797502 0.158658 0.308659
FixedParameters: 0 0 0

#Transform 45
Transform: AffineTransform_float_3_3
Parameters: 0.999991 0.0031049 0.00288155 -0.00310926 0.999994 0.00153327 -0.00287655 -0.00154173 0.999994 -0.073529 0.141142 0.258327
FixedParameters: 0 0 0

#Transform 46
Transform: AffineTransform_float_3_3
Parameters: 0.999993 0.00272191 0.00252042 -0.00272663 0.999995 0.00204528 -0.0025147 -0.00205173 0.999995 -0.068546 0.127069 0.348452
FixedParameters: 0 0 0

#Transform 47
Transform: AffineTransform_float_3_3
Parameters: 0.999989 0.0031203 0.00331467 -0.0031276 0.999993 0.00212365 -0.0033087 -0.00213435 0.999993 -0.0887563 0.143543 0.280384
FixedParameters: 0 0 0

#Transform 48
Transform: AffineTransform_float_3_3
Parameters: 0.999989 0.00325812 0.00343235 -0.00326471 0.999992 0.0019318 -0.00342605 -0.0019432 0.999993 -0.079964 0.142452 0.305216
FixedParameters: 0 0 0

#Transform 49
Transform: AffineTransform_float_3_3
Parameters: 0.999991 0.00312758 0.00310802 -0.00313816 0.999989 0.00350538 -0.00309692 -0.00351462 0.999989 -0.0740375 0.0708288 0.268881
FixedParameters: 0 0 0

#Transform 50
Transform: AffineTransform_float_3_3
Parameters: 0.999989 0.00308398 0.00355014 -0.00309128 0.999993 0.00212303 -0.00354422 -0.00213397 0.999991 -0.0754728 0.108954 0.286064
FixedParameters: 0 0 0

#Transform 51
Transform: AffineTransform_float_3_3
Parameters: 0.99999 0.0027085 0.00350867 -0.00271512 0.999995 0.00173728 -0.00350467 -0.00174672 0.999993 -0.0634356 0.125912 0.281615
FixedParameters: 0 0 0

#Transform 52
Transform: AffineTransform_float_3_3
Parameters: 0.999987 0.00371301 0.00330815 -0.00371656 0.999992 0.001211 -0.00330367 -0.001223 0.999994 -0.0680822 0.144856 0.277648
FixedParameters: 0 0 0

#Transform 53
Transform: AffineTransform_float_3_3
Parameters: 0.999988 0.00335903 0.00357587 -0.00336265 0.999994 0.00111607 -0.00357189 -0.00112794 0.999993 -0.082697 0.152853 0.279812
FixedParameters: 0 0 0

#Transform 54
Transform: AffineTransform_float_3_3
Parameters: 0.999987 0.00362174 0.0037599 -0.00361965 0.999993 -0.000576562 -0.00376225 0.000563437 0.999993 -0.0819297 0.208212 0.306723
FixedParameters: 0 0 0

#Transform 55
Transform: AffineTransform_float_3_3
Parameters: 0.999987 0.00333208 0.00399659 -0.00333189 0.999994 -0.000167472 -0.00399678 0.000154532 0.999992 -0.080985 0.194488 0.297201
FixedParameters: 0 0 0

#Transform 56
Transform: AffineTransform_float_3_3
Parameters: 0.99998 0.00479675 0.00416391 -0.00480086 0.999988 0.000892548 -0.00415891 -0.000912448 0.999991 -0.0962974 0.144364 0.260608
FixedParameters: 0 0 0

#Transform 57
Transform: AffineTransform_float_3_3
Parameters: 0.999982 0.00338713 0.00493684 -0.00339125 0.999994 0.000954778 -0.00493376 -0.000972226 0.999987 -0.0626381 0.13452 0.278525
FixedParameters: 0 0 0

#Transform 58
Transform: AffineTransform_float_3_3
Parameters: 0.999983 0.0038512 0.00432351 -0.00385439 0.999992 0.000754266 -0.0043213 -0.000770737 0.999991 -0.0941306 0.167051 0.27792
FixedParameters: 0 0 0

#Transform 59
Transform: AffineTransform_float_3_3
Parameters: 0.999986 0.00339362 0.00388781 -0.00339604 0.999994 0.000728768 -0.00388548 -0.000742233 0.999992 -0.0526887 0.151291 0.28596
FixedParameters: 0 0 0

#Transform 60
Transform: AffineTransform_float_3_3
Parameters: 0.999985 0.00334829 0.00429905 -0.00335315 0.999994 0.00118544 -0.00429452 -0.00119956 0.99999 -0.0529427 0.151316 0.282028
FixedParameters: 0 0 0

#Transform 61
Transform: AffineTransform_float_3_3
Parameters: 0.999984 0.00373984 0.00423712 -0.00374363 0.999993 0.000711182 -0.00423452 -0.000726815 0.99999 -0.0272216 0.167948 0.289577
FixedParameters: 0 0 0

#Transform 62
Transform: AffineTransform_float_3_3
Parameters: 0.999987 0.00311862 0.00399465 -0.0031229 0.999995 0.0010674 -0.00399051 -0.0010796 0.999991 -0.0456034 0.153278 0.263802
FixedParameters: 0 0 0

#Transform 63
Transform: AffineTransform_float_3_3
Parameters: 0.999985 0.00370778 0.00405977 -0.00371481 0.999992 0.00168499 -0.00405354 -0.00170001 0.99999 -0.0478748 0.166578 0.245962
FixedParameters: 0 0 0

#Transform 64
Transform: AffineTransform_float_3_3
Parameters: 0.999985 0.00331139 0.0042197 -0.00332051 0.999992 0.00198785 -0.00421271 -0.00200114 0.999989 -0.0349065 0.124613 0.262034
FixedParameters: 0 0 0

#Transform 65
Transform: AffineTransform_float_3_3
Parameters: 0.999986 0.00257978 0.00473949 -0.00259031 0.999994 0.00223209 -0.00473383 -0.00224491 0.999986 -0.0641401 0.117562 0.305425
FixedParameters: 0 0 0

#Transform 66
Transform: AffineTransform_float_3_3
Parameters: 0.999983 0.00260698 0.00507068 -0.00261927 0.999994 0.00235797 -0.00506413 -0.00237103 0.999984 -0.0695101 0.11497 0.294039
FixedParameters: 0 0 0

#Transform 67
Transform: AffineTransform_float_3_3
Parameters: 0.999986 0.00327949 0.0042982 -0.00328544 0.999993 0.00156864 -0.00429309 -0.00158336 0.99999 -0.0620757 0.115099 0.289439
FixedParameters: 0 0 0

#Transform 68
Transform: AffineTransform_float_3_3
Parameters: 0.999981 0.00311362 0.00517731 -0.00312162 0.999994 0.00149816 -0.00517315 -0.00151484 0.999986 -0.0920169 0.146465 0.266397
FixedParameters: 0 0 0

#Transform 69
Transform: AffineTransform_float_3_3
Parameters: 0.999983 0.00348074 0.00483446 -0.00348944 0.999993 0.00179087 -0.00482805 -0.00180813 0.999986 -0.0695357 0.13799 0.271322
FixedParameters: 0 0 0

#Transform 70
Transform: AffineTransform_float_3_3
Parameters: 0.999983 0.00348121 0.00483413 -0.00348996 0.999992 0.00169375 -0.00482849 -0.00171024 0.999987 -0.073561 0.152774 0.285037
FixedParameters: 0 0 0

#Transform 71
Transform: AffineTransform_float_3_3
Parameters: 0.999984 0.00317495 0.00479989 -0.00318083 0.999995 0.00128127 -0.00479604 -0.00129674 0.999988 -0.0736097 0.169094 0.273267
FixedParameters: 0 0 0

#Transform 72
Transform: AffineTransform_float_3_3
Parameters: 0.999987 0.00309464 0.00407922 -0.00310435 0.999992 0.00238512 -0.00407141 -0.00239788 0.999989 -0.0246715 -0.104335 0.328025
FixedParameters: 0 0 0

#Transform 73
Transform: AffineTransform_float_3_3
Parameters: 0.999982 0.004943 0.00339038 -0.0049457 0.999988 0.000584118 -0.0033874 -0.000600879 0.999994 -0.0519231 -0.00411562 0.419725
FixedParameters: 0 0 0

#Transform 74
Transform: AffineTransform_float_3_3
Parameters: 0.999982 0.00522954 0.00292675 -0.00523143 0.999986 0.000914915 -0.00292176 -0.000930087 0.999995 -0.0606933 0.0943989 0.336691
FixedParameters: 0 0 0

#Transform 75
Transform: AffineTransform_float_3_3
Parameters: 0.999981 0.00549311 0.00287906 -0.00549321 0.999985 9.49827e-06 -0.00287887 -2.55011e-05 0.999996 -0.0659208 0.115509 0.347665
FixedParameters: 0 0 0

#Transform 76
Transform: AffineTransform_float_3_3
Parameters: 0.99998 0.00538658 0.00311873 -0.00538614 0.999985 -0.000430619 -0.00312151 0.000414381 0.999995 -0.0536313 0.129277 0.292806
FixedParameters: 0 0 0

#Transform 77
Transform: AffineTransform_float_3_3
Parameters: 0.999985 0.00477403 0.00294232 -0.0047753 0.999989 0.000226862 -0.00294108 -0.000241136 0.999996 -0.0429502 0.0935099 0.292994
FixedParameters: 0 0 0

#Transform 78
Transform: AffineTransform_float_3_3
Parameters: 0.999986 0.00491787 0.00229966 -0.00491846 0.999988 0.00038474 -0.0022977 -0.000396261 0.999998 -0.0274357 0.0896652 0.308496
FixedParameters: 0 0 0

#Transform 79
Transform: AffineTransform_float_3_3
Parameters: 0.999983 0.0049512 0.00285951 -0.00495241 0.999988 0.000434847 -0.00285802 -0.000448157 0.999996 -0.0442821 0.115831 0.332582
FixedParameters: 0 0 0

#Transform 80
Transform: AffineTransform_float_3_3
Parameters: 0.999983 0.00518678 0.0029209 -0.00518646 0.999987 0.000125959 -0.0029204 -0.000141045 0.999996 -0.0493517 0.123514 0.307253
FixedParameters: 0 0 0

#Transform 81
Transform: AffineTransform_float_3_3
Parameters: 0.999982 0.00510167 0.00317871 -0.0051017 0.999987 -3.12238e-06 -0.00317866 -1.31222e-05 0.999994 -0.0536383 0.125344 0.299528
FixedParameters: 0 0 0

#Transform 82
Transform: AffineTransform_float_3_3
Parameters: 0.999568 -0.00854306 0.0281401 0.00867785 0.999951 -0.00466474 -0.0280989 0.00490725 0.999593 -0.21944 0.266005 0.442428
FixedParameters: 0 0 0

#Transform 83
Transform: AffineTransform_float_3_3
Parameters: 0.999988 0.0028362 0.00393737 -0.00283021 0.999995 -0.00145049 -0.0039421 0.00143851 0.999992 0.164205 0.330424 0.500477
FixedParameters: 0 0 0

#Transform 84
Transform: AffineTransform_float_3_3
Parameters: 0.999978 0.00316255 0.00587137 -0.00315729 0.999995 -0.00090662 -0.00587458 0.000888381 0.999983 0.103567 0.288171 0.396201
FixedParameters: 0 0 0

#Transform 85
Transform: AffineTransform_float_3_3
Parameters: 0.999971 0.0043659 0.0061262 -0.00435967 0.99999 -0.000961353 -0.00613101 0.000934641 0.99998 0.0546921 0.317248 0.36402
FixedParameters: 0 0 0

#Transform 86
Transform: AffineTransform_float_3_3
Parameters: 0.99997 0.0043622 0.00641424 -0.00435619 0.99999 -0.000987819 -0.00641838 0.000960183 0.999979 0.06973 0.317886 0.351398
FixedParameters: 0 0 0

#Transform 87
Transform: AffineTransform_float_3_3
Parameters: 0.99997 0.00458975 0.00624598 -0.00458328 0.999989 -0.000972296 -0.00625032 0.000943701 0.99998 0.040597 0.202091 0.361583
FixedParameters: 0 0 0

#Transform 88
Transform: AffineTransform_float_3_3
Parameters: 0.999972 0.00501542 0.0056609 -0.00500732 0.999987 -0.00151438 -0.00566782 0.00148562 0.999983 0.0216433 0.125385 0.417844
FixedParameters: 0 0 0

#Transform 89
Transform: AffineTransform_float_3_3
Parameters: 0.999964 0.00462596 0.00701205 -0.00467225 0.999968 0.00653846 -0.00698152 -0.00657053 0.999954 0.015582 0.0156088 0.377287
FixedParameters: 0 0 0

#Transform 90
Transform: AffineTransform_float_3_3
Parameters: 0.99996 0.0045058 0.00764677 -0.00459924 0.999915 0.0121727 -0.00759143 -0.0122072 0.999896 0.025163 -0.0529766 0.294675
FixedParameters: 0 0 0

#Transform 91
Transform: AffineTransform_float_3_3
Parameters: 0.999961 0.00462248 0.00755488 -0.00469809 0.999939 0.00999845 -0.0075079 -0.0100336 0.999922 0.0336714 -0.0117897 0.344751
FixedParameters: 0 0 0

#Transform 92
Transform: AffineTransform_float_3_3
Parameters: 0.99996 0.00468052 0.00754429 -0.00475378 0.999941 0.00978917 -0.00749826 -0.00982483 0.999923 0.0104346 0.0313429 0.332608
FixedParameters: 0 0 0

#Transform 93
Transform: AffineTransform_float_3_3
Parameters: 0.999953 0.00469104 0.00846892 -0.00476885 0.999947 0.00913999 -0.00842546 -0.00917901 0.999922 -0.0136124 0.0462077 0.370916
FixedParameters: 0 0 0

#Transform 94
Transform: AffineTransform_float_3_3
Parameters: 0.999954 0.00473077 0.00837277 -0.0048013 0.999953 0.00842514 -0.00833211 -0.00846484 0.999929 -0.00946264 0.068955 0.355029
FixedParameters: 0 0 0

#Transform 95
Transform: AffineTransform_float_3_3
Parameters: 0.999954 0.00498686 0.00826652 -0.00506176 0.999946 0.00901984 -0.00822117 -0.00906116 0.999925 -0.00167805 0.049418 0.350998
FixedParameters: 0 0 0

#Transform 96
Transform: AffineTransform_float_3_3
Parameters: 0.999954 0.00503578 0.00822953 -0.00510905 0.999947 0.00896763 -0.00818484 -0.00900839 0.999927 -0.0117262 0.0425051 0.350054
FixedParameters: 0 0 0

#Transform 97
Transform: AffineTransform_float_3_3
Parameters: 0.999957 0.00505786 0.00778979 -0.00512932 0.999944 0.00924005 -0.00774315 -0.00927996 0.999927 0.00149429 0.0648831 0.340474
FixedParameters: 0 0 0

#Transform 98
Transform: AffineTransform_float_3_3
Parameters: 0.999955 0.00513941 0.00797469 -0.00521547 0.99994 0.00964143 -0.0079238 -0.00968258 0.999922 -0.00697718 0.0453515 0.353921
FixedParameters: 0 0 0

#Transform 99
Transform: AffineTransform_float_3_3
Parameters: 0.999983 0.00471636 0.00361701 -0.00467543 0.999928 -0.0110545 -0.00366961 0.0110375 0.999932 0.0481318 0.761066 0.182111
FixedParameters: 0 0 0

#Transform 100
Transform: AffineTransform_float_3_3
Parameters: 0.999976 0.00235282 0.00642161 -0.00230862 0.999974 -0.00686363 -0.00643707 0.00684836 0.999955 -0.030668 0.60484 0.269887
FixedParameters: 0 0 0

#Transform 101
Transform: AffineTransform_float_3_3
Parameters: 0.999986 0.00116551 0.0051261 -0.00107919 0.999858 -0.016824 -0.0051448 0.016818 0.999845 0.0936748 1.06406 -0.129118
FixedParameters: 0 0 0

#Transform 102
Transform: AffineTransform_float_3_3
Parameters: 0.999993 0.00236486 0.00293617 -0.00229627 0.999736 -0.022873 -0.00298949 0.022866 0.999734 0.151364 1.1527 -0.470145
FixedParameters: 0 0 0

#Transform 103
Transform: AffineTransform_float_3_3
Parameters: 0.999971 0.00288236 0.0070706 -0.00286324 0.999992 -0.00263026 -0.00707748 0.00261074 0.999972 -0.0373135 0.37884 0.143585
FixedParameters: 0 0 0

#Transform 104
Transform: AffineTransform_float_3_3
Parameters: 0.999984 0.00311311 0.00483605 -0.00309795 0.999991 -0.00302762 -0.00484522 0.00301238 0.999984 0.0371772 0.540709 -0.0468429
FixedParameters: 0 0 0

#Transform 105
Transform: AffineTransform_float_3_3
Parameters: 0.999989 0.00264332 0.00401349 -0.00262297 0.999983 -0.00520392 -0.00402804 0.00519407 0.999978 0.0785934 0.633196 0.0303134
FixedParameters: 0 0 0

#Transform 106
Transform: AffineTransform_float_3_3
Parameters: 0.999985 0.00221845 0.0049943 -0.00219245 0.999985 -0.00513888 -0.00500553 0.00512711 0.999974 0.079669 0.642383 0.033748
FixedParameters: 0 0 0

#Transform 107
Transform: AffineTransform_float_3_3
Parameters: 0.999983 0.00236989 0.00521588 -0.00234005 0.999981 -0.00568828 -0.00522966 0.00567571 0.99997 0.0635862 0.659293 0.0630125
FixedParameters: 0 0 0

#Transform 108
Transform: AffineTransform_float_3_3
Parameters: 0.99998 0.00271438 0.00562754 -0.00269053 0.999987 -0.00428534 -0.00563914 0.00426965 0.999975 0.00990861 0.579 0.149507
FixedParameters: 0 0 0

#Transform 109
Transform: AffineTransform_float_3_3
Parameters: 0.999982 0.00308726 0.0052828 -0.00306893 0.999989 -0.00356199 -0.00529363 0.00354601 0.999979 0.0310825 0.551522 0.146042
FixedParameters: 0 0 0

#Transform 110
Transform: AffineTransform_float_3_3
Parameters: 0.99998 0.00292405 0.00558697 -0.00290587 0.99999 -0.00324833 -0.00559669 0.00323167 0.999979 0.0259236 0.505234 0.122198
FixedParameters: 0 0 0

#Transform 111
Transform: AffineTransform_float_3_3
Parameters: 0.999977 0.00311683 0.00602815 -0.00309382 0.999989 -0.0036849 -0.00603914 0.0036661 0.999975 0.0133891 0.541184 0.133623
FixedParameters: 0 0 0

#Transform 112
Transform: AffineTransform_float_3_3
Parameters: 0.999979 0.00311505 0.00560249 -0.00309033 0.999986 -0.00431234 -0.00561559 0.00429466 0.999975 0.0250165 0.562771 0.148286
FixedParameters: 0 0 0

#Transform 113
Transform: AffineTransform_float_3_3
Parameters: 0.999979 0.0030535 0.00559363 -0.00302478 0.999983 -0.00504894 -0.00560908 0.00503105 0.999971 0.0244585 0.596864 0.0955002
FixedParameters: 0 0 0

#Transform 114
Transform: AffineTransform_float_3_3
Parameters: 0.99998 0.00297713 0.00558774 -0.00295178 0.999986 -0.00455652 -0.0056013 0.00454048 0.999974 0.0214934 0.567623 0.129755
FixedParameters: 0 0 0

#Transform 115
Transform: AffineTransform_float_3_3
Parameters: 0.999979 0.00328171 0.00561555 -0.00325228 0.99998 -0.00528632 -0.00563306 0.00526768 0.999971 0.0162918 0.578587 0.161736
FixedParameters: 0 0 0

#Transform 116
Transform: AffineTransform_float_3_3
Parameters: 0.999977 0.0038547 0.00548544 -0.00382649 0.99998 -0.00513866 -0.00550567 0.00511734 0.999972 0.0286595 0.533742 0.140711
FixedParameters: 0 0 0

#Transform 117
Transform: AffineTransform_float_3_3
Parameters: 0.999976 0.0036831 0.00588484 -0.00365078 0.999978 -0.0054955 -0.00590434 0.0054745 0.999968 0.0375622 0.566573 0.173498
FixedParameters: 0 0 0

#Transform 118
Transform: AffineTransform_float_3_3
Parameters: 0.999976 0.00379779 0.00591004 -0.00376377 0.999976 -0.00579227 -0.00593224 0.00576973 0.999966 0.0446778 0.574928 0.1938
FixedParameters: 0 0 0

#Transform 119
Transform: AffineTransform_float_3_3
Parameters: 0.999976 0.00388743 0.0057532 -0.00385493 0.999977 -0.00554999 -0.00577525 0.005528 0.999968 0.0208122 0.595562 0.214811
FixedParameters: 0 0 0

#Transform 120
Transform: AffineTransform_float_3_3
Parameters: 0.999975 0.00368863 0.00614846 -0.00365732 0.99998 -0.00508162 -0.00616686 0.00505938 0.999968 0.0112034 0.589707 0.201772
FixedParameters: 0 0 0

#Transform 121
Transform: AffineTransform_float_3_3
Parameters: 0.999976 0.00390028 0.00575532 -0.00386993 0.999978 -0.00536108 -0.00577605 0.00533892 0.999969 0.0345338 0.566227 0.132169
FixedParameters: 0 0 0

#Transform 122
Transform: AffineTransform_float_3_3
Parameters: 0.999963 0.00500188 0.00699278 -0.00500096 0.999987 -8.28977e-05 -0.00699343 4.80975e-05 0.999976 0.0341627 0.398791 0.0146061
FixedParameters: 0 0 0

#Transform 123
Transform: AffineTransform_float_3_3
Parameters: 0.999927 0.00860161 0.00849212 -0.00868129 0.999918 0.00940485 -0.00841003 -0.00947814 0.99992 0.0237381 0.207192 0.298957
FixedParameters: 0 0 0

#Transform 124
Transform: AffineTransform_float_3_3
Parameters: 0.999936 0.00938248 0.00632663 -0.00946165 0.999875 0.0126612 -0.00620677 -0.0127208 0.999899 0.0744836 0.459583 0.359677
FixedParameters: 0 0 0

#Transform 125
Transform: AffineTransform_float_3_3
Parameters: 0.999944 0.00926595 0.00525422 -0.00929595 0.99994 0.00579309 -0.0052003 -0.00584191 0.99997 0.107651 0.956912 0.296081
FixedParameters: 0 0 0

#Transform 126
Transform: AffineTransform_float_3_3
Parameters: 0.999935 0.00936836 0.00658093 -0.0094455 0.999886 0.0117856 -0.00647015 -0.0118474 0.999909 0.0796642 0.598849 0.22375
FixedParameters: 0 0 0

#Transform 127
Transform: AffineTransform_float_3_3
Parameters: 0.999932 0.00888461 0.00763467 -0.00895235 0.99992 0.00888006 -0.00755502 -0.00894794 0.999932 0.0774428 0.681741 0.137861
FixedParameters: 0 0 0

#Transform 128
Transform: AffineTransform_float_3_3
Parameters: 0.999929 0.00932924 0.00748151 -0.00941461 0.999889 0.0114878 -0.00737414 -0.0115582 0.999906 0.053048 0.570781 0.280188
FixedParameters: 0 0 0

#Transform 129
Transform: AffineTransform_float_3_3
Parameters: 0.999929 0.00953719 0.00723943 -0.00961507 0.999896 0.010755 -0.00713627 -0.010824 0.999916 0.0632631 0.569756 0.239691
FixedParameters: 0 0 0

#Transform 130
Transform: AffineTransform_float_3_3
Parameters: 0.999927 0.00948622 0.00757478 -0.00956733 0.999897 0.0107519 -0.0074723 -0.0108231 0.999913 0.0448641 0.566777 0.249061
FixedParameters: 0 0 0

#Transform 131
Transform: AffineTransform_float_3_3
Parameters: 0.999917 0.00973194 0.00844001 -0.00982744 0.999888 0.0113243 -0.00832836 -0.0114057 0.9999 0.0274834 0.573911 0.287145
FixedParameters: 0 0 0

#Transform 132
Transform: AffineTransform_float_3_3
Parameters: 0.99992 0.00970891 0.00801927 -0.00979549 0.999894 0.0108308 -0.00791378 -0.0109082 0.999909 0.0516529 0.576858 0.211383
FixedParameters: 0 0 0

#Transform 133
Transform: AffineTransform_float_3_3
Parameters: 0.999917 0.00971164 0.00855163 -0.0098104 0.999884 0.0116261 -0.00843807 -0.0117089 0.999896 0.0296249 0.522642 0.271591
FixedParameters: 0 0 0

#Transform 134
Transform: AffineTransform_float_3_3
Parameters: 0.999917 0.00975373 0.00849219 -0.00985461 0.99988 0.0119145 -0.00837485 -0.0119965 0.999893 0.0353258 0.559425 0.274309
FixedParameters: 0 0 0

#Transform 135
Transform: AffineTransform_float_3_3
Parameters: 0.999915 0.00959979 0.008749 -0.00970404 0.999882 0.0119129 -0.00863302 -0.0119961 0.999891 0.0209458 0.526868 0.280624
FixedParameters: 0 0 0

#Transform 136
Transform: AffineTransform_float_3_3
Parameters: 0.999915 0.00993789 0.00852783 -0.0100346 0.999885 0.0113577 -0.00841367 -0.0114422 0.999899 0.0381237 0.588315 0.255488
FixedParameters: 0 0 0

#Transform 137
Transform: AffineTransform_float_3_3
Parameters: 0.999916 0.00961705 0.0087016 -0.00971629 0.999887 0.0114312 -0.00859102 -0.0115148 0.999897 0.0260697 0.540185 0.255323
FixedParameters: 0 0 0

#Transform 138
Transform: AffineTransform_float_3_3
Parameters: 0.999915 0.00960006 0.0088996 -0.00970294 0.999885 0.0116794 -0.00878702 -0.0117647 0.999892 0.0164744 0.533446 0.275138
FixedParameters: 0 0 0

#Transform 139
Transform: AffineTransform_float_3_3
Parameters: 0.999917 0.00947175 0.00875612 -0.00957148 0.999889 0.0114319 -0.00864676 -0.0115151 0.999896 0.0193654 0.547037 0.286556
FixedParameters: 0 0 0

#Transform 140
Transform: AffineTransform_float_3_3
Parameters: 0.999915 0.00970023 0.0086358 -0.00979895 0.999887 0.0114314 -0.00852341 -0.0115156 0.999897 0.0297563 0.55906 0.248958
FixedParameters: 0 0 0

#Transform 141
Transform: AffineTransform_float_3_3
Parameters: 0.999911 0.00989084 0.00901598 -0.0099874 0.999893 0.0107399 -0.00890906 -0.0108291 0.999901 0.0234464 0.585695 0.212815
FixedParameters: 0 0 0

#Transform 142
Transform: AffineTransform_float_3_3
Parameters: 0.999913 0.00975581 0.00892898 -0.00985666 0.999887 0.0114069 -0.00881731 -0.0114941 0.999895 0.0222402 0.537043 0.400893
FixedParameters: 0 0 0

#Transform 143
Transform: AffineTransform_float_3_3
Parameters: 0.999903 0.0100249 0.00961031 -0.0101188 0.9999 0.00982628 -0.00951101 -0.00992271 0.999905 0.0120922 0.595759 0.427565
FixedParameters: 0 0 0

#Transform 144
Transform: AffineTransform_float_3_3
Parameters: 0.999912 0.0101029 0.0085749 -0.0101721 0.999916 0.00805601 -0.00849292 -0.00814198 0.99993 0.0400657 0.658802 0.313175
FixedParameters: 0 0 0

#Transform 145
Transform: AffineTransform_float_3_3
Parameters: 0.999916 0.0100004 0.008329 -0.0100667 0.999917 0.00798341 -0.00824841 -0.00806659 0.999933 0.0448201 0.683636 0.327654
FixedParameters: 0 0 0

#Transform 146
Transform: AffineTransform_float_3_3
Parameters: 0.999912 0.0102192 0.00848737 -0.0102896 0.999913 0.00823014 -0.00840291 -0.00831586 0.99993 0.0313571 0.64833 0.342794
FixedParameters: 0 0 0

#Transform 147
Transform: AffineTransform_float_3_3
Parameters: 0.999919 0.0100038 0.00787239 -0.0100703 0.999913 0.00843925 -0.00778772 -0.00851776 0.999934 0.0447547 0.665812 0.292379
FixedParameters: 0 0 0

#Transform 148
Transform: AffineTransform_float_3_3
Parameters: 0.999913 0.00989407 0.0087243 -0.0099733 0.999909 0.00907 -0.00863449 -0.009156 0.99992 0.031661 0.639741 0.294301
FixedParameters: 0 0 0

#Transform 149
Transform: AffineTransform_float_3_3
Parameters: 0.99991 0.0100693 0.0089356 -0.0101558 0.999901 0.00970431 -0.00883688 -0.00979369 0.999913 0.0375993 0.629386 0.28027
FixedParameters: 0 0 0

#Transform 150
Transform: AffineTransform_float_3_3
Parameters: 0.99991 0.010195 0.00871764 -0.0102676 0.999912 0.00836576 -0.00863134 -0.00845425 0.999927 0.0425929 0.664321 0.29232
FixedParameters: 0 0 0

#Transform 151
Transform: AffineTransform_float_3_3
Parameters: 0.999911 0.0101847 0.00861891 -0.0102609 0.999909 0.00882298 -0.00852818 -0.00891003 0.999924 0.0440803 0.635946 0.290495
FixedParameters: 0 0 0
