#Insight Transform File V1.0
#Transform 0
Transform: AffineTransform_float_3_3
Parameters: 0.999955 -0.00851326 0.00434205 0.00856484 0.999892 -0.0119968 -0.00423899 0.0120332 0.999918 -0.117525 -0.752489 -1.28446
FixedParameters: 0 0 0

#Transform 1
Transform: AffineTransform_float_3_3
Parameters: 0.999971 -0.00662 0.00391511 0.00667715 0.99987 -0.0146586 -0.00381789 0.0146844 0.999885 -0.0793958 -0.711655 -1.27733
FixedParameters: 0 0 0

#Transform 2
Transform: AffineTransform_float_3_3
Parameters: 0.999969 -0.00714253 0.00324856 0.00718203 0.999898 -0.0123542 -0.00315938 0.0123768 0.999918 -0.0518636 -0.9234 -1.1269
FixedParameters: 0 0 0

#Transform 3
Transform: AffineTransform_float_3_3
Parameters: 0.999966 -0.00748326 0.0033108 0.00752258 0.999898 -0.0121693 -0.00321908 0.0121937 0.99992 -0.0452054 -0.803786 -1.18283
FixedParameters: 0 0 0

#Transform 4
Transform: AffineTransform_float_3_3
Parameters: 0.999937 -0.00991725 0.00523651 0.0100228 0.999737 -0.0205793 -0.00503038 0.0206307 0.999775 -0.17315 -0.581393 -1.25364
FixedParameters: 0 0 0

#Transform 5
Transform: AffineTransform_float_3_3
Parameters: 0.999954 -0.00823477 0.00494907 0.00833909 0.999735 -0.0214571 -0.00477121 0.0214979 0.999758 -0.127885 -0.692885 -1.21379
FixedParameters: 0 0 0

#Transform 6
Transform: AffineTransform_float_3_3
Parameters: 0.999963 -0.00746739 0.00442519 0.00756058 0.999741 -0.0214321 -0.00426383 0.0214648 0.99976 -0.0961945 -0.66058 -1.13145
FixedParameters: 0 0 0

#Transform 7
Transform: AffineTransform_float_3_3
Parameters: 0.999962 -0.00752143 0.00423855 0.00761167 0.999737 -0.0216322 -0.00407437 0.0216628 0.999757 -0.0951044 -0.570215 -1.14076
FixedParameters: 0 0 0

#Transform 8
Transform: AffineTransform_float_3_3
Parameters: 0.99998 -0.00524476 0.00333643 0.00531384 0.999766 -0.0209458 -0.00322525 0.0209632 0.999775 -0.0832715 -0.578016 -1.1751
FixedParameters: 0 0 0

#Transform 9
Transform: AffineTransform_float_3_3
Parameters: 0.999983 -0.00518047 0.00288614 0.0052375 0.999784 -0.0201279 -0.00278147 0.0201431 0.999793 -0.0458626 -0.563274 -1.14572
FixedParameters: 0 0 0

#Transform 10
Transform: AffineTransform_float_3_3
Parameters: 0.999956 -0.00829217 0.00435452 0.00835912 0.99984 -0.0158121 -0.00422238 0.0158479 0.999865 -0.107127 -0.462971 -1.47595
FixedParameters: 0 0 0

#Transform 11
Transform: AffineTransform_float_3_3
Parameters: 0.999892 -0.0138346 0.00496199 0.0138897 0.99984 -0.0111934 -0.00480612 0.0112606 0.999925 -0.257576 -0.461052 -1.82228
FixedParameters: 0 0 0

#Transform 12
Transform: AffineTransform_float_3_3
Parameters: 0.999945 -0.0104195 0.00112896 0.0104231 0.99994 -0.00341482 -0.00109384 0.00342719 0.999994 -0.126334 -0.939287 -0.568458
FixedParameters: 0 0 0

#Transform 13
Transform: AffineTransform_float_3_3
Parameters: 0.999982 -0.00592741 0.000886242 0.00593433 0.999946 -0.00847629 -0.000835673 0.00848172 0.999964 -0.0161496 -0.672668 -0.398501
FixedParameters: 0 0 0

#Transform 14
Transform: AffineTransform_float_3_3
Parameters: 0.999991 -0.00397018 0.00178582 0.00398492 0.999959 -0.00807421 -0.00175335 0.00808079 0.999966 -0.0601642 -0.510849 -0.221917
FixedParameters: 0 0 0

#Transform 15
Transform: AffineTransform_float_3_3
Parameters: 0.999995 -0.00307402 -0.000998788 0.00307298 0.999995 -0.000772271 0.00100057 0.00076873 0.999999 -0.0530381 0.089709 -0.348311
FixedParameters: 0 0 0

#Transform 16
Transform: AffineTransform_float_3_3
Parameters: 0.999999 -0.00140733 0.000562995 0.00140745 0.999998 -0.00083518 -0.000561798 0.00083582 1 -0.134169 -0.00380965 -0.293339
FixedParameters: 0 0 0

#Transform 17
Transform: AffineTransform_float_3_3
Parameters: 0.999998 -0.00137744 0.00140915 0.00137715 0.999999 0.000804833 -0.00141103 -0.000803168 0.999999 -0.0783863 -0.0898637 0.0173383
FixedParameters: 0 0 0

#Transform 18
Transform: AffineTransform_float_3_3
Parameters: 1 0.000545561 9.04226e-05 -0.000545298 0.999999 -0.00144205 -9.19956e-05 0.00144195 0.999999 -0.00278636 -0.0432183 0.0225812
FixedParameters: 0 0 0

#Transform 19
Transform: AffineTransform_float_3_3
Parameters: 0.999999 0.000600496 -0.00117569 -0.000600859 1 -0.000154431 0.0011755 0.000154568 0.999999 0.0582262 -0.0753516 -0.0576492
FixedParameters: 0 0 0

#Transform 20
Transform: AffineTransform_float_3_3
Parameters: 1 -0.000550305 0.000307034 0.000550768 0.999999 -0.00075483 -0.000306203 0.000755168 0.999999 -0.023842 -0.0222657 0.0036546
FixedParameters: 0 0 0

#Transform 21
Transform: AffineTransform_float_3_3
Parameters: 1 0.000670206 -4.68709e-05 -0.000670705 0.999999 -0.0017318 4.65198e-05 0.0017322 0.999998 -0.0220536 0.0907808 -0.143935
FixedParameters: 0 0 0

#Transform 22
Transform: AffineTransform_float_3_3
Parameters: 0.999999 0.000493261 0.000858812 -0.000491083 0.999996 -0.00251142 -0.000860635 0.00251057 0.999996 -0.0567641 -0.0217317 -0.104366
FixedParameters: 0 0 0

#Transform 23
Transform: AffineTransform_float_3_3
Parameters: 0.999999 0.000527095 0.000659378 -0.000525493 0.999995 -0.00296251 -0.000660862 0.00296149 0.999996 -0.100429 0.0425126 -0.101439
FixedParameters: 0 0 0

#Transform 24
Transform: AffineTransform_float_3_3
Parameters: 0.999999 0.00171227 0.000527712 -0.00170992 0.999994 -0.00301257 -0.000533092 0.00301142 0.999995 -0.0115609 0.0373678 0.00156681
FixedParameters: 0 0 0

#Transform 25
Transform: AffineTransform_float_3_3
Parameters: 0.999998 0.00165223 0.000426649 -0.00165127 0.999992 -0.00344254 -0.000432274 0.00344146 0.999994 -0.0255198 0.0988343 -0.0640207
FixedParameters: 0 0 0

#Transform 26
Transform: AffineTransform_float_3_3
Parameters: 0.999998 0.00182938 0.000831414 -0.00182635 0.999988 -0.00449322 -0.000839471 0.00449178 0.999989 -0.0196811 0.0943876 0.0189532
FixedParameters: 0 0 0

#Transform 27
Transform: AffineTransform_float_3_3
Parameters: 0.999999 0.00180562 0.000460669 -0.00180487 0.999995 -0.00278151 -0.00046595 0.0027805 0.999996 -0.037399 0.117969 -0.031196
FixedParameters: 0 0 0

#Transform 28
Transform: AffineTransform_float_3_3
Parameters: 0.999998 0.00191542 0.000265624 -0.00191468 0.999991 -0.00358218 -0.000272443 0.00358181 0.999993 -0.0389605 0.135917 -0.04371
FixedParameters: 0 0 0

#Transform 29
Transform: AffineTransform_float_3_3
Parameters: 0.999999 0.00186442 -0.000131445 -0.00186427 0.999994 -0.0031494 0.000125953 0.0031496 0.999995 -0.0266666 0.103795 -0.0046981
FixedParameters: 0 0 0

#Transform 30
Transform: AffineTransform_float_3_3
Parameters: 0.999999 0.00180011 0.000251984 -0.00179847 0.999993 -0.00326813 -0.000257662 0.00326787 0.999994 -0.0428343 0.133116 0.0496241
FixedParameters: 0 0 0

#Transform 31
Transform: AffineTransform_float_3_3
Parameters: 0.999996 0.00155388 -0.00204938 -0.00155684 0.999998 -0.00160206 0.00204704 0.00160494 0.999997 0.0469455 0.150228 0.00327114
FixedParameters: 0 0 0

#Transform 32
Transform: AffineTransform_float_3_3
Parameters: 0.999998 0.00199418 0.000136666 -0.00199364 0.999975 -0.00668995 -0.000149376 0.00669004 0.999977 0.0298584 0.0873441 0.0451458
FixedParameters: 0 0 0

#Transform 33
Transform: AffineTransform_float_3_3
Parameters: 0.999998 0.000141017 -0.00173629 -0.000162104 0.999923 -0.0124211 0.00173426 0.0124209 0.999922 0.0647659 0.244536 0.169811
FixedParameters: 0 0 0

#Transform 34
Transform: AffineTransform_float_3_3
Parameters: 0.999999 -0.000153557 -0.000775925 0.000144943 0.99994 -0.0109461 0.000777583 0.0109459 0.99994 0.0218707 0.277242 0.175459
FixedParameters: 0 0 0

#Transform 35
Transform: AffineTransform_float_3_3
Parameters: 0.999998 0.00124736 -0.00107646 -0.00126058 0.99992 -0.0125408 0.00106051 0.0125422 0.999921 0.0365948 0.297702 0.198425
FixedParameters: 0 0 0

#Transform 36
Transform: AffineTransform_float_3_3
Parameters: 0.999999 0.00117299 -0.000878149 -0.00118437 0.999926 -0.0120639 0.000864543 0.012065 0.999927 0.0287313 0.319279 0.176402
FixedParameters: 0 0 0

#Transform 37
Transform: AffineTransform_float_3_3
Parameters: 1 0.000874058 -0.000854298 -0.000883209 0.999933 -0.0115592 0.00084389 0.0115607 0.999933 0.0343734 0.327197 0.160433
FixedParameters: 0 0 0

#Transform 38
Transform: AffineTransform_float_3_3
Parameters: 1 0.000286515 -3.11334e-05 -0.000286668 0.999943 -0.010685 2.81344e-05 0.010685 0.999943 -0.0141764 0.312175 0.100991
FixedParameters: 0 0 0

#Transform 39
Transform: AffineTransform_float_3_3
Parameters: 0.999998 -0.00229814 -0.000441891 0.00229307 0.999928 -0.0118256 0.000468753 0.0118245 0.99993 -0.0114471 0.320463 0.162443
FixedParameters: 0 0 0

#Transform 40
Transform: AffineTransform_float_3_3
Parameters: 0.999999 -0.000840408 -0.000634459 0.000834629 0.999961 -0.00881056 0.00064102 0.00881044 0.999961 0.0158624 0.244245 0.123975
FixedParameters: 0 0 0

#Transform 41
Transform: AffineTransform_float_3_3
Parameters: 0.999999 -0.00124998 -0.000289616 0.00124677 0.999938 -0.0110482 0.000303569 0.0110478 0.999939 0.00477224 0.309146 0.122482
FixedParameters: 0 0 0

#Transform 42
Transform: AffineTransform_float_3_3
Parameters: 0.999999 -0.000543144 -0.000599536 0.00053854 0.999962 -0.00876133 0.000603941 0.00876068 0.999962 0.00852286 0.298737 0.05596
FixedParameters: 0 0 0

#Transform 43
Transform: AffineTransform_float_3_3
Parameters: 0.999999 -0.000652777 -0.000658336 0.000647063 0.999967 -0.00807043 0.000663585 0.00806957 0.999967 0.0195948 0.210233 0.0612086
FixedParameters: 0 0 0

#Transform 44
Transform: AffineTransform_float_3_3
Parameters: 1 -0.000793943 -0.000744802 0.000787442 0.999964 -0.00842362 0.000752065 0.00842338 0.999965 0.0240243 0.237543 0.103809
FixedParameters: 0 0 0

#Transform 45
Transform: AffineTransform_float_3_3
Parameters: 0.999999 0.000874258 -0.000474031 -0.000878386 0.999964 -0.00837055 0.000467103 0.00837044 0.999965 0.0464687 0.27514 0.0691333
FixedParameters: 0 0 0

#Transform 46
Transform: AffineTransform_float_3_3
Parameters: 0.999999 0.00132701 -0.000398426 -0.00132969 0.999976 -0.00670145 0.000389182 0.00670155 0.999978 0.0318169 0.235925 0.0268709
FixedParameters: 0 0 0

#Transform 47
Transform: AffineTransform_float_3_3
Parameters: 0.999677 -0.0253723 0.000813949 0.0251616 0.994615 0.10053 -0.00336071 -0.100477 0.994934 -0.930201 -1.97011 -3.81885
FixedParameters: 0 0 0

#Transform 48
Transform: AffineTransform_float_3_3
Parameters: 0.999993 -0.00256419 -0.00253808 0.00256388 0.999996 -9.73461e-05 0.00253757 9.06555e-05 0.999997 -0.0560118 -0.0905628 -0.448791
FixedParameters: 0 0 0

#Transform 49
Transform: AffineTransform_float_3_3
Parameters: 1 -0.000276718 -0.000510141 0.000277175 1 0.000611858 0.000510787 -0.000612141 0.999999 -0.0541107 0.186236 -0.400268
FixedParameters: 0 0 0

#Transform 50
Transform: AffineTransform_float_3_3
Parameters: 0.999989 -0.00444741 0.00141707 0.00440229 0.99953 0.0303508 -0.0015512 -0.0303442 0.999538 -0.194366 -0.338367 -1.24245
FixedParameters: 0 0 0

#Transform 51
Transform: AffineTransform_float_3_3
Parameters: 0.999952 -0.00978738 -0.00035456 0.00979313 0.998864 0.0466368 -0.00010263 -0.0466382 0.998912 -0.164659 -0.209082 -3.33215
FixedParameters: 0 0 0

#Transform 52
Transform: AffineTransform_float_3_3
Parameters: 0.99996 -0.00317573 0.00835935 0.00279355 0.998966 0.0453672 -0.00849482 -0.0453427 0.998935 -0.33585 -0.510692 -3.03693
FixedParameters: 0 0 0

#Transform 53
Transform: AffineTransform_float_3_3
Parameters: 0.999996 -0.000607941 0.00272483 0.000537298 0.999666 0.0258469 -0.00274033 -0.0258451 0.999662 -0.0968069 -0.513814 -1.20863
FixedParameters: 0 0 0

#Transform 54
Transform: AffineTransform_float_3_3
Parameters: 0.999998 0.00151284 0.000641409 -0.00152599 0.999769 0.0214072 -0.000608512 -0.0214088 0.99977 0.0484345 -0.333634 -0.996078
FixedParameters: 0 0 0

#Transform 55
Transform: AffineTransform_float_3_3
Parameters: 0.999998 0.00192309 0.0012471 -0.00195003 0.999759 0.0218489 -0.00120559 -0.0218511 0.99976 0.0420054 -0.274548 -0.995523
FixedParameters: 0 0 0

#Transform 56
Transform: AffineTransform_float_3_3
Parameters: 0.999998 0.00206079 6.85859e-05 -0.00206184 0.999739 0.0227292 -2.2376e-05 -0.0227297 0.999741 0.0429997 -0.168748 -1.01349
FixedParameters: 0 0 0

#Transform 57
Transform: AffineTransform_float_3_3
Parameters: 0.999998 0.00184382 -0.000860991 -0.0018278 0.999817 0.0190428 0.00089648 -0.0190412 0.999818 0.0567433 -0.137995 -0.991835
FixedParameters: 0 0 0

#Transform 58
Transform: AffineTransform_float_3_3
Parameters: 0.999998 0.00202964 -0.00114497 -0.0020072 0.999825 0.0186196 0.00118208 -0.0186174 0.999825 0.0268834 -0.141554 -0.95758
FixedParameters: 0 0 0

#Transform 59
Transform: AffineTransform_float_3_3
Parameters: 0.999998 0.00209726 -0.000954922 -0.00208035 0.999852 0.0170652 0.000990965 -0.0170627 0.999854 0.0296514 -0.132263 -0.95581
FixedParameters: 0 0 0

#Transform 60
Transform: AffineTransform_float_3_3
Parameters: 0.999996 0.00241589 -0.000858651 -0.00240551 0.999921 0.0123605 0.000888933 -0.0123585 0.999923 0.0344084 -0.0367226 -0.72796
FixedParameters: 0 0 0

#Transform 61
Transform: AffineTransform_float_3_3
Parameters: 0.999996 0.00250156 -0.00062036 -0.00249264 0.999904 0.013592 0.00065434 -0.013591 0.999907 0.0230089 -0.124564 -0.742702
FixedParameters: 0 0 0

#Transform 62
Transform: AffineTransform_float_3_3
Parameters: 0.999998 0.00228368 -0.000133963 -0.00228214 0.9999 0.0140019 0.00016599 -0.0140011 0.999902 0.00728061 -0.0708432 -0.732955
FixedParameters: 0 0 0

#Transform 63
Transform: AffineTransform_float_3_3
Parameters: 0.999997 0.00250688 -0.000356056 -0.00250205 0.999916 0.0127285 0.00038757 -0.0127275 0.999919 0.0132322 0.0305087 -0.772827
FixedParameters: 0 0 0

#Transform 64
Transform: AffineTransform_float_3_3
Parameters: 0.999996 0.00249905 -0.000785357 -0.00248911 0.99992 0.0123874 0.000816033 -0.0123856 0.999922 0.0239195 -0.0301676 -0.74044
FixedParameters: 0 0 0

#Transform 65
Transform: AffineTransform_float_3_3
Parameters: 0.999997 0.00233688 -0.000435043 -0.00233286 0.999937 0.0109696 0.000460925 -0.0109684 0.999939 0.0162104 0.0275119 -0.700314
FixedParameters: 0 0 0

#Transform 66
Transform: AffineTransform_float_3_3
Parameters: 0.999997 0.00220975 -0.00086709 -0.00219972 0.999933 0.0113412 0.000892065 -0.0113388 0.999935 0.031978 0.0353771 -0.721845
FixedParameters: 0 0 0

#Transform 67
Transform: AffineTransform_float_3_3
Parameters: 0.999997 0.00240345 -0.000795287 -0.00239391 0.999928 0.0117154 0.000823501 -0.0117136 0.999931 0.0206704 -0.00119479 -0.717229
FixedParameters: 0 0 0

#Transform 68
Transform: AffineTransform_float_3_3
Parameters: 0.999997 0.00232674 -0.000378477 -0.00232264 0.999935 0.0111803 0.000404297 -0.0111787 0.999938 0.00703119 0.0309147 -0.66893
FixedParameters: 0 0 0

#Transform 69
Transform: AffineTransform_float_3_3
Parameters: 0.999996 0.00282233 -0.000701913 -0.002815 0.999938 0.0107484 0.000732712 -0.0107466 0.999943 0.0338317 0.0279501 -0.645932
FixedParameters: 0 0 0

#Transform 70
Transform: AffineTransform_float_3_3
Parameters: 0.999996 0.00244608 -0.00104677 -0.00243637 0.999952 0.00943984 0.0010698 -0.00943717 0.999955 0.0287134 0.0409845 -0.611448
FixedParameters: 0 0 0

#Transform 71
Transform: AffineTransform_float_3_3
Parameters: 0.999997 0.00234345 -0.000976132 -0.00233471 0.999962 0.00839155 0.000995788 -0.00838944 0.999964 0.0283851 0.0855338 -0.542456
FixedParameters: 0 0 0

#Transform 72
Transform: AffineTransform_float_3_3
Parameters: 0.999996 0.00230027 -0.00135321 -0.00229125 0.999972 0.00715538 0.00137006 -0.00715162 0.999974 0.0313244 0.0970243 -0.536732
FixedParameters: 0 0 0

#Transform 73
Transform: AffineTransform_float_3_3
Parameters: 0.999997 0.00226968 -0.000949768 -0.00226291 0.999973 0.00693442 0.000965879 -0.00693258 0.999976 0.0384016 0.109092 -0.517254
FixedParameters: 0 0 0

#Transform 74
Transform: AffineTransform_float_3_3
Parameters: 0.999997 0.00247415 -0.00106577 -0.00246762 0.999973 0.0069109 0.00108328 -0.00690809 0.999976 0.0601083 0.120037 -0.531425
FixedParameters: 0 0 0

#Transform 75
Transform: AffineTransform_float_3_3
Parameters: 0.999997 0.00228524 -0.000764568 -0.00228034 0.999975 0.00674715 0.00078022 -0.00674484 0.999977 0.0305166 0.134387 -0.456675
FixedParameters: 0 0 0

#Transform 76
Transform: AffineTransform_float_3_3
Parameters: 0.999995 0.0030228 -0.00101485 -0.00301837 0.999989 0.0036797 0.00102538 -0.00367631 0.999993 0.0439265 0.163767 -0.522813
FixedParameters: 0 0 0

#Transform 77
Transform: AffineTransform_float_3_3
Parameters: 0.999995 0.00296574 -0.0014937 -0.00296331 0.999994 0.00184974 0.00149905 -0.00184526 0.999998 0.0779507 0.20889 -0.513298
FixedParameters: 0 0 0

#Transform 78
Transform: AffineTransform_float_3_3
Parameters: 0.999994 -0.002221 -0.00265516 0.0021054 0.999077 -0.0428999 0.00274811 0.0428941 0.999076 0.172372 1.12185 0.112045
FixedParameters: 0 0 0

#Transform 79
Transform: AffineTransform_float_3_3
Parameters: 0.999997 -0.00134306 -0.00198729 0.00124688 0.998882 -0.0472477 0.00204879 0.0472453 0.998881 0.194941 1.11846 -0.288352
FixedParameters: 0 0 0

#Transform 80
Transform: AffineTransform_float_3_3
Parameters: 0.999985 0.000257036 -0.00534414 -0.000298535 0.999969 -0.00792794 0.00534205 0.00792908 0.999955 0.140181 0.215025 -0.46992
FixedParameters: 0 0 0

#Transform 81
Transform: AffineTransform_float_3_3
Parameters: 0.999995 0.000365454 -0.00309781 -0.000329113 0.999932 0.0116402 0.0031018 -0.0116388 0.999928 0.101064 -0.229652 -0.825664
FixedParameters: 0 0 0

#Transform 82
Transform: AffineTransform_float_3_3
Parameters: 0.999996 0.00147904 -0.00246251 -0.00147091 0.999993 0.00334819 0.00246791 -0.0033438 0.999991 0.122113 0.0430954 -0.490765
FixedParameters: 0 0 0

#Transform 83
Transform: AffineTransform_float_3_3
Parameters: 0.999997 0.00124459 -0.0023482 -0.00123685 0.999995 0.00321864 0.00235188 -0.00321536 0.999992 0.11727 0.0586585 -0.44358
FixedParameters: 0 0 0

#Transform 84
Transform: AffineTransform_float_3_3
Parameters: 0.999996 0.00113351 -0.00236869 -0.00112945 0.999998 0.00165524 0.00237077 -0.00165276 0.999996 0.121883 0.0920932 -0.411972
FixedParameters: 0 0 0

#Transform 85
Transform: AffineTransform_float_3_3
Parameters: 0.999996 0.00114469 -0.00262119 -0.00114239 0.999999 0.000596389 0.0026214 -0.000593609 0.999996 0.134473 0.146289 -0.411485
FixedParameters: 0 0 0

#Transform 86
Transform: AffineTransform_float_3_3
Parameters: 0.999976 0.00334287 -0.00613727 -0.00339588 0.999957 -0.0086311 0.00610835 0.0086519 0.999944 0.21736 0.420821 -0.322362
FixedParameters: 0 0 0

#Transform 87
Transform: AffineTransform_float_3_3
Parameters: 0.99998 0.00322148 -0.0054831 -0.00327033 0.999954 -0.00900034 0.00545442 0.00901766 0.999944 0.212328 0.497943 -0.33553
FixedParameters: 0 0 0

#Transform 88
Transform: AffineTransform_float_3_3
Parameters: 0.999979 0.00323762 -0.00571865 -0.0032946 0.999946 -0.00991763 0.00568675 0.00993636 0.999934 0.232971 0.495811 -0.338958
FixedParameters: 0 0 0

#Transform 89
Transform: AffineTransform_float_3_3
Parameters: 0.999986 0.00167493 -0.00503334 -0.00172113 0.999957 -0.00918252 0.00501713 0.00919149 0.999945 0.166666 0.488491 -0.49925
FixedParameters: 0 0 0

#Transform 90
Transform: AffineTransform_float_3_3
Parameters: 0.999975 -0.00696468 0.00127368 0.006957 0.999956 0.00632366 -0.00131757 -0.00631534 0.999979 -0.343954 0.604781 -1.13619
FixedParameters: 0 0 0

#Transform 91
Transform: AffineTransform_float_3_3
Parameters: 0.999991 -0.00409617 -1.20369e-05 0.00409567 0.999989 0.00239136 1.48988e-06 -0.00239064 0.999997 -0.141799 0.504594 -0.742294
FixedParameters: 0 0 0

#Transform 92
Transform: AffineTransform_float_3_3
Parameters: 0.999993 -0.0035832 -0.000481789 0.00358362 0.999993 0.00114228 0.000477541 -0.00114372 1 -0.140144 0.54411 -0.701869
FixedParameters: 0 0 0

#Transform 93
Transform: AffineTransform_float_3_3
Parameters: 0.999994 -0.00342561 -3.51684e-05 0.00342599 0.999993 0.00101977 3.2291e-05 -0.00102023 1 -0.11624 0.481354 -0.650118
FixedParameters: 0 0 0

#Transform 94
Transform: AffineTransform_float_3_3
Parameters: 0.999996 -0.00269087 0.00138884 0.00267355 0.999916 0.0127191 -0.00142246 -0.0127159 0.999918 -0.0821862 0.117833 -0.783358
FixedParameters: 0 0 0

#Transform 95
Transform: AffineTransform_float_3_3
Parameters: 1 -0.000108484 -0.00063516 0.00011278 0.999966 0.00830794 0.000634282 -0.00830808 0.999966 0.0486609 0.137657 -0.603909
FixedParameters: 0 0 0

#Transform 96
Transform: AffineTransform_float_3_3
Parameters: 0.999997 -0.001839 -0.0019352 0.00184328 0.999995 0.0026405 0.00193054 -0.00264351 0.999995 0.0342941 0.329507 -0.588257
FixedParameters: 0 0 0

#Transform 97
Transform: AffineTransform_float_3_3
Parameters: 0.999997 -0.00176196 -0.00135125 0.00176322 0.999998 0.000524728 0.00135038 -0.000527271 0.999999 0.0641756 0.404662 -0.545438
FixedParameters: 0 0 0

#Transform 98
Transform: AffineTransform_float_3_3
Parameters: 0.999998 -7.01992e-05 -0.00161136 7.27394e-05 0.999999 0.00145172 0.0016118 -0.00145228 0.999997 0.0799266 0.389775 -0.530201
FixedParameters: 0 0 0

#Transform 99
Transform: AffineTransform_float_3_3
Parameters: 0.999999 -0.000238551 -0.00122012 0.000239076 1 0.00109171 0.00122025 -0.00109229 0.999998 0.0309251 0.432367 -0.548064
FixedParameters: 0 0 0

#Transform 100
Transform: AffineTransform_float_3_3
Parameters: 0.999998 -0.00140711 -0.00185588 0.00140563 0.999999 -0.000447501 0.00185615 0.000444499 0.999998 0.0487689 0.396633 -0.534038
FixedParameters: 0 0 0

#Transform 101
Transform: AffineTransform_float_3_3
Parameters: 0.999997 -0.00160965 -0.00171522 0.0016105 0.999999 0.000248319 0.00171442 -0.000250679 0.999999 0.0733846 0.405335 -0.534636
FixedParameters: 0 0 0

#Transform 102
Transform: AffineTransform_float_3_3
Parameters: 0.999999 -0.000635214 -0.000748443 0.000634802 0.999999 -0.000388475 0.00074795 0.000387525 0.999999 0.0347029 0.460172 -0.503398
FixedParameters: 0 0 0

#Transform 103
Transform: AffineTransform_float_3_3
Parameters: 0.999998 5.55112e-05 -0.00173735 -5.65964e-05 1 -0.000596235 0.00173745 0.000595765 0.999999 0.0686735 0.422847 -0.567144
FixedParameters: 0 0 0

#Transform 104
Transform: AffineTransform_float_3_3
Parameters: 0.999998 0.000345238 -0.00167695 -0.000349654 0.999997 -0.00249275 0.0016759 0.00249325 0.999996 0.0569681 0.435921 -0.456191
FixedParameters: 0 0 0

#Transform 105
Transform: AffineTransform_float_3_3
Parameters: 0.999994 0.00137135 -0.0033456 -0.00139979 0.999963 -0.00850629 0.00333398 0.00851073 0.999959 0.103438 0.566553 -0.424615
FixedParameters: 0 0 0

#Transform 106
Transform: AffineTransform_float_3_3
Parameters: 0.999991 0.000846865 -0.00397466 -0.000880153 0.999964 -0.0083659 0.0039679 0.0083701 0.999957 0.126666 0.582742 -0.500215
FixedParameters: 0 0 0

#Transform 107
Transform: AffineTransform_float_3_3
Parameters: 0.999989 0.00108369 -0.00455948 -0.00112477 0.999959 -0.0089956 0.00454964 0.0090014 0.999949 0.144164 0.640349 -0.513773
FixedParameters: 0 0 0

#Transform 108
Transform: AffineTransform_float_3_3
Parameters: 0.99999 0.00180935 -0.00395658 -0.00184737 0.999952 -0.00957113 0.00393915 0.00957786 0.999947 0.151642 0.642055 -0.467854
FixedParameters: 0 0 0

#Transform 109
Transform: AffineTransform_float_3_3
Parameters: 0.99999 0.00178575 -0.00414029 -0.00181579 0.999971 -0.00740094 0.00412706 0.00740906 0.999964 0.158287 0.512867 -0.386539
FixedParameters: 0 0 0

#Transform 110
Transform: AffineTransform_float_3_3
Parameters: 0.999989 0.00136269 -0.00452768 -0.00139691 0.99997 -0.00760853 0.00451766 0.00761547 0.999961 0.169069 0.659465 -0.476425
FixedParameters: 0 0 0

#Transform 111
Transform: AffineTransform_float_3_3
Parameters: 0.999989 0.00159928 -0.0045521 -0.00162905 0.999976 -0.00664637 0.00454095 0.00665362 0.999967 0.162894 0.654645 -0.506701
FixedParameters: 0 0 0

#Transform 112
Transform: AffineTransform_float_3_3
Parameters: 0.999988 0.00180046 -0.00445471 -0.00182788 0.99998 -0.00615548 0.00444415 0.00616453 0.999971 0.185084 0.646513 -0.450548
FixedParameters: 0 0 0

#Transform 113
Transform: AffineTransform_float_3_3
Parameters: 0.999988 0.00168951 -0.00447455 -0.00172412 0.999968 -0.00779892 0.00446203 0.00780708 0.999959 0.181638 0.632028 -0.453905
FixedParameters: 0 0 0

#Transform 114
Transform: AffineTransform_float_3_3
Parameters: 0.999988 0.00239286 -0.00427561 -0.00242011 0.999976 -0.00645402 0.00425943 0.00646497 0.99997 0.202231 0.639435 -0.410395
FixedParameters: 0 0 0

#Transform 115
Transform: AffineTransform_float_3_3
Parameters: 0.999995 0.00171285 -0.00291236 -0.00172265 0.999992 -0.00359858 0.00290595 0.00360442 0.999989 0.162859 0.525299 -0.310073
FixedParameters: 0 0 0

#Transform 116
Transform: AffineTransform_float_3_3
Parameters: 0.999995 0.00160153 -0.00293056 -0.00161104 0.999994 -0.00321885 0.00292485 0.00322315 0.99999 0.182646 0.472335 -0.16713
FixedParameters: 0 0 0

#Transform 117
Transform: AffineTransform_float_3_3
Parameters: 0.999993 0.0020008 -0.00317575 -0.00201705 0.999984 -0.00517132 0.0031649 0.00517768 0.999981 0.148798 0.435693 0.215998
FixedParameters: 0 0 0

#Transform 118
Transform: AffineTransform_float_3_3
Parameters: 0.999993 0.00298222 -0.00250495 -0.00299314 0.999986 -0.0042115 0.00249164 0.00421949 0.999988 0.0997312 0.534357 -0.0626532
FixedParameters: 0 0 0

#Transform 119
Transform: AffineTransform_float_3_3
Parameters: 0.999992 0.00285394 -0.00283509 -0.00286623 0.999986 -0.00445204 0.00282296 0.00446096 0.999986 0.088705 0.505212 -0.0638719
FixedParameters: 0 0 0

#Transform 120
Transform: AffineTransform_float_3_3
Parameters: 0.999991 0.00294942 -0.00308922 -0.00296291 0.999985 -0.0046013 0.0030757 0.0046097 0.999985 0.108486 0.502697 -0.0161865
FixedParameters: 0 0 0

#Transform 121
Transform: AffineTransform_float_3_3
Parameters: 0.999992 0.00296708 -0.00287036 -0.00298254 0.999981 -0.00541359 0.00285397 0.00542241 0.999981 0.100657 0.516438 -0.0214115
FixedParameters: 0 0 0

#Transform 122
Transform: AffineTransform_float_3_3
Parameters: 0.999991 0.00315114 -0.00284033 -0.00316729 0.999979 -0.00556416 0.00282197 0.00557384 0.999981 0.101253 0.525197 -0.0175846
FixedParameters: 0 0 0

#Transform 123
Transform: AffineTransform_float_3_3
Parameters: 0.999991 0.00286701 -0.002962 -0.00288182 0.999983 -0.00502477 0.0029468 0.00503322 0.999983 0.102059 0.523013 -0.0176176
FixedParameters: 0 0 0

#Transform 124
Transform: AffineTransform_float_3_3
Parameters: 0.999992 0.00271915 -0.00291007 -0.00273317 0.999984 -0.00483738 0.00289623 0.00484561 0.999984 0.0867085 0.53552 0.00916461
FixedParameters: 0 0 0

#Transform 125
Transform: AffineTransform_float_3_3
Parameters: 0.999991 0.00296195 -0.00287052 -0.00297665 0.999982 -0.00513777 0.00285468 0.00514623 0.999983 0.0816946 0.541818 0.0201458
FixedParameters: 0 0 0

#Transform 126
Transform: AffineTransform_float_3_3
Parameters: 0.99999 0.00311688 -0.00301236 -0.00313199 0.999981 -0.00523386 0.00299663 0.00524315 0.999982 0.0911778 0.544691 0.0173053
FixedParameters: 0 0 0

#Transform 127
Transform: AffineTransform_float_3_3
Parameters: 0.99999 0.00305139 -0.00325593 -0.00306782 0.999982 -0.00507047 0.00324088 0.00508053 0.999982 0.0919607 0.532794 0.0188443
FixedParameters: 0 0 0

#Transform 128
Transform: AffineTransform_float_3_3
Parameters: 0.999991 0.00314347 -0.0030436 -0.00315876 0.999982 -0.00491167 0.00302829 0.00492132 0.999983 0.0930323 0.535584 0.032405
FixedParameters: 0 0 0

#Transform 129
Transform: AffineTransform_float_3_3
Parameters: 0.99999 0.00305452 -0.00331526 -0.00307356 0.99998 -0.00549727 0.00329871 0.00550772 0.999979 0.096985 0.557631 -0.00430623
FixedParameters: 0 0 0

#Transform 130
Transform: AffineTransform_float_3_3
Parameters: 0.999991 0.00312098 -0.002844 -0.00313618 0.999982 -0.0050702 0.00282776 0.00507879 0.999983 0.0871873 0.55347 -0.0300814
FixedParameters: 0 0 0

#Transform 131
Transform: AffineTransform_float_3_3
Parameters: 0.999991 0.00316629 -0.00283657 -0.00318058 0.999982 -0.00509711 0.00281987 0.0051059 0.999983 0.0920244 0.514995 0.0154544
FixedParameters: 0 0 0

#Transform 132
Transform: AffineTransform_float_3_3
Parameters: 0.999992 0.00286323 -0.00273271 -0.00287746 0.999983 -0.00509828 0.00271893 0.00510572 0.999983 0.0692962 0.570697 0.0282836
FixedParameters: 0 0 0

#Transform 133
Transform: AffineTransform_float_3_3
Parameters: 0.999991 0.00308342 -0.00265762 -0.00309445 0.999986 -0.00429775 0.00264523 0.00430625 0.999987 0.0849697 0.536584 -0.0450506
FixedParameters: 0 0 0

#Transform 134
Transform: AffineTransform_float_3_3
Parameters: 0.999993 0.00271504 -0.00279459 -0.00272745 0.999986 -0.00456971 0.00278209 0.00457729 0.999986 0.0707088 0.551767 -0.0474115
FixedParameters: 0 0 0

#Transform 135
Transform: AffineTransform_float_3_3
Parameters: 0.999994 0.00186663 -0.00308422 -0.00187725 0.999992 -0.00350392 0.00307805 0.00350908 0.999989 0.0961601 0.385847 0.349398
FixedParameters: 0 0 0

#Transform 136
Transform: AffineTransform_float_3_3
Parameters: 0.999994 0.00217954 -0.00273758 -0.00219174 0.999988 -0.00453839 0.00272699 0.00454462 0.999986 0.0719699 0.521304 0.242885
FixedParameters: 0 0 0

#Transform 137
Transform: AffineTransform_float_3_3
Parameters: 0.999993 0.00249646 -0.00270442 -0.00251027 0.999983 -0.00516757 0.00269109 0.00517442 0.999983 0.0652115 0.558569 0.0240885
FixedParameters: 0 0 0

#Transform 138
Transform: AffineTransform_float_3_3
Parameters: 0.999992 0.0028973 -0.00282414 -0.00291122 0.999985 -0.00458509 0.00281069 0.00459291 0.999986 0.0802383 0.519194 0.0670853
FixedParameters: 0 0 0

#Transform 139
Transform: AffineTransform_float_3_3
Parameters: 0.999992 0.00326562 -0.00228827 -0.0032748 0.999986 -0.00415632 0.00227492 0.00416369 0.999989 0.0635164 0.557233 0.0336015
FixedParameters: 0 0 0

#Transform 140
Transform: AffineTransform_float_3_3
Parameters: 0.999992 0.00311503 -0.00223144 -0.00312552 0.999983 -0.00496586 0.00221561 0.00497314 0.999985 0.0561021 0.6087 -0.00321298
FixedParameters: 0 0 0

#Transform 141
Transform: AffineTransform_float_3_3
Parameters: 0.999993 0.00283359 -0.00237919 -0.00284596 0.999982 -0.00525923 0.00236464 0.00526577 0.999983 0.0664622 0.54893 -0.0198709
FixedParameters: 0 0 0

#Transform 142
Transform: AffineTransform_float_3_3
Parameters: 0.999993 0.00310255 -0.0023351 -0.00311553 0.99998 -0.00541971 0.00231869 0.0054263 0.999983 0.0583707 0.561393 0.00248517
FixedParameters: 0 0 0

#Transform 143
Transform: AffineTransform_float_3_3
Parameters: 0.999994 0.00269745 -0.00219532 -0.00270832 0.999984 -0.00498608 0.00218139 0.00499192 0.999985 0.0671706 0.487947 0.116869
FixedParameters: 0 0 0

#Transform 144
Transform: AffineTransform_float_3_3
Parameters: 0.999993 0.0022934 -0.00299184 -0.00230065 0.999994 -0.00255263 0.00298654 0.00255937 0.999992 0.117314 0.289097 0.598906
FixedParameters: 0 0 0

#Transform 145
Transform: AffineTransform_float_3_3
Parameters: 0.999991 0.00292126 -0.00312054 -0.00293494 0.999986 -0.00429532 0.00310774 0.00430468 0.999986 0.13625 0.476376 0.46926
FixedParameters: 0 0 0

#Transform 146
Transform: AffineTransform_float_3_3
Parameters: 0.999991 0.00271066 -0.00318861 -0.00272558 0.999986 -0.00455279 0.00317639 0.00456122 0.999985 0.130697 0.481878 0.364728
FixedParameters: 0 0 0

#Transform 147
Transform: AffineTransform_float_3_3
Parameters: 0.999992 0.00258715 -0.00304263 -0.00259865 0.999989 -0.00393759 0.00303243 0.00394541 0.999988 0.114355 0.524997 0.312933
FixedParameters: 0 0 0

#Transform 148
Transform: AffineTransform_float_3_3
Parameters: 0.999991 0.00286885 -0.00333728 -0.00288394 0.999986 -0.00437499 0.00332463 0.00438401 0.999985 0.131338 0.545548 0.26848
FixedParameters: 0 0 0

#Transform 149
Transform: AffineTransform_float_3_3
Parameters: 0.999992 0.00263931 -0.0030347 -0.00265311 0.999987 -0.00430342 0.00302314 0.00431057 0.999986 0.124344 0.517781 0.267268
FixedParameters: 0 0 0

#Transform 150
Transform: AffineTransform_float_3_3
Parameters: 0.999992 0.00269952 -0.00302393 -0.00271119 0.999988 -0.0039633 0.00301369 0.0039717 0.999988 0.126312 0.514806 0.241828
FixedParameters: 0 0 0

#Transform 151
Transform: AffineTransform_float_3_3
Parameters: 0.999993 0.0025571 -0.00296191 -0.00257049 0.999986 -0.00464275 0.00295063 0.00465125 0.999985 0.106411 0.519323 0.319398
FixedParameters: 0 0 0
