# transform file /out/sourcedata/freesurfer/sub-v2s3x28812_ses-1/mri/transforms/cc_up.lta
# created by oesteban on Fri Mar 13 03:13:53 2026

type      = 0 # LINEAR_VOX_TO_VOX
nxforms   = 1
mean      = 130.0000 107.0000 123.0000
sigma     = 10000.0000
1 4 4
9.969747662544250e-01 1.099757384508848e-02 7.694519311189651e-02 -1.007780075073242e+01 
-1.096496544778347e-02 9.999396204948425e-01 -8.462616242468357e-04 3.851311111450195e+01 
-7.694984227418900e-02 0.000000000000000e+00 9.970350265502930e-01 1.521428871154785e+01 
0.000000000000000e+00 0.000000000000000e+00 0.000000000000000e+00 1.000000000000000e+00 
src volume info
valid = 1  # volume info valid
filename = /out/sourcedata/freesurfer/sub-v2s3x28812_ses-1/mri/norm.mgz
volume = 256 256 256
voxelsize = 1.000000000000000e+00 1.000000000000000e+00 1.000000000000000e+00
xras   = -1.000000000000000e+00 0.000000000000000e+00 0.000000000000000e+00
yras   = 0.000000000000000e+00 0.000000000000000e+00 -1.000000000000000e+00
zras   = 0.000000000000000e+00 1.000000000000000e+00 0.000000000000000e+00
cras   = 1.354141235351562e-01 2.635594177246094e+01 -2.240631103515625e+00
dst volume info
valid = 1  # volume info valid
filename = /out/sourcedata/freesurfer/sub-v2s3x28812_ses-1/mri/norm.mgz
volume = 256 256 256
voxelsize = 1.000000000000000e+00 1.000000000000000e+00 1.000000000000000e+00
xras   = -1.000000000000000e+00 0.000000000000000e+00 0.000000000000000e+00
yras   = 0.000000000000000e+00 0.000000000000000e+00 -1.000000000000000e+00
zras   = 0.000000000000000e+00 1.000000000000000e+00 0.000000000000000e+00
cras   = 1.354141235351562e-01 2.635594177246094e+01 -2.240631103515625e+00
