# transform file /out/sourcedata/freesurfer/sub-v2s3x28792_ses-1/mri/transforms/cc_up.lta
# created by oesteban on Fri Mar 13 01:38:51 2026

type      = 0 # LINEAR_VOX_TO_VOX
nxforms   = 1
mean      = 129.0000 125.0000 109.0000
sigma     = 10000.0000
1 4 4
9.994023442268372e-01 -3.254025802016258e-02 1.167684141546488e-02 3.146589279174805e+00 
3.253803774714470e-02 9.994705915451050e-01 3.801687271334231e-04 1.987998008728027e+01 
-1.168302819132805e-02 0.000000000000000e+00 9.999318718910217e-01 2.649207305908203e+01 
0.000000000000000e+00 0.000000000000000e+00 0.000000000000000e+00 1.000000000000000e+00 
src volume info
valid = 1  # volume info valid
filename = /out/sourcedata/freesurfer/sub-v2s3x28792_ses-1/mri/norm.mgz
volume = 256 256 256
voxelsize = 1.000000000000000e+00 1.000000000000000e+00 1.000000000000000e+00
xras   = -1.000000000000000e+00 0.000000000000000e+00 0.000000000000000e+00
yras   = 0.000000000000000e+00 0.000000000000000e+00 -1.000000000000000e+00
zras   = 0.000000000000000e+00 1.000000000000000e+00 0.000000000000000e+00
cras   = -2.318443298339844e+00 4.158058166503906e+01 -4.465026855468750e-01
dst volume info
valid = 1  # volume info valid
filename = /out/sourcedata/freesurfer/sub-v2s3x28792_ses-1/mri/norm.mgz
volume = 256 256 256
voxelsize = 1.000000000000000e+00 1.000000000000000e+00 1.000000000000000e+00
xras   = -1.000000000000000e+00 0.000000000000000e+00 0.000000000000000e+00
yras   = 0.000000000000000e+00 0.000000000000000e+00 -1.000000000000000e+00
zras   = 0.000000000000000e+00 1.000000000000000e+00 0.000000000000000e+00
cras   = -2.318443298339844e+00 4.158058166503906e+01 -4.465026855468750e-01
