# transform file /out/sourcedata/freesurfer/sub-v2s3x28802_ses-1/mri/transforms/cc_up.lta
# created by oesteban on Fri Mar 13 02:46:31 2026

type      = 0 # LINEAR_VOX_TO_VOX
nxforms   = 1
mean      = 130.0000 124.0000 126.0000
sigma     = 10000.0000
1 4 4
9.911603331565857e-01 -1.324989944696426e-01 -6.721045356243849e-03 1.790059852600098e+01 
1.324959546327591e-01 9.911831021308899e-01 -8.984533487819135e-04 1.138375568389893e+01 
6.780831143260002e-03 0.000000000000000e+00 9.999770522117615e-01 2.152347087860107e+00 
0.000000000000000e+00 0.000000000000000e+00 0.000000000000000e+00 1.000000000000000e+00 
src volume info
valid = 1  # volume info valid
filename = /out/sourcedata/freesurfer/sub-v2s3x28802_ses-1/mri/norm.mgz
volume = 256 256 256
voxelsize = 1.000000000000000e+00 1.000000000000000e+00 1.000000000000000e+00
xras   = -1.000000000000000e+00 0.000000000000000e+00 0.000000000000000e+00
yras   = 0.000000000000000e+00 0.000000000000000e+00 -1.000000000000000e+00
zras   = 0.000000000000000e+00 1.000000000000000e+00 0.000000000000000e+00
cras   = 9.285812377929688e+00 2.100039672851562e+01 -2.704135131835938e+01
dst volume info
valid = 1  # volume info valid
filename = /out/sourcedata/freesurfer/sub-v2s3x28802_ses-1/mri/norm.mgz
volume = 256 256 256
voxelsize = 1.000000000000000e+00 1.000000000000000e+00 1.000000000000000e+00
xras   = -1.000000000000000e+00 0.000000000000000e+00 0.000000000000000e+00
yras   = 0.000000000000000e+00 0.000000000000000e+00 -1.000000000000000e+00
zras   = 0.000000000000000e+00 1.000000000000000e+00 0.000000000000000e+00
cras   = 9.285812377929688e+00 2.100039672851562e+01 -2.704135131835938e+01
