# transform file /out/sourcedata/freesurfer/sub-v2s3x28750_ses-1/mri/transforms/cc_up.lta
# created by oesteban on Fri Mar 13 01:00:31 2026

type      = 0 # LINEAR_VOX_TO_VOX
nxforms   = 1
mean      = 130.0000 124.0000 103.0000
sigma     = 10000.0000
1 4 4
9.987499713897705e-01 2.750808838754892e-03 -4.990917816758156e-02 2.818938255310059e+00 
-2.747380640357733e-03 9.999961853027344e-01 1.372911210637540e-04 2.534121131896973e+01 
4.990936815738678e-02 0.000000000000000e+00 9.987537860870361e-01 2.268506622314453e+01 
0.000000000000000e+00 0.000000000000000e+00 0.000000000000000e+00 1.000000000000000e+00 
src volume info
valid = 1  # volume info valid
filename = /out/sourcedata/freesurfer/sub-v2s3x28750_ses-1/mri/norm.mgz
volume = 256 256 256
voxelsize = 1.000000000000000e+00 1.000000000000000e+00 1.000000000000000e+00
xras   = -1.000000000000000e+00 0.000000000000000e+00 0.000000000000000e+00
yras   = 0.000000000000000e+00 0.000000000000000e+00 -1.000000000000000e+00
zras   = 0.000000000000000e+00 1.000000000000000e+00 0.000000000000000e+00
cras   = -2.963523864746094e+00 -8.899337768554688e+00 8.578758239746094e+00
dst volume info
valid = 1  # volume info valid
filename = /out/sourcedata/freesurfer/sub-v2s3x28750_ses-1/mri/norm.mgz
volume = 256 256 256
voxelsize = 1.000000000000000e+00 1.000000000000000e+00 1.000000000000000e+00
xras   = -1.000000000000000e+00 0.000000000000000e+00 0.000000000000000e+00
yras   = 0.000000000000000e+00 0.000000000000000e+00 -1.000000000000000e+00
zras   = 0.000000000000000e+00 1.000000000000000e+00 0.000000000000000e+00
cras   = -2.963523864746094e+00 -8.899337768554688e+00 8.578758239746094e+00
