#Insight Transform File V1.0
#Transform 0
Transform: AffineTransform_float_3_3
Parameters: 0.999931 -0.00719912 -0.00934989 0.00767695 0.998612 0.0521162 0.00896249 -0.0521849 0.998597 0.279097 -1.38193 -0.356996
FixedParameters: 0 0 0

#Transform 1
Transform: AffineTransform_float_3_3
Parameters: 0.999927 -0.00709551 -0.00977922 0.00762242 0.998459 0.0549642 0.00937373 -0.0550348 0.99844 0.303429 -1.41751 -0.271266
FixedParameters: 0 0 0

#Transform 2
Transform: AffineTransform_float_3_3
Parameters: 0.999924 -0.00728862 -0.00993169 0.00780951 0.998541 0.0534242 0.00952848 -0.0534978 0.998523 0.285418 -1.33825 -0.437948
FixedParameters: 0 0 0

#Transform 3
Transform: AffineTransform_float_3_3
Parameters: 0.999919 -0.00696137 -0.0106021 0.0075116 0.998579 0.0527452 0.0102201 -0.0528208 0.998552 0.343237 -1.29119 -0.598222
FixedParameters: 0 0 0

#Transform 4
Transform: AffineTransform_float_3_3
Parameters: 0.999925 -0.00654401 -0.0104075 0.0070836 0.998583 0.0527367 0.0100483 -0.0528063 0.998554 0.333379 -1.2085 -0.561405
FixedParameters: 0 0 0

#Transform 5
Transform: AffineTransform_float_3_3
Parameters: 0.999912 -0.00693059 -0.0112589 0.00753785 0.998469 0.0548098 0.0108618 -0.0548903 0.998434 0.358371 -1.22171 -0.666746
FixedParameters: 0 0 0

#Transform 6
Transform: AffineTransform_float_3_3
Parameters: 0.999916 -0.0071486 -0.0107887 0.00772959 0.998463 0.0548748 0.0103805 -0.0549541 0.998434 0.294937 -1.21759 -0.686095
FixedParameters: 0 0 0

#Transform 7
Transform: AffineTransform_float_3_3
Parameters: 0.999914 -0.00725605 -0.0108712 0.00783899 0.998479 0.0545712 0.0104586 -0.0546518 0.99845 0.287908 -1.3633 -0.463933
FixedParameters: 0 0 0

#Transform 8
Transform: AffineTransform_float_3_3
Parameters: 0.999909 -0.00686553 -0.0115935 0.00755979 0.998112 0.0609513 0.011154 -0.0610337 0.998073 0.290463 -1.53406 -0.358696
FixedParameters: 0 0 0

#Transform 9
Transform: AffineTransform_float_3_3
Parameters: 0.999916 -0.00682241 -0.0109604 0.00743977 0.998331 0.0572774 0.0105512 -0.0573546 0.998298 0.301982 -1.49254 -0.444721
FixedParameters: 0 0 0

#Transform 10
Transform: AffineTransform_float_3_3
Parameters: 0.999904 -0.00658339 -0.0121967 0.00721502 0.998595 0.0524931 0.0118339 -0.0525759 0.998547 0.366084 -1.38201 -0.449358
FixedParameters: 0 0 0

#Transform 11
Transform: AffineTransform_float_3_3
Parameters: 0.999926 -0.00608513 -0.0104787 0.00652193 0.99909 0.0421525 0.0102129 -0.0422175 0.999057 0.34862 -1.11233 -0.328903
FixedParameters: 0 0 0

#Transform 12
Transform: AffineTransform_float_3_3
Parameters: 0.999981 -0.00379208 -0.00489693 0.00384308 0.999938 0.0104091 0.00485711 -0.0104279 0.999934 0.360193 -0.369708 0.246635
FixedParameters: 0 0 0

#Transform 13
Transform: AffineTransform_float_3_3
Parameters: 0.999981 -0.00619543 6.89627e-05 0.00619604 0.999981 -0.000658171 -6.47686e-05 0.000658829 1 0.168898 -0.00116554 0.530701
FixedParameters: 0 0 0

#Transform 14
Transform: AffineTransform_float_3_3
Parameters: 0.999985 -0.0052789 -0.000807246 0.00527812 0.999986 -0.000881349 0.000811573 0.000877652 0.999999 0.12538 0.104395 0.399247
FixedParameters: 0 0 0

#Transform 15
Transform: AffineTransform_float_3_3
Parameters: 0.999984 -0.00555837 -0.000195339 0.00555992 0.999921 0.0112321 0.000132701 -0.0112329 0.999937 0.0900941 -0.434123 0.203161
FixedParameters: 0 0 0

#Transform 16
Transform: AffineTransform_float_3_3
Parameters: 0.999984 -0.00541296 -0.00121204 0.00542619 0.999924 0.0110565 0.00115198 -0.0110635 0.999938 0.131152 -0.484611 0.235047
FixedParameters: 0 0 0

#Transform 17
Transform: AffineTransform_float_3_3
Parameters: 0.999985 -0.00500163 -0.00212726 0.00501214 0.999974 0.00518896 0.00210097 -0.00519904 0.999984 0.155436 -0.203717 0.0397404
FixedParameters: 0 0 0

#Transform 18
Transform: AffineTransform_float_3_3
Parameters: 0.999993 -0.00327045 -0.0018472 0.00327708 0.999987 0.00387466 0.00183392 -0.00388033 0.99999 0.166537 -0.130315 0.0300931
FixedParameters: 0 0 0

#Transform 19
Transform: AffineTransform_float_3_3
Parameters: 0.999994 -0.00279243 -0.00233551 0.00280117 0.999988 0.00390964 0.00232447 -0.00391636 0.99999 0.193293 -0.0978607 0.0623894
FixedParameters: 0 0 0

#Transform 20
Transform: AffineTransform_float_3_3
Parameters: 0.999999 -0.00112721 0.000849414 0.00112503 0.999998 0.00171297 -0.000851158 -0.00171203 0.999998 -0.0521397 -0.0544985 -0.0311017
FixedParameters: 0 0 0

#Transform 21
Transform: AffineTransform_float_3_3
Parameters: 0.999997 -0.00192162 -0.00142493 0.00192614 0.999993 0.00330449 0.00141863 -0.00330751 0.999993 0.0952854 -0.0813277 0.220958
FixedParameters: 0 0 0

#Transform 22
Transform: AffineTransform_float_3_3
Parameters: 0.999994 -0.00292866 -0.00184907 0.00293513 0.99999 0.00348604 0.00183886 -0.00349196 0.999992 0.119712 -0.0766912 0.312649
FixedParameters: 0 0 0

#Transform 23
Transform: AffineTransform_float_3_3
Parameters: 0.999987 -0.00489008 -0.00158363 0.00489873 0.999973 0.00549279 0.00155694 -0.00550022 0.999984 0.208462 -0.238547 0.234659
FixedParameters: 0 0 0

#Transform 24
Transform: AffineTransform_float_3_3
Parameters: 0.999976 -0.00666684 -0.00146665 0.00669591 0.999758 0.0209876 0.00132644 -0.0209964 0.999779 0.294054 -1.07081 0.617746
FixedParameters: 0 0 0

#Transform 25
Transform: AffineTransform_float_3_3
Parameters: 0.999987 -0.0043529 -0.00264131 0.00444451 0.999346 0.0358767 0.00248283 -0.0358883 0.999353 0.283808 -1.16416 0.0135603
FixedParameters: 0 0 0

#Transform 26
Transform: AffineTransform_float_3_3
Parameters: 0.999987 -0.00349847 0.0035148 0.0034398 0.999861 0.0163371 -0.00357118 -0.0163249 0.99986 0.111981 -0.775492 0.541421
FixedParameters: 0 0 0

#Transform 27
Transform: AffineTransform_float_3_3
Parameters: 0.999997 -0.00208773 -0.00039669 0.0020919 0.999918 0.0126235 0.000370432 -0.0126245 0.999921 0.178495 -0.686851 0.439176
FixedParameters: 0 0 0

#Transform 28
Transform: AffineTransform_float_3_3
Parameters: 0.999959 -0.00765579 0.00496023 0.00773279 0.999844 -0.0158716 -0.004838 0.0159094 0.999861 -0.270436 0.32281 0.559928
FixedParameters: 0 0 0

#Transform 29
Transform: AffineTransform_float_3_3
Parameters: 0.999937 -0.011155 0.000666301 0.0111542 0.999937 0.00167944 -0.000684322 -0.00167157 0.999999 0.0765013 -0.409978 1.18787
FixedParameters: 0 0 0

#Transform 30
Transform: AffineTransform_float_3_3
Parameters: 0.999957 -0.00919497 0.00121254 0.00918096 0.999897 0.0110338 -0.00131352 -0.0110213 0.999939 0.0454528 -0.615966 0.923501
FixedParameters: 0 0 0

#Transform 31
Transform: AffineTransform_float_3_3
Parameters: 0.999974 -0.00705947 0.00162631 0.00703382 0.999856 0.0153966 -0.00173491 -0.0153854 0.99988 0.00193199 -0.699604 0.725762
FixedParameters: 0 0 0

#Transform 32
Transform: AffineTransform_float_3_3
Parameters: 0.999969 -0.00728556 0.00278144 0.00716642 0.99915 0.0405996 -0.00307428 -0.0405785 0.999172 -0.0602905 -1.69662 0.379374
FixedParameters: 0 0 0

#Transform 33
Transform: AffineTransform_float_3_3
Parameters: 0.999974 -0.00675422 0.00229956 0.00667556 0.999448 0.0325555 -0.00251871 -0.0325385 0.999467 0.0388045 -1.32957 1.23831
FixedParameters: 0 0 0

#Transform 34
Transform: AffineTransform_float_3_3
Parameters: 0.999973 -0.00701917 0.00215289 0.00693707 0.999328 0.0359935 -0.00240444 -0.0359776 0.99935 0.0276964 -1.39679 1.23749
FixedParameters: 0 0 0

#Transform 35
Transform: AffineTransform_float_3_3
Parameters: 0.999983 -0.00563686 0.00146151 0.00561878 0.999911 0.0121202 -0.00152893 -0.0121118 0.999926 0.0939711 -0.644585 0.561429
FixedParameters: 0 0 0

#Transform 36
Transform: AffineTransform_float_3_3
Parameters: 0.999991 -0.00415789 -0.000710129 0.0041626 0.999968 0.00672112 0.000681823 -0.00672388 0.999978 -0.0161372 -0.495044 0.0263369
FixedParameters: 0 0 0

#Transform 37
Transform: AffineTransform_float_3_3
Parameters: 0.999988 -0.00444986 0.001943 0.0044332 0.999955 0.00839366 -0.00198008 -0.00838434 0.999963 -0.10401 -0.59615 0.0464923
FixedParameters: 0 0 0

#Transform 38
Transform: AffineTransform_float_3_3
Parameters: 0.999992 -0.00400762 0.00110665 0.0039976 0.999951 0.00908841 -0.00114372 -0.00908461 0.999958 -0.0406723 -0.632672 0.086143
FixedParameters: 0 0 0

#Transform 39
Transform: AffineTransform_float_3_3
Parameters: 0.99999 -0.00442101 0.00139265 0.00440604 0.999937 0.0103123 -0.00143841 -0.0103057 0.999946 -0.0276333 -0.632489 0.204579
FixedParameters: 0 0 0

#Transform 40
Transform: AffineTransform_float_3_3
Parameters: 0.999991 -0.00412197 0.000780374 0.00411321 0.99993 0.0111333 -0.00082647 -0.0111307 0.999938 0.00672039 -0.565781 0.24649
FixedParameters: 0 0 0

#Transform 41
Transform: AffineTransform_float_3_3
Parameters: 0.999996 -0.00231622 -0.00125676 0.00232013 0.999994 0.00271145 0.00125086 -0.00271455 0.999995 0.134281 -0.249065 0.379225
FixedParameters: 0 0 0

#Transform 42
Transform: AffineTransform_float_3_3
Parameters: 0.999989 -0.00413128 -0.00199737 0.00413074 0.999992 -0.000453193 0.00199923 0.000444808 0.999998 0.172244 -0.148844 0.517164
FixedParameters: 0 0 0

#Transform 43
Transform: AffineTransform_float_3_3
Parameters: 0.999991 -0.00440816 -0.000103294 0.00440915 0.99992 0.0118759 5.09139e-05 -0.0118761 0.99993 0.175717 -0.547768 1.10541
FixedParameters: 0 0 0

#Transform 44
Transform: AffineTransform_float_3_3
Parameters: 0.999985 -0.00557913 0.0004136 0.00557006 0.999776 0.0204405 -0.000527198 -0.0204375 0.999791 0.0721991 -0.741733 0.540876
FixedParameters: 0 0 0

#Transform 45
Transform: AffineTransform_float_3_3
Parameters: 0.999991 -0.00424194 -0.000522408 0.00424864 0.999905 0.0131621 0.000466293 -0.0131639 0.999914 0.088878 -0.567734 0.454582
FixedParameters: 0 0 0

#Transform 46
Transform: AffineTransform_float_3_3
Parameters: 0.999991 -0.00394519 -0.000978921 0.00395779 0.999901 0.0135042 0.000925924 -0.0135078 0.999908 0.101288 -0.627669 0.312336
FixedParameters: 0 0 0

#Transform 47
Transform: AffineTransform_float_3_3
Parameters: 0.999992 -0.00413338 0.000321628 0.00412896 0.999913 0.0124945 -0.000372859 -0.0124925 0.999922 0.0176182 -0.592277 -0.0867191
FixedParameters: 0 0 0

#Transform 48
Transform: AffineTransform_float_3_3
Parameters: 0.999987 -0.00483889 0.00109855 0.00484574 0.999968 -0.00638345 -0.00106788 0.00638855 0.999979 0.0559813 0.0124581 -0.0411663
FixedParameters: 0 0 0

#Transform 49
Transform: AffineTransform_float_3_3
Parameters: 0.999995 -0.00268586 0.00130199 0.00272381 0.999547 -0.0299593 -0.00122149 0.0299627 0.99955 0.105783 0.943791 0.222138
FixedParameters: 0 0 0

#Transform 50
Transform: AffineTransform_float_3_3
Parameters: 0.999999 -0.00120244 0.000366408 0.00120744 0.999887 -0.0149996 -0.000348158 0.0149995 0.999888 0.155473 0.391216 0.0768738
FixedParameters: 0 0 0

#Transform 51
Transform: AffineTransform_float_3_3
Parameters: 0.999998 -0.00164626 0.00162607 0.001681 0.999766 -0.0215613 -0.00159014 0.0215647 0.999766 0.135845 0.506299 0.0262795
FixedParameters: 0 0 0

#Transform 52
Transform: AffineTransform_float_3_3
Parameters: 0.999997 -0.00173382 -0.00174172 0.00171233 0.999925 -0.0121251 0.00176206 0.0121209 0.999925 0.131119 0.0867147 -0.161554
FixedParameters: 0 0 0

#Transform 53
Transform: AffineTransform_float_3_3
Parameters: 0.999998 -0.00190192 0.000109013 0.00190248 0.999945 -0.0103195 -8.91122e-05 0.0103195 0.999946 0.107849 0.00359137 -0.192
FixedParameters: 0 0 0

#Transform 54
Transform: AffineTransform_float_3_3
Parameters: 0.999995 -0.00279395 0.00130689 0.00280421 0.999962 -0.00820505 -0.00128458 0.00820895 0.999965 0.141781 -0.0352473 0.41078
FixedParameters: 0 0 0

#Transform 55
Transform: AffineTransform_float_3_3
Parameters: 0.999969 -0.0061623 0.00502547 0.00595606 0.999176 0.0401444 -0.00526886 -0.0401137 0.999181 -0.0459235 -1.9842 2.26799
FixedParameters: 0 0 0

#Transform 56
Transform: AffineTransform_float_3_3
Parameters: 0.999874 -0.0108305 0.0116251 0.00965972 0.995288 0.0964715 -0.0126148 -0.0963474 0.995268 -0.354058 -3.58506 0.133283
FixedParameters: 0 0 0

#Transform 57
Transform: AffineTransform_float_3_3
Parameters: 0.999986 -0.00419589 0.00327225 0.00421078 0.999981 -0.00451904 -0.00325328 0.00453295 0.999984 -0.00158418 -0.372704 0.574175
FixedParameters: 0 0 0

#Transform 58
Transform: AffineTransform_float_3_3
Parameters: 0.999984 -0.00326203 0.00464485 0.00327434 0.999991 -0.00260878 -0.00463638 0.00262422 0.999986 -0.0165142 -0.296369 0.450076
FixedParameters: 0 0 0

#Transform 59
Transform: AffineTransform_float_3_3
Parameters: 0.999989 -0.00322879 0.00340237 0.00324032 0.99999 -0.00314321 -0.00339137 0.00315378 0.999989 0.0411039 -0.315133 0.295313
FixedParameters: 0 0 0

#Transform 60
Transform: AffineTransform_float_3_3
Parameters: 0.999988 -0.00172111 0.00471197 0.00181362 0.999806 -0.0195722 -0.00467698 0.0195808 0.999798 0.0763032 0.187509 0.798711
FixedParameters: 0 0 0

#Transform 61
Transform: AffineTransform_float_3_3
Parameters: 0.999993 -0.00211539 0.00313754 0.00215011 0.999937 -0.0110218 -0.00311418 0.0110292 0.999934 0.119957 0.00091971 0.444044
FixedParameters: 0 0 0

#Transform 62
Transform: AffineTransform_float_3_3
Parameters: 0.999973 -0.00376924 0.00637884 0.00368983 0.999915 0.0125048 -0.00642511 -0.0124812 0.999901 -0.0767937 -0.570997 0.47896
FixedParameters: 0 0 0

#Transform 63
Transform: AffineTransform_float_3_3
Parameters: 0.999978 -0.00380291 0.00541446 0.00371765 0.999869 0.0157441 -0.00547406 -0.0157229 0.999861 -0.160386 -0.812549 -0.097979
FixedParameters: 0 0 0

#Transform 64
Transform: AffineTransform_float_3_3
Parameters: 0.999979 -0.00312529 0.00554397 0.00303796 0.999872 0.0156965 -0.00559184 -0.0156796 0.999862 -0.16436 -0.819572 -0.374435
FixedParameters: 0 0 0

#Transform 65
Transform: AffineTransform_float_3_3
Parameters: 0.999985 -0.00276567 0.00474432 0.00270135 0.999905 0.0135438 -0.00478058 -0.0135302 0.999898 -0.122713 -0.751304 -0.296318
FixedParameters: 0 0 0

#Transform 66
Transform: AffineTransform_float_3_3
Parameters: 0.999988 -0.00222737 0.00421134 0.00218657 0.99995 0.00975528 -0.00423277 -0.00974573 0.999944 -0.0879834 -0.629458 -0.309704
FixedParameters: 0 0 0

#Transform 67
Transform: AffineTransform_float_3_3
Parameters: 0.999987 -0.00215489 0.00457428 0.00211135 0.999951 0.00962247 -0.00459431 -0.00961252 0.999943 -0.12035 -0.610109 -0.322208
FixedParameters: 0 0 0

#Transform 68
Transform: AffineTransform_float_3_3
Parameters: 0.999991 -0.00165402 0.0039188 0.001619 0.99996 0.00885748 -0.00393416 -0.00885153 0.999953 -0.0947499 -0.616533 -0.344786
FixedParameters: 0 0 0

#Transform 69
Transform: AffineTransform_float_3_3
Parameters: 0.999995 -0.00040639 0.00308343 0.000381686 0.999969 0.00786155 -0.00308649 -0.00785945 0.999965 0.0360659 -0.566091 -0.400748
FixedParameters: 0 0 0

#Transform 70
Transform: AffineTransform_float_3_3
Parameters: 0.999999 -0.000683456 0.000625127 0.000678136 0.999964 0.00845243 -0.000630895 -0.00845157 0.999964 0.0286986 -0.560038 -0.404172
FixedParameters: 0 0 0

#Transform 71
Transform: AffineTransform_float_3_3
Parameters: 0.999993 -0.000699856 0.00371809 0.000674185 0.999975 0.00703067 -0.00372323 -0.00702834 0.999968 -0.0923266 -0.515043 -0.315392
FixedParameters: 0 0 0

#Transform 72
Transform: AffineTransform_float_3_3
Parameters: 0.999977 -0.00417702 0.0053409 0.00406121 0.999761 0.021476 -0.00542893 -0.021454 0.999755 -0.235731 -1.14248 -0.29843
FixedParameters: 0 0 0

#Transform 73
Transform: AffineTransform_float_3_3
Parameters: 0.999818 -0.0121841 0.0147182 0.0114654 0.998785 0.0479208 -0.0152846 -0.0477431 0.998743 -0.584435 -2.00759 -1.21297
FixedParameters: 0 0 0

#Transform 74
Transform: AffineTransform_float_3_3
Parameters: 0.999957 -0.00471174 0.0080769 0.00448044 0.999587 0.0283999 -0.00820758 -0.0283621 0.999564 -0.24795 -1.34227 -1.52341
FixedParameters: 0 0 0

#Transform 75
Transform: AffineTransform_float_3_3
Parameters: 0.999971 -0.00353514 0.00677206 0.00338115 0.999738 0.0226289 -0.00685073 -0.0226061 0.999721 -0.215039 -1.09421 -1.48264
FixedParameters: 0 0 0

#Transform 76
Transform: AffineTransform_float_3_3
Parameters: 0.999969 -0.00368156 0.00685929 0.00354332 0.999792 0.0200913 -0.00693165 -0.0200657 0.999774 -0.208335 -1.04174 -1.12331
FixedParameters: 0 0 0

#Transform 77
Transform: AffineTransform_float_3_3
Parameters: 0.999965 -0.00427462 0.00718518 0.00410565 0.999716 0.0234846 -0.00728378 -0.0234544 0.999698 -0.189385 -1.18995 -0.979621
FixedParameters: 0 0 0

#Transform 78
Transform: AffineTransform_float_3_3
Parameters: 0.999976 -0.0027717 0.00626363 0.00265638 0.99983 0.0182827 -0.00631346 -0.0182653 0.999814 -0.190556 -1.13708 -1.7272
FixedParameters: 0 0 0

#Transform 79
Transform: AffineTransform_float_3_3
Parameters: 0.999953 -0.00257697 0.00932269 0.00240725 0.999832 0.0181595 -0.00936764 -0.0181365 0.999792 -0.295138 -1.14372 -1.68874
FixedParameters: 0 0 0

#Transform 80
Transform: AffineTransform_float_3_3
Parameters: 0.999967 -0.00489392 0.00638259 0.00474977 0.999737 0.0224013 -0.00648977 -0.0223697 0.999729 -0.277789 -1.13281 -1.66099
FixedParameters: 0 0 0

#Transform 81
Transform: AffineTransform_float_3_3
Parameters: 0.999941 -0.00854575 0.00681246 0.00832323 0.999454 0.0319931 -0.00708257 -0.0319349 0.999465 -0.421656 -1.58775 -1.09132
FixedParameters: 0 0 0

#Transform 82
Transform: AffineTransform_float_3_3
Parameters: 0.999967 -0.0070108 0.00424474 0.0068518 0.999313 0.0364207 -0.00449663 -0.0363904 0.999328 -0.171348 -1.73309 -1.31559
FixedParameters: 0 0 0

#Transform 83
Transform: AffineTransform_float_3_3
Parameters: 0.999968 -0.00609176 0.00528463 0.00589575 0.999321 0.0363602 -0.00550198 -0.0363277 0.999324 -0.20535 -1.69909 -1.59454
FixedParameters: 0 0 0

#Transform 84
Transform: AffineTransform_float_3_3
Parameters: 0.999966 -0.00513043 0.0064812 0.00492332 0.999487 0.0316493 -0.0066408 -0.0316167 0.999478 -0.230073 -1.6061 -1.61838
FixedParameters: 0 0 0

#Transform 85
Transform: AffineTransform_float_3_3
Parameters: 0.999961 -0.00516954 0.00706846 0.00499587 0.999689 0.024416 -0.0071927 -0.0243801 0.999677 -0.206159 -1.34853 -1.30023
FixedParameters: 0 0 0

#Transform 86
Transform: AffineTransform_float_3_3
Parameters: 0.999987 -0.00260304 0.00433416 0.0024605 0.999466 0.0325661 -0.00441678 -0.0325549 0.99946 0.115479 -1.61932 -1.19618
FixedParameters: 0 0 0

#Transform 87
Transform: AffineTransform_float_3_3
Parameters: 0.999961 -0.00505077 0.00726993 0.00468763 0.998779 0.0491763 -0.00750941 -0.0491407 0.998764 -0.154872 -2.01879 -1.58159
FixedParameters: 0 0 0

#Transform 88
Transform: AffineTransform_float_3_3
Parameters: 0.99997 -0.00395962 0.00662905 0.00378725 0.999657 0.0258905 -0.00672907 -0.0258645 0.999643 -0.0740784 -1.42352 -1.38535
FixedParameters: 0 0 0

#Transform 89
Transform: AffineTransform_float_3_3
Parameters: 0.999969 -0.00554346 0.00547804 0.00535493 0.999413 0.0338538 -0.00566274 -0.0338232 0.999412 0.0231478 -1.74439 -0.154984
FixedParameters: 0 0 0

#Transform 90
Transform: AffineTransform_float_3_3
Parameters: 0.999974 -0.00619495 0.00362406 0.00604145 0.999144 0.0409412 -0.00387392 -0.0409188 0.999155 0.0640127 -1.82169 -0.827066
FixedParameters: 0 0 0

#Transform 91
Transform: AffineTransform_float_3_3
Parameters: 0.999981 -0.00493681 0.00383497 0.00479629 0.999347 0.0358093 -0.00400871 -0.0357907 0.999351 0.00516265 -1.67062 -1.09791
FixedParameters: 0 0 0

#Transform 92
Transform: AffineTransform_float_3_3
Parameters: 0.999989 -0.00364693 0.00294306 0.00356938 0.999654 0.0260779 -0.0030372 -0.0260672 0.999656 0.0624943 -1.3754 -1.2094
FixedParameters: 0 0 0

#Transform 93
Transform: AffineTransform_float_3_3
Parameters: 0.999988 -0.00361721 0.00307562 0.0035596 0.999827 0.0182612 -0.00314079 -0.0182498 0.999829 0.00395808 -1.02186 -1.72998
FixedParameters: 0 0 0

#Transform 94
Transform: AffineTransform_float_3_3
Parameters: 0.999981 -0.00267186 0.0055126 0.00258175 0.999863 0.0163818 -0.00555537 -0.0163672 0.999851 -0.0368262 -0.783315 -2.17047
FixedParameters: 0 0 0

#Transform 95
Transform: AffineTransform_float_3_3
Parameters: 0.999975 -0.00467919 0.00530095 0.00456366 0.999757 0.0215468 -0.00540016 -0.0215222 0.999753 -0.0711143 -1.03142 -1.81314
FixedParameters: 0 0 0

#Transform 96
Transform: AffineTransform_float_3_3
Parameters: 0.999849 -0.0086002 0.0150891 0.00755192 0.997643 0.068196 -0.0156395 -0.068072 0.997558 -0.290402 -2.89229 -0.391972
FixedParameters: 0 0 0

#Transform 97
Transform: AffineTransform_float_3_3
Parameters: 0.999966 -0.00546845 0.00627532 0.00551447 0.999957 -0.00741692 -0.00623516 0.00745109 0.999953 0.0192932 -0.358423 -0.919353
FixedParameters: 0 0 0

#Transform 98
Transform: AffineTransform_float_3_3
Parameters: 0.999983 -0.0027288 0.00512113 0.00272494 0.999996 0.000745472 -0.00512265 -0.000731528 0.999987 -0.0504808 -0.468603 -0.589407
FixedParameters: 0 0 0

#Transform 99
Transform: AffineTransform_float_3_3
Parameters: 0.999955 -0.00357032 0.00877648 0.00347032 0.999929 0.0113672 -0.00881705 -0.0113359 0.999897 -0.205555 -0.752508 -1.08263
FixedParameters: 0 0 0

#Transform 100
Transform: AffineTransform_float_3_3
Parameters: 0.999956 -0.0040456 0.00854336 0.00391943 0.999883 0.0147458 -0.00860168 -0.0147122 0.999855 -0.179717 -0.836097 -1.49646
FixedParameters: 0 0 0

#Transform 101
Transform: AffineTransform_float_3_3
Parameters: 0.999963 -0.00442758 0.00736883 0.00426961 0.999763 0.0213374 -0.00746184 -0.0213057 0.999745 -0.121732 -1.06407 -1.56777
FixedParameters: 0 0 0

#Transform 102
Transform: AffineTransform_float_3_3
Parameters: 0.999974 -0.00330116 0.00631331 0.00317576 0.999802 0.0196494 -0.00637782 -0.0196286 0.999787 -0.0673815 -1.0697 -1.72949
FixedParameters: 0 0 0

#Transform 103
Transform: AffineTransform_float_3_3
Parameters: 0.999945 -0.00250263 0.0101153 0.0024715 0.999992 0.00309251 -0.0101225 -0.00306749 0.999944 -0.232478 -0.520333 -1.0367
FixedParameters: 0 0 0

#Transform 104
Transform: AffineTransform_float_3_3
Parameters: 0.99995 -0.00246598 0.00962303 0.00242135 0.999986 0.00465652 -0.00963378 -0.00463347 0.999942 -0.219649 -0.53364 -1.28925
FixedParameters: 0 0 0

#Transform 105
Transform: AffineTransform_float_3_3
Parameters: 0.999947 -0.00269384 0.00993665 0.00263684 0.99998 0.00577413 -0.00995272 -0.00574688 0.999934 -0.252179 -0.544248 -1.39369
FixedParameters: 0 0 0

#Transform 106
Transform: AffineTransform_float_3_3
Parameters: 0.999983 -0.000779026 0.00574038 0.000756054 0.999992 0.00398821 -0.0057435 -0.00398379 0.999976 -0.0676392 -0.482621 -1.50187
FixedParameters: 0 0 0

#Transform 107
Transform: AffineTransform_float_3_3
Parameters: 0.999977 -0.000886736 0.00681664 0.000865107 0.999995 0.00311599 -0.00681935 -0.00311 0.999971 -0.119239 -0.444983 -1.42955
FixedParameters: 0 0 0

#Transform 108
Transform: AffineTransform_float_3_3
Parameters: 0.999968 -0.000624829 0.00800079 0.000626495 1 -0.000225204 -0.00800077 0.000230797 0.999968 -0.117137 -0.347663 -1.2459
FixedParameters: 0 0 0

#Transform 109
Transform: AffineTransform_float_3_3
Parameters: 0.999964 -0.000871471 0.00835474 0.00087146 1 6.37196e-05 -0.00835471 -5.62845e-05 0.999965 -0.137148 -0.360472 -1.17314
FixedParameters: 0 0 0

#Transform 110
Transform: AffineTransform_float_3_3
Parameters: 0.999983 -0.00161107 0.00569397 0.00158851 0.99999 0.004114 -0.00569989 -0.00410501 0.999976 0.0294558 -0.571145 -0.49728
FixedParameters: 0 0 0

#Transform 111
Transform: AffineTransform_float_3_3
Parameters: 0.999982 -0.00207145 0.00567349 0.00196408 0.999821 0.0188264 -0.00571116 -0.0188146 0.999807 0.0697851 -1.01972 -0.205189
FixedParameters: 0 0 0

#Transform 112
Transform: AffineTransform_float_3_3
Parameters: 0.999986 -0.00201666 0.00501633 0.00194644 0.999899 0.0140424 -0.00504446 -0.0140326 0.999889 0.0259918 -0.852549 -0.646946
FixedParameters: 0 0 0

#Transform 113
Transform: AffineTransform_float_3_3
Parameters: 0.999983 -0.00507068 0.00285722 0.0048855 0.998084 0.0616727 -0.0031648 -0.0616583 0.998092 0.0354221 -2.21306 -2.96579
FixedParameters: 0 0 0

#Transform 114
Transform: AffineTransform_float_3_3
Parameters: 0.999995 0.000883292 0.00298745 -0.000875506 0.999996 -0.00269621 -0.00299026 0.00269379 0.999992 0.150821 -0.316307 -1.52668
FixedParameters: 0 0 0

#Transform 115
Transform: AffineTransform_float_3_3
Parameters: 0.999991 -4.84472e-05 0.00424848 5.25654e-05 1 -0.00106786 -0.00424903 0.00106815 0.99999 0.13942 -0.38347 -1.36348
FixedParameters: 0 0 0

#Transform 116
Transform: AffineTransform_float_3_3
Parameters: 0.999992 -0.000405241 0.00397502 0.000408249 0.999999 -0.000768418 -0.0039738 0.000769581 0.999991 0.140025 -0.374332 -1.36489
FixedParameters: 0 0 0

#Transform 117
Transform: AffineTransform_float_3_3
Parameters: 0.999996 -0.00112663 0.00229124 0.00117977 0.999728 -0.0232727 -0.00226469 0.0232753 0.999727 0.221552 0.383897 -1.43085
FixedParameters: 0 0 0

#Transform 118
Transform: AffineTransform_float_3_3
Parameters: 0.999987 -0.000247674 0.00494426 0.000297293 0.999951 -0.00988524 -0.00494117 0.00988676 0.999939 0.125662 -0.272206 -0.981688
FixedParameters: 0 0 0

#Transform 119
Transform: AffineTransform_float_3_3
Parameters: 0.999998 0.000229699 0.00204909 -0.00018442 0.999758 -0.0220196 -0.00205305 0.0220194 0.999755 0.212559 0.281526 -1.41112
FixedParameters: 0 0 0

#Transform 120
Transform: AffineTransform_float_3_3
Parameters: 0.999986 0.000418212 0.0053219 -0.000250814 0.999508 -0.0313577 -0.00533257 0.0313553 0.999495 0.125863 0.627049 -1.07037
FixedParameters: 0 0 0

#Transform 121
Transform: AffineTransform_float_3_3
Parameters: 0.999987 0.000225574 0.00523103 -7.98939e-05 0.999615 -0.0277465 -0.00523537 0.0277454 0.999601 0.137439 0.466487 -1.02486
FixedParameters: 0 0 0

#Transform 122
Transform: AffineTransform_float_3_3
Parameters: 0.999988 -0.000138299 0.00492098 0.000274128 0.99962 -0.0275696 -0.00491533 0.0275704 0.999608 0.14538 0.457582 -0.987352
FixedParameters: 0 0 0

#Transform 123
Transform: AffineTransform_float_3_3
Parameters: 0.999981 2.43287e-05 0.00613087 0.000156659 0.999561 -0.029628 -0.00612876 0.029628 0.999542 0.0966234 0.47463 -0.914057
FixedParameters: 0 0 0

#Transform 124
Transform: AffineTransform_float_3_3
Parameters: 0.999983 0.000116404 0.00575802 2.38208e-05 0.999703 -0.0243654 -0.00575859 0.0243646 0.999686 0.115928 0.269097 -0.815735
FixedParameters: 0 0 0

#Transform 125
Transform: AffineTransform_float_3_3
Parameters: 0.999989 3.15702e-05 0.00479694 9.12586e-05 0.999675 -0.0255083 -0.00479634 0.0255087 0.999663 0.132075 0.281378 -0.621195
FixedParameters: 0 0 0

#Transform 126
Transform: AffineTransform_float_3_3
Parameters: 0.99998 0.00148861 0.00605636 -0.00131933 0.999613 -0.0278027 -0.0060951 0.0277933 0.999595 0.129342 0.552326 -0.281731
FixedParameters: 0 0 0

#Transform 127
Transform: AffineTransform_float_3_3
Parameters: 0.999988 6.82263e-05 0.0049054 7.47357e-05 0.99958 -0.0289686 -0.00490465 0.0289684 0.999569 0.193185 0.626382 -0.431461
FixedParameters: 0 0 0

#Transform 128
Transform: AffineTransform_float_3_3
Parameters: 0.999951 -0.00143251 0.00987122 0.00173518 0.999528 -0.0306977 -0.00982279 0.0307133 0.99948 -0.263786 0.553198 -2.58852
FixedParameters: 0 0 0

#Transform 129
Transform: AffineTransform_float_3_3
Parameters: 0.999905 -0.00474453 0.0129005 0.00509108 0.999624 -0.026964 -0.0127683 0.027027 0.999553 -0.200679 -0.0799602 -1.51538
FixedParameters: 0 0 0

#Transform 130
Transform: AffineTransform_float_3_3
Parameters: 0.999944 -0.000786805 0.0105037 0.000990234 0.999812 -0.0193759 -0.0104869 0.0193851 0.999757 -0.0133648 -0.015628 -1.2813
FixedParameters: 0 0 0

#Transform 131
Transform: AffineTransform_float_3_3
Parameters: 0.999967 -0.000518335 0.00808167 0.000693028 0.999765 -0.0216354 -0.00806839 0.0216406 0.999733 0.109038 0.0482735 -1.23131
FixedParameters: 0 0 0

#Transform 132
Transform: AffineTransform_float_3_3
Parameters: 0.999987 0.000172105 0.00507171 -2.15529e-06 0.999436 -0.0335911 -0.00507385 0.033591 0.999423 0.242734 0.35893 -1.35203
FixedParameters: 0 0 0

#Transform 133
Transform: AffineTransform_float_3_3
Parameters: 0.999988 -0.00012572 0.00491396 0.000305688 0.999326 -0.0367005 -0.00490575 0.0367015 0.999315 0.221669 0.456237 -1.38964
FixedParameters: 0 0 0

#Transform 134
Transform: AffineTransform_float_3_3
Parameters: 0.999989 0.000981673 0.00453928 -0.000852514 0.999596 -0.0283944 -0.00456604 0.0283896 0.999587 0.205531 0.192769 -2.01146
FixedParameters: 0 0 0

#Transform 135
Transform: AffineTransform_float_3_3
Parameters: 0.999985 0.000838063 0.00530704 -0.000677522 0.999542 -0.0302617 -0.00532978 0.0302573 0.999528 0.188085 0.230192 -1.84659
FixedParameters: 0 0 0

#Transform 136
Transform: AffineTransform_float_3_3
Parameters: 0.999833 0.00128197 0.0182308 -0.00139794 0.999979 0.00632463 -0.0182219 -0.00634836 0.999814 0.173423 -0.910583 -0.723763
FixedParameters: 0 0 0

#Transform 137
Transform: AffineTransform_float_3_3
Parameters: 0.99992 0.00114265 0.0125455 -0.00131353 0.999906 0.0136518 -0.0125286 -0.0136672 0.999828 0.0936166 -1.40165 -0.670625
FixedParameters: 0 0 0

#Transform 138
Transform: AffineTransform_float_3_3
Parameters: 0.999954 0.000312354 0.00952742 -0.000453805 0.999889 0.0148735 -0.00952155 -0.0148775 0.999844 0.189528 -1.40281 -1.15353
FixedParameters: 0 0 0

#Transform 139
Transform: AffineTransform_float_3_3
Parameters: 0.999883 -0.0033542 0.0149172 0.0032574 0.999974 0.00648581 -0.0149392 -0.00643619 0.999868 -0.141526 -1.18673 -2.02344
FixedParameters: 0 0 0

#Transform 140
Transform: AffineTransform_float_3_3
Parameters: 0.999868 -0.00195635 0.0161632 0.00238762 0.99964 -0.0267022 -0.0161049 0.0267378 0.999513 -0.156184 0.169845 -1.18716
FixedParameters: 0 0 0

#Transform 141
Transform: AffineTransform_float_3_3
Parameters: 0.999927 -0.00170641 0.0119461 0.0019317 0.999819 -0.0189247 -0.0119111 0.0189463 0.999749 0.0479294 -0.1199 -0.95742
FixedParameters: 0 0 0

#Transform 142
Transform: AffineTransform_float_3_3
Parameters: 0.999962 -0.00841864 0.00219151 0.0084065 0.999948 0.00564657 -0.00223827 -0.00562743 0.999981 0.135779 -1.30841 -0.447919
FixedParameters: 0 0 0

#Transform 143
Transform: AffineTransform_float_3_3
Parameters: 0.999958 -0.0013947 0.00898343 0.00166746 0.999534 -0.0304595 -0.00893618 0.0304734 0.999495 0.0154295 -0.0505084 -0.650014
FixedParameters: 0 0 0

#Transform 144
Transform: AffineTransform_float_3_3
Parameters: 0.999981 -0.00152336 0.0058532 0.00164542 0.999779 -0.020961 -0.00582006 0.02097 0.999763 0.107601 -0.308477 -0.72983
FixedParameters: 0 0 0

#Transform 145
Transform: AffineTransform_float_3_3
Parameters: 0.999945 -0.00353077 0.00980203 0.00367959 0.999878 -0.0152207 -0.00974708 0.0152563 0.999836 -0.0870307 -0.293089 -0.848245
FixedParameters: 0 0 0

#Transform 146
Transform: AffineTransform_float_3_3
Parameters: 0.999965 -0.00319791 0.0077531 0.00314799 0.999974 0.00649391 -0.00777343 -0.00646909 0.999949 0.00355479 -1.10446 -1.16748
FixedParameters: 0 0 0

#Transform 147
Transform: AffineTransform_float_3_3
Parameters: 0.999983 0.00116155 0.00569208 -0.00100001 0.999602 -0.0281952 -0.0057227 0.0281889 0.999587 0.274856 0.00092942 -0.702971
FixedParameters: 0 0 0

#Transform 148
Transform: AffineTransform_float_3_3
Parameters: 0.999978 0.000529794 0.00664716 -0.000363149 0.999686 -0.0250659 -0.00665823 0.0250632 0.999664 0.190458 -0.0799131 -0.937574
FixedParameters: 0 0 0

#Transform 149
Transform: AffineTransform_float_3_3
Parameters: 0.999976 0.00166446 0.00669439 -0.00143867 0.999435 -0.033587 -0.00674664 0.033576 0.999413 0.193497 0.0720783 -1.04668
FixedParameters: 0 0 0

#Transform 150
Transform: AffineTransform_float_3_3
Parameters: 0.999931 0.000889013 0.0116709 -0.00052654 0.999521 -0.0309599 -0.0116927 0.0309521 0.999452 0.122418 0.209304 -0.507182
FixedParameters: 0 0 0

#Transform 151
Transform: AffineTransform_float_3_3
Parameters: 0.999988 0.000682383 0.00496161 -0.000613304 0.999903 -0.0138807 -0.00497049 0.0138773 0.999891 0.241654 -0.367798 0.718589
FixedParameters: 0 0 0
