#Insight Transform File V1.0
#Transform 0
Transform: AffineTransform_float_3_3
Parameters: 1 0.000207305 0.00111795 -0.000201372 0.999985 -0.00546723 -0.00111963 0.00546677 0.999984 0.00900191 0.0453628 -0.0686715
FixedParameters: 0 0 0

#Transform 1
Transform: AffineTransform_float_3_3
Parameters: 1 0.000460158 0.00033905 -0.000459182 0.999985 -0.00531421 -0.000341481 0.00531479 0.999986 0.0363972 0.021836 -0.04793
FixedParameters: 0 0 0

#Transform 2
Transform: AffineTransform_float_3_3
Parameters: 1 0.000484682 0.00034447 -0.000482325 0.999983 -0.00581717 -0.000347408 0.00581683 0.999983 0.0384556 0.0382401 -0.0912737
FixedParameters: 0 0 0

#Transform 3
Transform: AffineTransform_float_3_3
Parameters: 0.999999 0.00107772 0.000668258 -0.00107486 0.999984 -0.0055165 -0.000674017 0.0055155 0.999984 0.00899635 0.000575404 -0.0645503
FixedParameters: 0 0 0

#Transform 4
Transform: AffineTransform_float_3_3
Parameters: 0.999999 0.00136166 -7.7821e-05 -0.00136249 0.99998 -0.00626668 6.89942e-05 0.00626733 0.999981 0.0271487 0.0366036 -0.0888075
FixedParameters: 0 0 0

#Transform 5
Transform: AffineTransform_float_3_3
Parameters: 0.999999 0.000945596 -0.00017453 -0.000947326 0.999978 -0.00666756 0.000168208 0.00666744 0.999977 0.0378427 0.077763 -0.075571
FixedParameters: 0 0 0

#Transform 6
Transform: AffineTransform_float_3_3
Parameters: 0.999999 0.00091766 0.000456154 -0.000914618 0.999982 -0.00589119 -0.000461343 0.0058908 0.999982 0.00363716 0.0817397 -0.0515263
FixedParameters: 0 0 0

#Transform 7
Transform: AffineTransform_float_3_3
Parameters: 0.999999 0.000917672 0.000456131 -0.000914606 0.999982 -0.00591748 -0.000461368 0.00591753 0.999983 0.00928376 0.0613522 -0.0769845
FixedParameters: 0 0 0

#Transform 8
Transform: AffineTransform_float_3_3
Parameters: 0.999998 0.000655051 0.00157668 -0.000648216 0.999992 -0.00400114 -0.00157916 0.00400087 0.999991 -0.0404727 0.0366429 -0.0331295
FixedParameters: 0 0 0

#Transform 9
Transform: AffineTransform_float_3_3
Parameters: 0.999999 0.00072448 0.00127804 -0.000719841 0.999993 -0.00360498 -0.00128125 0.00360402 0.999993 -0.0144825 0.0480109 -0.0413147
FixedParameters: 0 0 0

#Transform 10
Transform: AffineTransform_float_3_3
Parameters: 1 0.000832466 0.000804168 -0.000829518 0.999993 -0.00361372 -0.000806746 0.00361328 0.999994 0.00512725 0.0501654 -0.0765936
FixedParameters: 0 0 0

#Transform 11
Transform: AffineTransform_float_3_3
Parameters: 0.999999 0.000617882 0.000804919 -0.000614072 0.999991 -0.00400055 -0.000807393 0.00400045 0.999992 -0.00353598 0.0358 -0.0739315
FixedParameters: 0 0 0

#Transform 12
Transform: AffineTransform_float_3_3
Parameters: 1 0.000420093 0.000552368 -0.000418378 0.999993 -0.00372723 -0.000554011 0.00372677 0.999993 0.00761786 0.0284604 -0.0685812
FixedParameters: 0 0 0

#Transform 13
Transform: AffineTransform_float_3_3
Parameters: 0.999999 0.000404077 0.000620557 -0.000401957 0.999993 -0.00364431 -0.000622012 0.0036447 0.999994 0.00477126 0.0356053 -0.102433
FixedParameters: 0 0 0

#Transform 14
Transform: AffineTransform_float_3_3
Parameters: 0.999999 0.000818908 0.000928976 -0.000815307 0.999992 -0.00400059 -0.000932318 0.00400041 0.999991 -0.0131629 0.0461616 -0.0758524
FixedParameters: 0 0 0

#Transform 15
Transform: AffineTransform_float_3_3
Parameters: 1 0.000895263 0.000598299 -0.000894051 0.999998 -0.00139953 -0.000598856 0.00139846 0.999999 -0.0112042 0.10232 0.0224892
FixedParameters: 0 0 0

#Transform 16
Transform: AffineTransform_float_3_3
Parameters: 1 1.41351e-05 7.01798e-05 -1.41115e-05 1 -0.000168001 -7.01845e-05 0.000167999 1 0.0192221 0.0632912 -0.0467139
FixedParameters: 0 0 0

#Transform 17
Transform: AffineTransform_float_3_3
Parameters: 1 -0.000149744 -0.000465091 0.000148788 1 -0.00102707 0.000465398 0.00102693 1 0.0234106 0.0521851 -0.0265994
FixedParameters: 0 0 0

#Transform 18
Transform: AffineTransform_float_3_3
Parameters: 1 -0.000210825 -0.000479721 0.000210278 1 -0.000570101 0.000479961 0.000569899 0.999999 0.0303417 0.0715683 -0.0439209
FixedParameters: 0 0 0

#Transform 19
Transform: AffineTransform_float_3_3
Parameters: 1 -0.000268612 -0.00023649 0.000268339 1 -0.000577063 0.000236799 0.000576936 1 0.0259928 0.0130216 -0.056717
FixedParameters: 0 0 0

#Transform 20
Transform: AffineTransform_float_3_3
Parameters: 1 -0.000319685 -2.15949e-05 0.000319677 1 -0.000199007 2.17221e-05 0.000198993 1 0.0170709 0.0231915 -0.023987
FixedParameters: 0 0 0

#Transform 21
Transform: AffineTransform_float_3_3
Parameters: 1 -0.000164117 -0.00067259 0.00016426 0.999999 0.000829664 0.000672086 -0.000830336 1 0.0172726 -0.00549276 -0.0205329
FixedParameters: 0 0 0

#Transform 22
Transform: AffineTransform_float_3_3
Parameters: 0.999999 0.000694667 -0.000311883 -0.000693762 0.999999 0.00108022 0.00031241 -0.00107978 1 -0.00371879 -0.0488361 -0.0147892
FixedParameters: 0 0 0

#Transform 23
Transform: AffineTransform_float_3_3
Parameters: 0.999999 0.000756533 0.000327798 -0.000756778 1 0.000728924 -0.000327669 -0.000728077 1 -0.000720677 -0.0220567 0.0507948
FixedParameters: 0 0 0

#Transform 24
Transform: AffineTransform_float_3_3
Parameters: 1 0.000933567 0.000588645 -0.00093385 0.999998 0.0012644 -0.000587024 -0.0012646 0.999999 -0.00540143 -0.0266827 0.0126238
FixedParameters: 0 0 0

#Transform 25
Transform: AffineTransform_float_3_3
Parameters: 1 0.000879404 0.000812957 -0.000880229 0.999998 0.00199051 -0.000810936 -0.00199149 0.999997 -0.0221706 -0.0783062 -0.00416009
FixedParameters: 0 0 0

#Transform 26
Transform: AffineTransform_float_3_3
Parameters: 1 0.000871621 0.00084585 -0.000872255 0.999998 0.00180021 -0.000844193 -0.00180079 0.999998 -0.0228173 -0.0714413 0.0574707
FixedParameters: 0 0 0

#Transform 27
Transform: AffineTransform_float_3_3
Parameters: 0.999999 0.000433562 0.000648157 -0.000433708 1 0.000112719 -0.000648059 -0.000113281 1 -0.0267426 0.0335433 0.0487858
FixedParameters: 0 0 0

#Transform 28
Transform: AffineTransform_float_3_3
Parameters: 0.999999 0.000497347 0.00137979 -0.000496134 0.999999 -0.00122874 -0.00138051 0.00122826 0.999998 -0.0570165 0.0490221 0.0838989
FixedParameters: 0 0 0

#Transform 29
Transform: AffineTransform_float_3_3
Parameters: 1 0.000144873 0.00109157 -0.000143138 0.999999 -0.00179216 -0.00109157 0.00179184 0.999998 -0.0374463 -0.0240949 0.0298644
FixedParameters: 0 0 0

#Transform 30
Transform: AffineTransform_float_3_3
Parameters: 0.999999 0.000345601 0.00182548 -0.000330163 0.999965 -0.00833289 -0.00182852 0.0083321 0.999963 -0.069406 0.123956 0.0254605
FixedParameters: 0 0 0

#Transform 31
Transform: AffineTransform_float_3_3
Parameters: 0.999998 0.000864576 0.00214955 -0.000901938 0.999846 0.0175108 -0.00213432 -0.0175132 0.999844 -0.132519 -0.428101 0.158106
FixedParameters: 0 0 0

#Transform 32
Transform: AffineTransform_float_3_3
Parameters: 1 0.000241812 0.00106636 -0.000249842 0.999976 0.00683346 -0.00106453 -0.00683354 0.999976 -0.0827027 -0.116989 0.222393
FixedParameters: 0 0 0

#Transform 33
Transform: AffineTransform_float_3_3
Parameters: 0.999999 -7.10404e-05 0.00131292 6.19363e-05 0.999977 0.00688987 -0.00131272 -0.00689014 0.999976 -0.0971272 -0.0999904 0.24099
FixedParameters: 0 0 0

#Transform 34
Transform: AffineTransform_float_3_3
Parameters: 0.999999 0.000303745 0.00136875 -0.000311084 0.999987 0.00506936 -0.00136716 -0.00507065 0.999986 -0.0931425 -0.055593 0.205951
FixedParameters: 0 0 0

#Transform 35
Transform: AffineTransform_float_3_3
Parameters: 1 -4.05819e-05 0.00120624 3.65507e-05 0.999994 0.00337999 -0.00120655 -0.00337901 0.999993 -0.0928607 -0.0116962 0.180292
FixedParameters: 0 0 0

#Transform 36
Transform: AffineTransform_float_3_3
Parameters: 0.999998 -0.000870839 0.00186192 0.000866932 0.999997 0.00235422 -0.00186485 -0.00235278 0.999996 -0.10797 -0.0069243 0.207428
FixedParameters: 0 0 0

#Transform 37
Transform: AffineTransform_float_3_3
Parameters: 0.999998 -0.000190892 0.00202652 0.000179602 0.999984 0.00553792 -0.00202797 -0.00553807 0.999982 -0.111566 -0.0538181 0.233934
FixedParameters: 0 0 0

#Transform 38
Transform: AffineTransform_float_3_3
Parameters: 0.999998 -0.000729749 0.00189506 0.00071887 0.999985 0.00536997 -0.00189955 -0.00536902 0.999983 -0.127919 -0.0351834 0.25365
FixedParameters: 0 0 0

#Transform 39
Transform: AffineTransform_float_3_3
Parameters: 0.999998 -0.00135229 0.000843668 0.00135025 0.999995 0.0026542 -0.000848199 -0.0026528 0.999996 -0.0885254 0.0488424 0.190824
FixedParameters: 0 0 0

#Transform 40
Transform: AffineTransform_float_3_3
Parameters: 0.999999 -0.00167244 0.000584703 0.00167165 0.999998 0.000476032 -0.00058532 -0.000474968 1 -0.0864648 0.0442591 0.187816
FixedParameters: 0 0 0

#Transform 41
Transform: AffineTransform_float_3_3
Parameters: 0.999998 -0.0015284 0.000619265 0.00152872 0.999999 0.000343001 -0.000619108 -0.000342001 1 -0.0927188 0.0628208 0.194414
FixedParameters: 0 0 0

#Transform 42
Transform: AffineTransform_float_3_3
Parameters: 0.999999 -0.00134326 0.00126474 0.00134313 0.999999 0.000438753 -0.00126569 -0.000436247 0.999999 -0.104728 0.0569683 0.181722
FixedParameters: 0 0 0

#Transform 43
Transform: AffineTransform_float_3_3
Parameters: 0.999999 -0.00080924 0.00030415 0.000808815 0.999999 -0.000519754 -0.000304513 0.000520246 1 -0.0486123 0.0984749 0.201393
FixedParameters: 0 0 0

#Transform 44
Transform: AffineTransform_float_3_3
Parameters: 0.999999 -0.000880344 0.000287022 0.000880479 0.999999 -0.000233747 -0.00028661 0.000234252 1 -0.0491576 0.0738438 0.207572
FixedParameters: 0 0 0

#Transform 45
Transform: AffineTransform_float_3_3
Parameters: 0.999998 -0.00112168 0.00167688 0.00112233 0.999999 -0.000192515 -0.00167644 0.000194484 0.999999 -0.125744 0.0850194 0.21526
FixedParameters: 0 0 0

#Transform 46
Transform: AffineTransform_float_3_3
Parameters: 0.999999 -0.0011846 0.00142934 0.00118428 0.999999 0.000112575 -0.0014296 -0.000111425 0.999998 -0.108175 0.101797 0.21253
FixedParameters: 0 0 0

#Transform 47
Transform: AffineTransform_float_3_3
Parameters: 0.999999 -0.0011595 0.00137335 0.00115993 0.999999 -0.000779581 -0.00137298 0.000781422 0.999999 -0.106267 0.127458 0.184661
FixedParameters: 0 0 0

#Transform 48
Transform: AffineTransform_float_3_3
Parameters: 0.999999 -0.000946401 0.00122579 0.00094627 0.999999 0.000450989 -0.00122641 -0.000450011 0.999999 -0.103521 0.0671069 0.183345
FixedParameters: 0 0 0

#Transform 49
Transform: AffineTransform_float_3_3
Parameters: 0.999999 -0.000754031 0.00134161 0.000753796 0.999999 0.000450786 -0.00134206 -0.000449214 0.999999 -0.0865701 0.0967988 0.18243
FixedParameters: 0 0 0

#Transform 50
Transform: AffineTransform_float_3_3
Parameters: 0.999999 -0.000815148 0.00159958 0.000815482 1 0.000199908 -0.00159967 -0.000199094 0.999999 -0.114901 0.0660809 0.161211
FixedParameters: 0 0 0

#Transform 51
Transform: AffineTransform_float_3_3
Parameters: 0.999998 -0.00157912 0.000699293 0.00157955 0.999998 -0.000830843 -0.000697871 0.000832157 1 -0.0763234 0.0820862 0.186915
FixedParameters: 0 0 0

#Transform 52
Transform: AffineTransform_float_3_3
Parameters: 0.999998 -0.000968258 0.00165075 0.000969276 0.999999 -0.000307798 -0.00165015 0.000309201 0.999999 -0.128498 0.10893 0.267839
FixedParameters: 0 0 0

#Transform 53
Transform: AffineTransform_float_3_3
Parameters: 0.999997 -0.000634868 0.00208336 0.000631311 0.999999 0.00178787 -0.00208469 -0.00178613 0.999996 -0.128264 0.02312 0.230282
FixedParameters: 0 0 0

#Transform 54
Transform: AffineTransform_float_3_3
Parameters: 0.999997 -0.000571845 0.00209848 0.000567873 0.999998 0.00187375 -0.00209969 -0.00187225 0.999996 -0.12844 0.035467 0.249558
FixedParameters: 0 0 0

#Transform 55
Transform: AffineTransform_float_3_3
Parameters: 0.999998 -0.000420781 0.00189308 0.000417428 0.999998 0.00191334 -0.00189376 -0.00191266 0.999997 -0.109872 0.0360541 0.241117
FixedParameters: 0 0 0

#Transform 56
Transform: AffineTransform_float_3_3
Parameters: 0.999998 -0.000451305 0.00190426 0.000446802 0.999998 0.0019484 -0.00190532 -0.0019476 0.999996 -0.122402 0.040427 0.232129
FixedParameters: 0 0 0

#Transform 57
Transform: AffineTransform_float_3_3
Parameters: 0.999998 -0.000238177 0.00186173 0.00023643 0.999999 0.00125299 -0.00186163 -0.00125301 0.999998 -0.117253 0.0366865 0.248131
FixedParameters: 0 0 0

#Transform 58
Transform: AffineTransform_float_3_3
Parameters: 0.999998 1.63492e-05 0.00209836 -1.83418e-05 1 0.000938684 -0.00209786 -0.000938315 0.999997 -0.123833 0.0191728 0.235313
FixedParameters: 0 0 0

#Transform 59
Transform: AffineTransform_float_3_3
Parameters: 0.999998 -0.000268645 0.00190066 0.000266698 1 0.00102428 -0.00190075 -0.00102372 0.999997 -0.107832 0.0418558 0.243651
FixedParameters: 0 0 0

#Transform 60
Transform: AffineTransform_float_3_3
Parameters: 0.999999 -0.000741772 0.00105998 0.000741786 1 -6.38544e-06 -0.00105997 6.61456e-06 1 -0.0759528 0.0930767 0.204159
FixedParameters: 0 0 0

#Transform 61
Transform: AffineTransform_float_3_3
Parameters: 1 -0.0010944 0.000224614 0.00109547 0.999995 -0.0030297 -0.000221129 0.0030293 0.999996 -0.0506117 0.132239 0.17992
FixedParameters: 0 0 0

#Transform 62
Transform: AffineTransform_float_3_3
Parameters: 0.999992 0.00235823 -0.00322647 -0.00243329 0.999725 -0.0233134 0.00317041 0.0233206 0.999723 0.0530549 0.693024 0.138526
FixedParameters: 0 0 0

#Transform 63
Transform: AffineTransform_float_3_3
Parameters: 0.999997 -0.00108884 -0.00250574 0.00101745 0.999595 -0.0284293 0.00253548 0.0284267 0.999593 0.0267551 0.838044 0.244022
FixedParameters: 0 0 0

#Transform 64
Transform: AffineTransform_float_3_3
Parameters: 0.999989 -0.00262251 -0.00406063 0.00255728 0.999868 -0.0160222 0.00410163 0.0160118 0.999863 0.0642106 0.463562 0.258481
FixedParameters: 0 0 0

#Transform 65
Transform: AffineTransform_float_3_3
Parameters: 0.999992 -0.00263328 -0.00277379 0.00261142 0.999966 -0.007766 0.00279389 0.007759 0.999966 0.0107552 0.375731 0.252496
FixedParameters: 0 0 0

#Transform 66
Transform: AffineTransform_float_3_3
Parameters: 0.999996 -0.00229682 -0.00159512 0.00228629 0.999975 -0.00671416 0.00160999 0.00671084 0.999976 -0.0227789 0.296226 0.23442
FixedParameters: 0 0 0

#Transform 67
Transform: AffineTransform_float_3_3
Parameters: 0.999996 -0.00205221 -0.00187551 0.00203439 0.999953 -0.00949356 0.00189494 0.00948944 0.999953 -0.0286424 0.362943 0.246825
FixedParameters: 0 0 0

#Transform 68
Transform: AffineTransform_float_3_3
Parameters: 0.999997 -0.00160255 -0.00219347 0.00157697 0.999927 -0.0119247 0.00221314 0.0119213 0.999927 -0.0200612 0.441831 0.227051
FixedParameters: 0 0 0

#Transform 69
Transform: AffineTransform_float_3_3
Parameters: 0.999997 -0.00159722 -0.00155833 0.00158 0.999937 -0.0110814 0.00157612 0.0110796 0.999937 -0.0349728 0.396218 0.250484
FixedParameters: 0 0 0

#Transform 70
Transform: AffineTransform_float_3_3
Parameters: 0.999998 -0.00168371 -0.000928254 0.00167659 0.99997 -0.00762717 0.000941189 0.00762583 0.99997 -0.0517864 0.306464 0.268061
FixedParameters: 0 0 0

#Transform 71
Transform: AffineTransform_float_3_3
Parameters: 0.999999 -0.00126939 0.000209814 0.00126985 0.999993 -0.00355446 -0.000205143 0.00355454 0.999993 -0.0706497 0.172667 0.232563
FixedParameters: 0 0 0

#Transform 72
Transform: AffineTransform_float_3_3
Parameters: 0.999999 -0.00124348 9.75218e-05 0.00124368 0.999996 -0.00250766 -9.44341e-05 0.00250834 0.999997 -0.0672658 0.154652 0.279935
FixedParameters: 0 0 0

#Transform 73
Transform: AffineTransform_float_3_3
Parameters: 0.999999 -0.00124786 0.000115708 0.0012481 0.999996 -0.00226086 -0.000113215 0.00226114 0.999998 -0.0730412 0.17243 0.265636
FixedParameters: 0 0 0

#Transform 74
Transform: AffineTransform_float_3_3
Parameters: 0.999999 -0.000167664 0.000693017 0.000169545 0.999998 -0.00205988 -0.000692555 0.00206012 0.999997 -0.0764184 0.12759 0.287888
FixedParameters: 0 0 0

#Transform 75
Transform: AffineTransform_float_3_3
Parameters: 0.999999 -0.000162073 0.00125327 0.000164571 0.999997 -0.00216102 -0.00125326 0.00216098 0.999997 -0.109593 0.137602 0.300723
FixedParameters: 0 0 0

#Transform 76
Transform: AffineTransform_float_3_3
Parameters: 0.999999 -9.76274e-05 0.000882966 0.000100731 0.999991 -0.00409414 -0.000882108 0.00409386 0.999991 -0.0946771 0.180536 0.271185
FixedParameters: 0 0 0

#Transform 77
Transform: AffineTransform_float_3_3
Parameters: 0.999999 -0.000307389 0.000833726 0.000309501 0.999997 -0.00243474 -0.000832687 0.00243526 0.999996 -0.107213 0.127517 0.308417
FixedParameters: 0 0 0

#Transform 78
Transform: AffineTransform_float_3_3
Parameters: 0.999999 -0.00050879 0.000785908 0.000509861 0.999999 -0.0013006 -0.000784815 0.0013014 0.999999 -0.0979211 0.0916648 0.311213
FixedParameters: 0 0 0

#Transform 79
Transform: AffineTransform_float_3_3
Parameters: 0.999996 -0.00049938 0.00283997 0.000550176 0.999841 -0.0177845 -0.00283117 0.0177865 0.999838 -0.153344 0.522216 0.0968778
FixedParameters: 0 0 0

#Transform 80
Transform: AffineTransform_float_3_3
Parameters: 0.999982 -0.00195997 0.0057783 0.00214971 0.999447 -0.0331613 -0.00571016 0.0331727 0.999434 -0.248065 0.961182 0.256816
FixedParameters: 0 0 0

#Transform 81
Transform: AffineTransform_float_3_3
Parameters: 0.999992 -0.00150662 0.00388216 0.00160498 0.99968 -0.0252159 -0.0038431 0.0252221 0.999675 -0.173503 0.736193 0.268871
FixedParameters: 0 0 0

#Transform 82
Transform: AffineTransform_float_3_3
Parameters: 0.999827 -0.0140506 0.0122316 0.0144603 0.999314 -0.0340974 -0.0117439 0.0342686 0.999343 -0.360225 1.01897 0.385018
FixedParameters: 0 0 0

#Transform 83
Transform: AffineTransform_float_3_3
Parameters: 0.999762 -0.0169922 0.0136749 0.0173966 0.999399 -0.0299657 -0.0131575 0.0301963 0.999458 -0.502643 0.88353 0.519677
FixedParameters: 0 0 0

#Transform 84
Transform: AffineTransform_float_3_3
Parameters: 0.999918 -0.00901859 0.0090643 0.00927144 0.999558 -0.0282582 -0.00880523 0.0283398 0.99956 -0.310036 0.794566 0.503937
FixedParameters: 0 0 0

#Transform 85
Transform: AffineTransform_float_3_3
Parameters: 0.99992 -0.00884848 0.00903761 0.00910767 0.999537 -0.0290163 -0.00877675 0.0290967 0.999538 -0.307171 0.870047 0.473586
FixedParameters: 0 0 0

#Transform 86
Transform: AffineTransform_float_3_3
Parameters: 0.999917 -0.00878726 0.00949615 0.00903395 0.999615 -0.0262379 -0.00926218 0.026321 0.999611 -0.322541 0.732786 0.459779
FixedParameters: 0 0 0

#Transform 87
Transform: AffineTransform_float_3_3
Parameters: 0.999929 -0.00822438 0.00862209 0.00844386 0.999634 -0.0257211 -0.00840732 0.0257929 0.999632 -0.282925 0.740896 0.513377
FixedParameters: 0 0 0

#Transform 88
Transform: AffineTransform_float_3_3
Parameters: 0.999935 -0.00803227 0.00808198 0.00821573 0.999702 -0.0229475 -0.00789519 0.0230125 0.999704 -0.257441 0.698565 0.514967
FixedParameters: 0 0 0

#Transform 89
Transform: AffineTransform_float_3_3
Parameters: 0.99993 -0.00823285 0.00851619 0.00842485 0.999706 -0.0227187 -0.00832658 0.0227893 0.999706 -0.280543 0.657852 0.476725
FixedParameters: 0 0 0

#Transform 90
Transform: AffineTransform_float_3_3
Parameters: 0.999975 -0.00677365 0.0020983 0.00686468 0.998874 -0.0469607 -0.00177824 0.0469734 0.998895 -0.213786 0.849287 0.1691
FixedParameters: 0 0 0

#Transform 91
Transform: AffineTransform_float_3_3
Parameters: 0.999966 0.00330372 -0.00757182 -0.00387897 0.996998 -0.0773315 0.00729352 0.0773585 0.996977 0.0837199 1.72376 0.562945
FixedParameters: 0 0 0

#Transform 92
Transform: AffineTransform_float_3_3
Parameters: 0.999986 -0.00416367 0.00331655 0.00432406 0.998745 -0.0498983 -0.0031046 0.0499117 0.998749 -0.205082 1.2748 0.499339
FixedParameters: 0 0 0

#Transform 93
Transform: AffineTransform_float_3_3
Parameters: 0.999994 -0.00348029 0.0010241 0.00352825 0.998665 -0.0515228 -0.000843883 0.0515262 0.998672 -0.13744 1.22418 0.441553
FixedParameters: 0 0 0

#Transform 94
Transform: AffineTransform_float_3_3
Parameters: 0.999978 -0.00425612 0.00520988 0.00467062 0.99659 -0.0823744 -0.00484136 0.0823965 0.996588 -0.116063 1.77446 0.40387
FixedParameters: 0 0 0

#Transform 95
Transform: AffineTransform_float_3_3
Parameters: 0.999972 -0.00558532 0.0050045 0.00585735 0.998397 -0.0562909 -0.00468191 0.0563182 0.998402 -0.154282 1.42725 0.587965
FixedParameters: 0 0 0

#Transform 96
Transform: AffineTransform_float_3_3
Parameters: 0.999972 -0.00572368 0.00476939 0.00596469 0.998612 -0.0523251 -0.00446375 0.0523519 0.998619 -0.169373 1.29625 0.568774
FixedParameters: 0 0 0

#Transform 97
Transform: AffineTransform_float_3_3
Parameters: 0.999965 -0.00691163 0.00470221 0.0071405 0.998697 -0.0505266 -0.0043472 0.0505594 0.998712 -0.190582 1.22651 0.595228
FixedParameters: 0 0 0

#Transform 98
Transform: AffineTransform_float_3_3
Parameters: 0.999964 -0.00735005 0.00422373 0.00753607 0.998916 -0.0459441 -0.00388178 0.045975 0.998935 -0.175694 1.15333 0.590333
FixedParameters: 0 0 0

#Transform 99
Transform: AffineTransform_float_3_3
Parameters: 0.999962 -0.00712977 0.00499654 0.00734276 0.999006 -0.0439776 -0.0046785 0.0440124 0.99902 -0.207678 1.05457 0.558515
FixedParameters: 0 0 0

#Transform 100
Transform: AffineTransform_float_3_3
Parameters: 0.999963 -0.00692123 0.00500215 0.00710745 0.999245 -0.0381848 -0.00473439 0.0382192 0.999258 -0.202364 0.986718 0.615709
FixedParameters: 0 0 0

#Transform 101
Transform: AffineTransform_float_3_3
Parameters: 0.999965 -0.00620067 0.0057444 0.006401 0.999347 -0.0355706 -0.00551935 0.0356054 0.999351 -0.2182 0.904071 0.572628
FixedParameters: 0 0 0

#Transform 102
Transform: AffineTransform_float_3_3
Parameters: 0.999963 -0.00638535 0.00585696 0.00659427 0.999319 -0.0362988 -0.00562103 0.0363362 0.999324 -0.229271 0.922344 0.613394
FixedParameters: 0 0 0

#Transform 103
Transform: AffineTransform_float_3_3
Parameters: 0.999963 -0.00696919 0.0050589 0.00715696 0.999245 -0.0381824 -0.00478912 0.0382167 0.999258 -0.204978 0.969036 0.610947
FixedParameters: 0 0 0

#Transform 104
Transform: AffineTransform_float_3_3
Parameters: 0.99996 -0.00749668 0.00475487 0.00768429 0.999142 -0.0407127 -0.00444611 0.0407473 0.999159 -0.202543 1.04318 0.598817
FixedParameters: 0 0 0

#Transform 105
Transform: AffineTransform_float_3_3
Parameters: 0.999959 -0.00754281 0.00505106 0.00773918 0.999175 -0.0398618 -0.00474673 0.0398992 0.999193 -0.217679 0.996485 0.585098
FixedParameters: 0 0 0

#Transform 106
Transform: AffineTransform_float_3_3
Parameters: 0.999959 -0.00758018 0.00486111 0.00776866 0.999164 -0.0401407 -0.00455281 0.0401763 0.999182 -0.207954 1.03097 0.577671
FixedParameters: 0 0 0

#Transform 107
Transform: AffineTransform_float_3_3
Parameters: 0.999966 -0.00661781 0.00487309 0.00680986 0.99916 -0.0404223 -0.00460158 0.0404538 0.999171 -0.21407 1.02513 0.624716
FixedParameters: 0 0 0

#Transform 108
Transform: AffineTransform_float_3_3
Parameters: 0.999966 -0.00646207 0.00521716 0.00664584 0.999335 -0.0358673 -0.00498231 0.0359007 0.999343 -0.202389 0.914634 0.685604
FixedParameters: 0 0 0

#Transform 109
Transform: AffineTransform_float_3_3
Parameters: 0.999962 -0.0065934 0.0056693 0.00677098 0.999467 -0.0319563 -0.00545598 0.0319927 0.999473 -0.22176 0.823601 0.61489
FixedParameters: 0 0 0

#Transform 110
Transform: AffineTransform_float_3_3
Parameters: 0.999959 -0.00677116 0.00601298 0.00697978 0.999345 -0.0355081 -0.00576859 0.0355489 0.999351 -0.23739 0.908075 0.639821
FixedParameters: 0 0 0

#Transform 111
Transform: AffineTransform_float_3_3
Parameters: 0.99996 -0.00641229 0.00626753 0.00664097 0.999283 -0.0372605 -0.00602458 0.0373005 0.999286 -0.24894 0.968962 0.659696
FixedParameters: 0 0 0

#Transform 112
Transform: AffineTransform_float_3_3
Parameters: 0.99996 -0.00642873 0.00625067 0.00664096 0.999378 -0.0346365 -0.00602416 0.0346765 0.999381 -0.246762 0.910609 0.619088
FixedParameters: 0 0 0

#Transform 113
Transform: AffineTransform_float_3_3
Parameters: 0.999963 -0.00635494 0.00589936 0.00655765 0.999364 -0.0350387 -0.00567274 0.0350763 0.999368 -0.243501 0.921311 0.627884
FixedParameters: 0 0 0

#Transform 114
Transform: AffineTransform_float_3_3
Parameters: 0.999961 -0.005319 0.00701877 0.00555963 0.999381 -0.0347324 -0.00682953 0.0347706 0.999372 -0.278069 0.959824 0.678839
FixedParameters: 0 0 0

#Transform 115
Transform: AffineTransform_float_3_3
Parameters: 0.999952 -0.00669823 0.00712204 0.00693001 0.999432 -0.0329751 -0.00689785 0.0330229 0.999431 -0.287708 0.935236 0.652085
FixedParameters: 0 0 0

#Transform 116
Transform: AffineTransform_float_3_3
Parameters: 0.999957 -0.00694748 0.00613009 0.00714981 0.999409 -0.0336414 -0.00589278 0.0336837 0.999415 -0.246614 0.917218 0.619971
FixedParameters: 0 0 0

#Transform 117
Transform: AffineTransform_float_3_3
Parameters: 0.999955 -0.00701404 0.00630841 0.00719806 0.999532 -0.029717 -0.00609728 0.029761 0.999539 -0.25416 0.839183 0.662271
FixedParameters: 0 0 0

#Transform 118
Transform: AffineTransform_float_3_3
Parameters: 0.999957 -0.00700011 0.00597672 0.00715065 0.999648 -0.0255218 -0.00579593 0.0255631 0.999656 -0.236371 0.775247 0.641478
FixedParameters: 0 0 0

#Transform 119
Transform: AffineTransform_float_3_3
Parameters: 0.999958 -0.00679253 0.00614568 0.00696047 0.999589 -0.0278194 -0.00595511 0.0278606 0.999594 -0.224403 0.776038 0.617512
FixedParameters: 0 0 0

#Transform 120
Transform: AffineTransform_float_3_3
Parameters: 0.999959 -0.00679246 0.00588168 0.00695551 0.999581 -0.0281089 -0.0056888 0.0281491 0.999588 -0.21442 0.793177 0.664406
FixedParameters: 0 0 0

#Transform 121
Transform: AffineTransform_float_3_3
Parameters: 0.999957 -0.00692841 0.00605064 0.00710681 0.999527 -0.0299388 -0.00584103 0.0299802 0.999533 -0.222978 0.84141 0.665568
FixedParameters: 0 0 0

#Transform 122
Transform: AffineTransform_float_3_3
Parameters: 0.99996 -0.00667493 0.00597488 0.00684615 0.999554 -0.0290919 -0.00577814 0.0291321 0.999559 -0.21602 0.809272 0.637546
FixedParameters: 0 0 0

#Transform 123
Transform: AffineTransform_float_3_3
Parameters: 0.999958 -0.00681668 0.00614797 0.00699361 0.999551 -0.029145 -0.00594735 0.029187 0.999556 -0.224311 0.775953 0.683002
FixedParameters: 0 0 0

#Transform 124
Transform: AffineTransform_float_3_3
Parameters: 0.999965 -0.00628538 0.00561538 0.00644143 0.99958 -0.0282605 -0.00543558 0.0282955 0.999584 -0.195583 0.776452 0.701454
FixedParameters: 0 0 0

#Transform 125
Transform: AffineTransform_float_3_3
Parameters: 0.999966 -0.00650902 0.0050367 0.00664276 0.999614 -0.026978 -0.00485936 0.0270109 0.999623 -0.180307 0.744777 0.639498
FixedParameters: 0 0 0

#Transform 126
Transform: AffineTransform_float_3_3
Parameters: 0.99996 -0.00700317 0.00555308 0.00715211 0.999597 -0.0274731 -0.00535813 0.0275119 0.999607 -0.211696 0.744242 0.732057
FixedParameters: 0 0 0

#Transform 127
Transform: AffineTransform_float_3_3
Parameters: 0.999962 -0.0065193 0.00567314 0.00667263 0.999604 -0.0273577 -0.00549214 0.0273943 0.99961 -0.185058 0.776511 0.682748
FixedParameters: 0 0 0

#Transform 128
Transform: AffineTransform_float_3_3
Parameters: 0.999964 -0.00662791 0.00541045 0.00674833 0.999723 -0.0225384 -0.00525967 0.0225736 0.999731 -0.176763 0.645054 0.692167
FixedParameters: 0 0 0

#Transform 129
Transform: AffineTransform_float_3_3
Parameters: 0.999968 -0.00729393 0.00326568 0.00738954 0.999516 -0.0302112 -0.00304388 0.0302348 0.999538 -0.112575 0.864947 0.671798
FixedParameters: 0 0 0

#Transform 130
Transform: AffineTransform_float_3_3
Parameters: 0.999968 -0.00718401 0.00353983 0.00729013 0.999492 -0.031041 -0.0033151 0.0310661 0.999512 -0.140404 0.87273 0.63133
FixedParameters: 0 0 0

#Transform 131
Transform: AffineTransform_float_3_3
Parameters: 0.999962 -0.0078009 0.00371014 0.00791248 0.999487 -0.0310469 -0.0034664 0.0310752 0.999511 -0.165274 0.824511 0.618548
FixedParameters: 0 0 0

#Transform 132
Transform: AffineTransform_float_3_3
Parameters: 0.999962 -0.0080083 0.00360134 0.00814297 0.999204 -0.0390527 -0.00328587 0.0390803 0.999231 -0.154905 1.05038 0.816637
FixedParameters: 0 0 0

#Transform 133
Transform: AffineTransform_float_3_3
Parameters: 0.999958 -0.00792387 0.00448002 0.00808335 0.999288 -0.0368382 -0.00418495 0.0368728 0.999311 -0.180171 1.00898 0.726321
FixedParameters: 0 0 0

#Transform 134
Transform: AffineTransform_float_3_3
Parameters: 0.999966 -0.00740479 0.0036741 0.00752978 0.999347 -0.0353272 -0.00340935 0.0353538 0.999369 -0.161684 0.983534 0.736271
FixedParameters: 0 0 0

#Transform 135
Transform: AffineTransform_float_3_3
Parameters: 0.999962 -0.00585626 0.00655497 0.00606824 0.999442 -0.0328402 -0.00635857 0.0328787 0.999439 -0.252287 0.916912 0.692288
FixedParameters: 0 0 0

#Transform 136
Transform: AffineTransform_float_3_3
Parameters: 0.999958 -0.0054839 0.00731336 0.00571526 0.999471 -0.032022 -0.00713398 0.032063 0.99946 -0.289313 0.893477 0.684814
FixedParameters: 0 0 0

#Transform 137
Transform: AffineTransform_float_3_3
Parameters: 0.999957 -0.00581688 0.00715594 0.00603953 0.999487 -0.0314381 -0.00696932 0.0314798 0.99948 -0.288748 0.887485 0.720511
FixedParameters: 0 0 0

#Transform 138
Transform: AffineTransform_float_3_3
Parameters: 0.99995 -0.00612353 0.00789311 0.00638566 0.999414 -0.0336395 -0.00768239 0.0336886 0.999403 -0.336807 0.996847 0.812673
FixedParameters: 0 0 0

#Transform 139
Transform: AffineTransform_float_3_3
Parameters: 0.99996 -0.00722857 0.00526845 0.00739928 0.999421 -0.0332203 -0.00502442 0.0332577 0.999434 -0.241044 0.89276 0.74997
FixedParameters: 0 0 0

#Transform 140
Transform: AffineTransform_float_3_3
Parameters: 0.999961 -0.00737934 0.00473618 0.00753949 0.999374 -0.0345646 -0.00447786 0.0345994 0.999391 -0.203223 0.988004 0.761586
FixedParameters: 0 0 0

#Transform 141
Transform: AffineTransform_float_3_3
Parameters: 0.999961 -0.00746439 0.00485406 0.00764129 0.99927 -0.0374483 -0.00457045 0.0374838 0.999287 -0.208699 0.978761 0.676516
FixedParameters: 0 0 0

#Transform 142
Transform: AffineTransform_float_3_3
Parameters: 0.999965 -0.00688788 0.00461465 0.0070644 0.999197 -0.0394482 -0.00433931 0.0394799 0.999211 -0.18512 1.01513 0.716055
FixedParameters: 0 0 0

#Transform 143
Transform: AffineTransform_float_3_3
Parameters: 0.999965 -0.00763047 0.0034125 0.00774118 0.999401 -0.0337167 -0.00315361 0.0337422 0.999425 -0.141384 1.02164 0.762766
FixedParameters: 0 0 0

#Transform 144
Transform: AffineTransform_float_3_3
Parameters: 0.999968 -0.00683114 0.00411723 0.00696113 0.999454 -0.0323202 -0.0038931 0.0323478 0.999469 -0.171948 0.981663 0.725257
FixedParameters: 0 0 0

#Transform 145
Transform: AffineTransform_float_3_3
Parameters: 0.999958 -0.00736443 0.00544782 0.00751766 0.999562 -0.0286173 -0.00523474 0.0286566 0.999575 -0.178174 1.05597 0.699096
FixedParameters: 0 0 0

#Transform 146
Transform: AffineTransform_float_3_3
Parameters: 0.999975 0.00659926 0.00246818 -0.0065815 0.999952 -0.00730734 -0.0025164 0.00729066 0.99997 -0.0699393 0.485756 0.462477
FixedParameters: 0 0 0

#Transform 147
Transform: AffineTransform_float_3_3
Parameters: 0.999984 0.00571157 0.000835186 -0.00571136 0.999983 -0.000679842 -0.00083904 0.000676158 0.999999 -0.135553 0.309633 0.667719
FixedParameters: 0 0 0

#Transform 148
Transform: AffineTransform_float_3_3
Parameters: 0.999989 -0.00322818 0.00323157 0.00317988 0.999882 0.0149908 -0.00327989 -0.0149802 0.999883 -0.213289 -0.0948261 0.916027
FixedParameters: 0 0 0

#Transform 149
Transform: AffineTransform_float_3_3
Parameters: 0.999989 -0.00134228 0.00447797 0.00136028 0.999991 -0.00402138 -0.00447344 0.00402762 0.999982 -0.305369 0.393659 0.414752
FixedParameters: 0 0 0

#Transform 150
Transform: AffineTransform_float_3_3
Parameters: 0.999993 -0.00182067 0.00324352 0.00191439 0.999577 -0.0290211 -0.00318911 0.0290269 0.999574 -0.332416 1.03918 0.755746
FixedParameters: 0 0 0

#Transform 151
Transform: AffineTransform_float_3_3
Parameters: 0.999998 -0.00148178 0.00120104 0.00151331 0.999662 -0.0259374 -0.0011623 0.0259396 0.999663 -0.22668 0.956296 0.662909
FixedParameters: 0 0 0
