# transform file /out/sourcedata/freesurfer/sub-v2s3x28826_ses-1/mri/transforms/cc_up.lta
# created by oesteban on Fri Mar 13 03:58:04 2026

type      = 0 # LINEAR_VOX_TO_VOX
nxforms   = 1
mean      = 129.0000 101.0000 111.0000
sigma     = 10000.0000
1 4 4
9.962334036827087e-01 3.598829498514533e-03 8.663722127676010e-02 -1.007540702819824e+01 
-3.585297381505370e-03 9.999935626983643e-01 -3.117946034763008e-04 4.249636077880859e+01 
-8.663778007030487e-02 0.000000000000000e+00 9.962397813796997e-01 3.157323265075684e+01 
0.000000000000000e+00 0.000000000000000e+00 0.000000000000000e+00 1.000000000000000e+00 
src volume info
valid = 1  # volume info valid
filename = /out/sourcedata/freesurfer/sub-v2s3x28826_ses-1/mri/norm.mgz
volume = 256 256 256
voxelsize = 1.000000000000000e+00 1.000000000000000e+00 1.000000000000000e+00
xras   = -1.000000000000000e+00 0.000000000000000e+00 0.000000000000000e+00
yras   = 0.000000000000000e+00 0.000000000000000e+00 -1.000000000000000e+00
zras   = 0.000000000000000e+00 1.000000000000000e+00 0.000000000000000e+00
cras   = -1.715950012207031e+00 4.234747314453125e+01 -1.924194335937500e+00
dst volume info
valid = 1  # volume info valid
filename = /out/sourcedata/freesurfer/sub-v2s3x28826_ses-1/mri/norm.mgz
volume = 256 256 256
voxelsize = 1.000000000000000e+00 1.000000000000000e+00 1.000000000000000e+00
xras   = -1.000000000000000e+00 0.000000000000000e+00 0.000000000000000e+00
yras   = 0.000000000000000e+00 0.000000000000000e+00 -1.000000000000000e+00
zras   = 0.000000000000000e+00 1.000000000000000e+00 0.000000000000000e+00
cras   = -1.715950012207031e+00 4.234747314453125e+01 -1.924194335937500e+00
