#Insight Transform File V1.0
#Transform 0
Transform: AffineTransform_float_3_3
Parameters: 1 -3.12399e-05 -0.000603191 3.19818e-05 1 0.00061498 0.000603152 -0.000615019 0.999999 0.00761755 -0.0247978 0.00611362
FixedParameters: 0 0 0

#Transform 1
Transform: AffineTransform_float_3_3
Parameters: 1 0.00053039 -4.43517e-05 -0.000530477 1 -0.00100103 4.32898e-05 0.00100097 0.999999 0.0144494 -0.0350868 -0.0285326
FixedParameters: 0 0 0

#Transform 2
Transform: AffineTransform_float_3_3
Parameters: 1 0.00025698 9.10017e-05 -0.000257268 0.999999 0.00129498 -9.13344e-05 -0.00129502 0.999999 0.00658404 0.0112103 0.0179589
FixedParameters: 0 0 0

#Transform 3
Transform: AffineTransform_float_3_3
Parameters: 1 -3.48913e-05 -0.00047683 3.51145e-05 1 0.000233983 0.000476813 -0.000234017 1 -0.00541624 -0.0402712 -0.0476945
FixedParameters: 0 0 0

#Transform 4
Transform: AffineTransform_float_3_3
Parameters: 1 5.98695e-05 -0.000275455 -5.94568e-05 0.999999 0.000749016 0.000275545 -0.000748983 0.999999 -0.0105087 -0.0569903 -0.0508886
FixedParameters: 0 0 0

#Transform 5
Transform: AffineTransform_float_3_3
Parameters: 0.999999 -0.000322501 -0.000827334 0.000322972 1 0.000284733 0.00082715 -0.000285267 0.999999 -0.0129708 -0.0346551 -0.00860763
FixedParameters: 0 0 0

#Transform 6
Transform: AffineTransform_float_3_3
Parameters: 1 0.000117669 0.000203185 -0.000117914 1 0.000602976 -0.000203043 -0.000603024 1 -0.0390392 -0.0567134 -0.0314846
FixedParameters: 0 0 0

#Transform 7
Transform: AffineTransform_float_3_3
Parameters: 1 0.000134839 -0.000103123 -0.000134729 1 0.000535014 0.000103268 -0.000534986 1 -0.0171881 -0.0402125 0.0159532
FixedParameters: 0 0 0

#Transform 8
Transform: AffineTransform_float_3_3
Parameters: 0.999999 -0.000378851 -0.000615965 0.000378667 1 -0.000149236 0.000616078 0.000149764 1 -0.001898 -0.0445977 -0.0223525
FixedParameters: 0 0 0

#Transform 9
Transform: AffineTransform_float_3_3
Parameters: 1 0.000271622 2.37852e-05 -0.000271616 1 -0.000118006 -2.38493e-05 0.000117994 1 -0.0131496 -0.0462999 -0.0271326
FixedParameters: 0 0 0

#Transform 10
Transform: AffineTransform_float_3_3
Parameters: 1 0.000222456 0.000236892 -0.000221929 0.999999 0.000996997 -0.000236501 -0.000996003 1 -0.00253429 -0.0449001 -0.0374689
FixedParameters: 0 0 0

#Transform 11
Transform: AffineTransform_float_3_3
Parameters: 1 -0.000342422 -0.000549732 0.000342069 1 -0.000321191 0.000549952 0.000321809 1 -0.00862345 -0.0331727 -0.0231645
FixedParameters: 0 0 0

#Transform 12
Transform: AffineTransform_float_3_3
Parameters: 1 -0.000427824 0.000453065 0.000427931 1 -0.000117803 -0.000452964 0.000117197 1 -0.0255363 0.00734104 0.00392731
FixedParameters: 0 0 0

#Transform 13
Transform: AffineTransform_float_3_3
Parameters: 1 -0.000405753 -8.10544e-05 0.000405825 1 0.000445964 8.06929e-05 -0.000445035 1 -0.01717 -0.0574711 -0.00864287
FixedParameters: 0 0 0

#Transform 14
Transform: AffineTransform_float_3_3
Parameters: 1 -0.000557321 0.000278271 0.00055705 0.999999 0.000487158 -0.000278814 -0.000487842 1 -0.0270369 -0.0253953 -0.0161862
FixedParameters: 0 0 0

#Transform 15
Transform: AffineTransform_float_3_3
Parameters: 1 -0.000517211 -0.000125284 0.0005173 1 0.000355935 0.000124916 -0.000356065 1 -0.0200091 0.000656592 -0.00873185
FixedParameters: 0 0 0

#Transform 16
Transform: AffineTransform_float_3_3
Parameters: 1 -0.000569899 0.000302363 0.000570026 1 -0.000209828 -0.000302124 0.000210172 1 -0.0276638 -0.0357717 -0.0624494
FixedParameters: 0 0 0

#Transform 17
Transform: AffineTransform_float_3_3
Parameters: 1 -0.00055783 0.000132405 0.000557843 1 -5.09261e-05 -0.000132348 5.10738e-05 1 -0.0275942 -0.0484095 -0.027811
FixedParameters: 0 0 0

#Transform 18
Transform: AffineTransform_float_3_3
Parameters: 1 -0.000491844 -3.3538e-06 0.000491898 1 0.000183998 4.17142e-06 -0.000184002 1 -0.020836 -0.0390952 -0.0126771
FixedParameters: 0 0 0

#Transform 19
Transform: AffineTransform_float_3_3
Parameters: 1 0.000123745 0.000126749 -0.000123856 1 0.000438984 -0.00012664 -0.000439016 1 -0.00874423 -0.0506911 -0.0120654
FixedParameters: 0 0 0

#Transform 20
Transform: AffineTransform_float_3_3
Parameters: 1 0.000150196 -0.000133098 -0.000150237 1 -0.00034998 0.000133991 0.00035002 1 0.000688795 -0.024344 0.0122807
FixedParameters: 0 0 0

#Transform 21
Transform: AffineTransform_float_3_3
Parameters: 1 0.000196362 2.06854e-05 -0.000196348 1 -0.000339004 -2.08186e-05 0.000338996 1 0.00259416 -0.0411239 -0.01397
FixedParameters: 0 0 0

#Transform 22
Transform: AffineTransform_float_3_3
Parameters: 1 -0.000133624 0.00050867 0.000133496 1 0.000126068 -0.000508704 -0.000125932 1 -0.0133825 -0.0456155 -0.00832375
FixedParameters: 0 0 0

#Transform 23
Transform: AffineTransform_float_3_3
Parameters: 1 -7.04368e-05 -0.000101433 7.03755e-05 1 -0.000302007 0.000101476 0.000301993 1 0.0125946 -0.0272552 0.0139947
FixedParameters: 0 0 0

#Transform 24
Transform: AffineTransform_float_3_3
Parameters: 1 -0.00018729 -9.5245e-05 0.000187202 1 -0.000459018 9.54169e-05 0.000458982 1 0.000332946 -0.0445907 -0.00276613
FixedParameters: 0 0 0

#Transform 25
Transform: AffineTransform_float_3_3
Parameters: 1 -0.000301131 -8.92264e-05 0.000301049 1 -0.000459027 8.95028e-05 0.000458973 1 -0.00258753 -0.0370068 0.00557235
FixedParameters: 0 0 0

#Transform 26
Transform: AffineTransform_float_3_3
Parameters: 1 -3.95568e-05 8.61816e-05 3.95302e-05 1 0.000154003 -8.61938e-05 -0.000153997 1 0.010938 -0.0495466 0.0313904
FixedParameters: 0 0 0

#Transform 27
Transform: AffineTransform_float_3_3
Parameters: 0.999999 -0.000491802 0.000629535 0.000491644 1 0.00012631 -0.000629659 -0.00012569 1 -0.0106859 -0.039134 0.0015789
FixedParameters: 0 0 0

#Transform 28
Transform: AffineTransform_float_3_3
Parameters: 1 -0.000150009 4.19196e-05 0.000150015 1 -7.39937e-05 -4.18974e-05 7.40063e-05 1 0.00813003 -0.0424716 0.00368869
FixedParameters: 0 0 0

#Transform 29
Transform: AffineTransform_float_3_3
Parameters: 1 -7.56163e-05 0.000105091 7.55898e-05 1 0.000126008 -0.00010511 -0.000125992 1 0.0324046 -0.0452427 0.00357439
FixedParameters: 0 0 0

#Transform 30
Transform: AffineTransform_float_3_3
Parameters: 1 -6.19132e-05 3.27969e-06 6.19168e-05 1 -0.000563 -3.20997e-06 0.000563 1 0.0309417 -0.0120097 0.0424507
FixedParameters: 0 0 0

#Transform 31
Transform: AffineTransform_float_3_3
Parameters: 1 2.83105e-05 9.96419e-05 -2.81983e-05 1 -0.000563003 -9.96737e-05 0.000562997 1 0.0289263 -0.0364854 0.00868841
FixedParameters: 0 0 0

#Transform 32
Transform: AffineTransform_float_3_3
Parameters: 1 -5.59544e-05 -0.000188324 5.59118e-05 1 -0.000113011 0.000188337 0.000112989 1 0.0372708 -0.0610573 -0.0407778
FixedParameters: 0 0 0

#Transform 33
Transform: AffineTransform_float_3_3
Parameters: 1 -0.00012672 -1.03492e-05 0.000126714 1 -0.000262001 1.04156e-05 0.000261999 1 0.0257076 -0.0276571 -0.0204948
FixedParameters: 0 0 0

#Transform 34
Transform: AffineTransform_float_3_3
Parameters: 1 2.73151e-05 -8.9565e-05 -2.7386e-05 1 -0.000395997 8.95433e-05 0.000396002 1 0.0315704 0.00762592 -0.0161495
FixedParameters: 0 0 0

#Transform 35
Transform: AffineTransform_float_3_3
Parameters: 1 0.00014734 -0.000246039 -0.00014731 1 6.10362e-05 0.000246057 -6.09637e-05 1 0.0374759 -0.0666081 -0.0556533
FixedParameters: 0 0 0

#Transform 36
Transform: AffineTransform_float_3_3
Parameters: 1 -0.000121305 -0.00023197 0.000121308 1 7.97186e-06 0.000231968 -8.02814e-06 1 0.0245186 -0.0451219 -0.0237903
FixedParameters: 0 0 0

#Transform 37
Transform: AffineTransform_float_3_3
Parameters: 1 -0.000286023 -0.000223408 0.000286138 1 0.000257936 0.00022326 -0.000258064 1 0.0136619 -0.0389467 -0.0266655
FixedParameters: 0 0 0

#Transform 38
Transform: AffineTransform_float_3_3
Parameters: 1 -0.000176276 -0.000229057 0.000176187 1 -0.000194043 0.000229125 0.000194957 1 0.0186841 -0.00366013 -0.0325404
FixedParameters: 0 0 0

#Transform 39
Transform: AffineTransform_float_3_3
Parameters: 1 -0.000286063 -0.000223357 0.000286098 1 7.99361e-05 0.000223311 -8.00639e-05 1 8.37665e-05 -0.0569989 -0.0341066
FixedParameters: 0 0 0

#Transform 40
Transform: AffineTransform_float_3_3
Parameters: 1 -0.000290369 -0.000311509 0.000291003 1 0.00101891 0.000310917 -0.00101909 1 -0.00826149 0.00673348 0.0015441
FixedParameters: 0 0 0

#Transform 41
Transform: AffineTransform_float_3_3
Parameters: 0.999999 0.000260532 -0.000926026 -0.000261265 1 -0.000395758 0.000925819 0.000396241 0.999999 0.0268171 -0.0233893 -0.0309683
FixedParameters: 0 0 0

#Transform 42
Transform: AffineTransform_float_3_3
Parameters: 1 -0.000175184 5.82709e-05 0.000175199 1 -0.00012699 -5.82264e-05 0.00012701 1 0.0141248 -0.0439421 -0.0323065
FixedParameters: 0 0 0

#Transform 43
Transform: AffineTransform_float_3_3
Parameters: 1 -0.000168187 0.000153053 0.000168258 1 -0.000233971 -0.000152975 0.000233028 1 0.0141737 -0.0495018 -0.0163677
FixedParameters: 0 0 0

#Transform 44
Transform: AffineTransform_float_3_3
Parameters: 0.999999 0.000125755 0.00122512 -0.000126822 1 0.000435895 -0.00122501 -0.000435105 0.999999 0.00836158 0.0284564 -0.062196
FixedParameters: 0 0 0

#Transform 45
Transform: AffineTransform_float_3_3
Parameters: 1 -0.000239807 -0.00103856 0.000243479 0.999993 0.00369375 0.00103699 -0.00369425 0.999992 0.0283434 0.017809 -0.0895412
FixedParameters: 0 0 0

#Transform 46
Transform: AffineTransform_float_3_3
Parameters: 1 -0.000158988 0.00022423 0.000158989 0.999997 0.00234104 -0.000224028 -0.00234097 0.999997 0.028582 -0.0409647 -0.0407419
FixedParameters: 0 0 0

#Transform 47
Transform: AffineTransform_float_3_3
Parameters: 1 -0.000327005 -0.000190803 0.000326848 0.999998 0.00207094 0.0001905 -0.00207106 0.999998 0.0078678 -0.0381562 0.0273824
FixedParameters: 0 0 0

#Transform 48
Transform: AffineTransform_float_3_3
Parameters: 1 9.29978e-05 -0.000178973 -9.25096e-05 0.999999 0.00136302 0.000179226 -0.00136298 0.999999 0.0293381 -0.0507774 0.010208
FixedParameters: 0 0 0

#Transform 49
Transform: AffineTransform_float_3_3
Parameters: 1 9.83171e-05 -7.50849e-05 -9.8076e-05 0.999998 0.00160201 7.53995e-05 -0.00160199 0.999998 0.0280121 -0.0743864 0.0230406
FixedParameters: 0 0 0

#Transform 50
Transform: AffineTransform_float_3_3
Parameters: 1 0.0001003 -3.61243e-05 -0.00010023 0.999998 0.00171 3.54686e-05 -0.00170999 0.999998 0.027514 -0.0544842 0.0223485
FixedParameters: 0 0 0

#Transform 51
Transform: AffineTransform_float_3_3
Parameters: 1 7.58702e-05 -0.000514536 -7.54659e-05 0.999999 0.00136304 0.000514795 -0.00136296 0.999999 0.033608 -0.0805793 0.0284398
FixedParameters: 0 0 0

#Transform 52
Transform: AffineTransform_float_3_3
Parameters: 1 8.73906e-05 -0.00028883 -8.76014e-05 0.999999 0.00136303 0.000289121 -0.00136297 0.999999 0.0501765 -0.0576473 0.0201265
FixedParameters: 0 0 0

#Transform 53
Transform: AffineTransform_float_3_3
Parameters: 1 9.90892e-05 -6.00861e-05 -9.8874e-05 0.999999 0.00178501 6.04395e-05 -0.001785 0.999999 0.048528 -0.0772212 0.00231432
FixedParameters: 0 0 0

#Transform 54
Transform: AffineTransform_float_3_3
Parameters: 1 8.80255e-05 -0.000278804 -8.80131e-05 0.999999 0.00181203 0.000279175 -0.00181198 0.999999 0.0410024 -0.0923806 0.0127348
FixedParameters: 0 0 0

#Transform 55
Transform: AffineTransform_float_3_3
Parameters: 1 2.70592e-05 -0.000353831 -2.59728e-05 0.999999 0.00153501 0.000353913 -0.00153499 0.999999 0.0404069 -0.0842693 0.0227259
FixedParameters: 0 0 0

#Transform 56
Transform: AffineTransform_float_3_3
Parameters: 1 1.11928e-05 -0.00027192 -1.13711e-05 0.999999 0.001508 0.000272007 -0.001508 0.999999 0.0435358 -0.0709871 0.014624
FixedParameters: 0 0 0

#Transform 57
Transform: AffineTransform_float_3_3
Parameters: 1 9.17864e-05 -0.000202937 -9.22074e-05 0.999999 0.00142202 0.000203251 -0.00142198 0.999999 0.0503422 -0.0674311 0.00925732
FixedParameters: 0 0 0

#Transform 58
Transform: AffineTransform_float_3_3
Parameters: 1 9.1344e-05 -0.000211918 -9.17077e-05 0.999999 0.00149702 0.000212244 -0.00149698 0.999999 0.0504527 -0.0685006 0.00698084
FixedParameters: 0 0 0

#Transform 59
Transform: AffineTransform_float_3_3
Parameters: 1 -0.000153917 -0.00011231 0.000154237 0.999999 0.00142698 0.00011187 -0.00142702 0.999999 0.0414868 -0.066624 0.00876897
FixedParameters: 0 0 0

#Transform 60
Transform: AffineTransform_float_3_3
Parameters: 1 -3.82557e-05 -0.000417596 3.86104e-05 0.999999 0.00155598 0.000418527 -0.00155602 0.999998 0.0494068 -0.0688479 0.00590979
FixedParameters: 0 0 0

#Transform 61
Transform: AffineTransform_float_3_3
Parameters: 1 -0.000164092 2.39408e-06 0.000164086 1 0.001202 -2.78855e-06 -0.001202 1 0.0395165 -0.0915159 0.00251562
FixedParameters: 0 0 0

#Transform 62
Transform: AffineTransform_float_3_3
Parameters: 1 4.0565e-05 -0.000225361 -3.99505e-05 0.999999 0.00136301 0.000225471 -0.00136299 0.999999 0.046941 -0.0745893 -0.00573456
FixedParameters: 0 0 0

#Transform 63
Transform: AffineTransform_float_3_3
Parameters: 1 3.29884e-07 6.50684e-05 -4.82013e-07 1 0.001169 -6.50674e-05 -0.001169 1 0.0444133 -0.0806307 0.0170686
FixedParameters: 0 0 0

#Transform 64
Transform: AffineTransform_float_3_3
Parameters: 1 0.000160377 -0.000309607 -0.000159634 1 0.00119905 0.00030999 -0.00119895 0.999999 0.0612188 -0.0628791 0.0451983
FixedParameters: 0 0 0

#Transform 65
Transform: AffineTransform_float_3_3
Parameters: 1 8.89019e-05 -0.000160753 -8.85033e-05 0.999999 0.00123901 0.000160973 -0.00123899 0.999999 0.0461957 -0.0633796 0.040635
FixedParameters: 0 0 0

#Transform 66
Transform: AffineTransform_float_3_3
Parameters: 1 0.000101504 -0.000306573 -0.000100668 0.999999 0.00136303 0.000306848 -0.00136297 0.999999 0.0486449 -0.0651529 0.0373683
FixedParameters: 0 0 0

#Transform 67
Transform: AffineTransform_float_3_3
Parameters: 1 7.64555e-05 -0.000305319 -7.5786e-05 1 0.00109602 0.000305486 -0.00109598 1 0.0404548 -0.0884638 0.0470295
FixedParameters: 0 0 0

#Transform 68
Transform: AffineTransform_float_3_3
Parameters: 1 -8.09547e-05 -0.000297327 8.13717e-05 0.999997 0.00238198 0.000296993 -0.00238202 0.999997 0.0191668 -0.0913338 0.0618489
FixedParameters: 0 0 0

#Transform 69
Transform: AffineTransform_float_3_3
Parameters: 1 0.000206538 -0.00015265 -0.000206011 0.999998 0.00172103 0.00015336 -0.00172196 0.999998 0.0399918 -0.0915759 0.0688811
FixedParameters: 0 0 0

#Transform 70
Transform: AffineTransform_float_3_3
Parameters: 1 0.000167186 -5.95795e-05 -0.000167063 0.999999 0.00148201 5.90762e-05 -0.00148199 0.999999 0.0452285 -0.0821305 0.0694972
FixedParameters: 0 0 0

#Transform 71
Transform: AffineTransform_float_3_3
Parameters: 1 5.37692e-05 5.33467e-05 -5.39525e-05 0.999998 0.001721 -5.31613e-05 -0.001721 0.999998 0.0376463 -0.0924316 0.044361
FixedParameters: 0 0 0

#Transform 72
Transform: AffineTransform_float_3_3
Parameters: 1 7.87708e-05 -0.000183249 -7.82515e-05 0.999999 0.00141601 0.000183471 -0.00141599 0.999999 0.0297209 -0.0798409 0.0625405
FixedParameters: 0 0 0

#Transform 73
Transform: AffineTransform_float_3_3
Parameters: 1 -0.00011843 -0.000123124 0.000117767 0.999999 0.00136799 0.000122853 -0.00136801 0.999999 0.0328599 -0.064717 0.0446685
FixedParameters: 0 0 0

#Transform 74
Transform: AffineTransform_float_3_3
Parameters: 1 0.000141678 -0.000186466 -0.000142171 0.999999 0.00135403 0.000186902 -0.00135397 0.999999 0.031759 -0.090084 0.0488501
FixedParameters: 0 0 0

#Transform 75
Transform: AffineTransform_float_3_3
Parameters: 1 0.000214017 -6.39896e-05 -0.00021384 0.999999 0.00137701 6.45788e-05 -0.00137699 0.999999 0.0321989 -0.0859266 0.04834
FixedParameters: 0 0 0

#Transform 76
Transform: AffineTransform_float_3_3
Parameters: 1 4.98173e-05 -0.00018177 -4.92845e-05 0.999999 0.00146501 0.000181915 -0.00146499 0.999999 0.0288351 -0.0946573 0.106662
FixedParameters: 0 0 0

#Transform 77
Transform: AffineTransform_float_3_3
Parameters: 1 -0.000425676 -0.000381103 0.000426343 0.999997 0.00211784 0.000380349 -0.00211816 0.999997 0.0170941 -0.0831537 0.121298
FixedParameters: 0 0 0

#Transform 78
Transform: AffineTransform_float_3_3
Parameters: 1 -0.0002118 -0.000168495 0.000212433 0.999998 0.00172096 0.000168764 -0.00172103 0.999998 0.0175717 -0.0824264 0.0541051
FixedParameters: 0 0 0

#Transform 79
Transform: AffineTransform_float_3_3
Parameters: 1 -3.60726e-05 -9.93013e-05 3.64142e-05 0.999998 0.00172099 9.91766e-05 -0.001721 0.999998 0.0377581 -0.070387 0.0531539
FixedParameters: 0 0 0

#Transform 80
Transform: AffineTransform_float_3_3
Parameters: 1 0.000103738 -4.73116e-05 -0.000103575 0.999998 0.001721 4.76684e-05 -0.00172099 0.999998 0.0425854 -0.0831122 0.0605557
FixedParameters: 0 0 0

#Transform 81
Transform: AffineTransform_float_3_3
Parameters: 1 0.0001229 -0.000103386 -0.00012265 0.999999 0.00146601 0.000102747 -0.00146599 0.999999 0.0446599 -0.0794047 0.071118
FixedParameters: 0 0 0

#Transform 82
Transform: AffineTransform_float_3_3
Parameters: 1 -3.70578e-05 -0.000177346 3.6657e-05 0.999999 0.00153399 0.000178284 -0.00153401 0.999999 0.0418242 -0.0799878 0.0663285
FixedParameters: 0 0 0

#Transform 83
Transform: AffineTransform_float_3_3
Parameters: 1 0.000187687 -0.000188742 -0.000188035 0.999998 0.00172104 0.000189441 -0.00172196 0.999998 0.0348046 -0.0828268 0.0718162
FixedParameters: 0 0 0

#Transform 84
Transform: AffineTransform_float_3_3
Parameters: 1 0.000196165 -0.000119181 -0.000195871 0.999999 0.00123102 0.000119664 -0.00123098 0.999999 0.0378039 -0.0635064 0.118181
FixedParameters: 0 0 0

#Transform 85
Transform: AffineTransform_float_3_3
Parameters: 0.999999 -0.000157938 0.000911195 0.000156088 0.999998 0.0015622 -0.000911738 -0.0015628 0.999999 0.0018442 -0.0730943 0.103533
FixedParameters: 0 0 0

#Transform 86
Transform: AffineTransform_float_3_3
Parameters: 1 -0.000182603 0.000170464 0.00018202 0.999998 0.00170803 -0.000171087 -0.00170797 0.999998 0.00212689 -0.0796867 0.112125
FixedParameters: 0 0 0

#Transform 87
Transform: AffineTransform_float_3_3
Parameters: 1 -0.000417498 -0.000213909 0.000417987 1 0.00114691 0.00021295 -0.00114709 1 0.00237709 -0.057726 0.12083
FixedParameters: 0 0 0

#Transform 88
Transform: AffineTransform_float_3_3
Parameters: 0.999999 0.000790644 0.000364058 -0.000790583 0.999999 0.00121671 -0.000363184 -0.00121729 0.999999 0.0544669 0.0222093 0.200105
FixedParameters: 0 0 0

#Transform 89
Transform: AffineTransform_float_3_3
Parameters: 1 0.000366259 -0.000140087 -0.000366106 0.999999 0.000734051 0.000139626 -0.000733948 0.999999 0.0362589 -0.128841 0.163511
FixedParameters: 0 0 0

#Transform 90
Transform: AffineTransform_float_3_3
Parameters: 1 0.000696798 5.47939e-05 -0.000696827 0.999999 0.000268962 -5.4419e-05 -0.000269038 1 0.0436037 -0.0801844 0.164414
FixedParameters: 0 0 0

#Transform 91
Transform: AffineTransform_float_3_3
Parameters: 1 4.23685e-05 0.000280202 -4.30722e-05 0.999999 0.00125599 -0.000280094 -0.00125601 0.999999 0.0205026 -0.0581092 0.1446
FixedParameters: 0 0 0

#Transform 92
Transform: AffineTransform_float_3_3
Parameters: 1 4.00941e-05 0.000237271 -4.08456e-05 0.999998 0.00158399 -0.000237143 -0.00158401 0.999998 -0.00127714 -0.0896412 0.125937
FixedParameters: 0 0 0

#Transform 93
Transform: AffineTransform_float_3_3
Parameters: 1 0.000493256 0.000169086 -0.000493776 0.999999 0.00138392 -0.000168719 -0.00138408 0.999999 0.030358 -0.0926623 0.124917
FixedParameters: 0 0 0

#Transform 94
Transform: AffineTransform_float_3_3
Parameters: 0.999999 0.000701771 0.000309462 -0.000702515 0.999999 0.00111878 -0.00030889 -0.00111922 1 0.0401915 -0.0739331 0.108731
FixedParameters: 0 0 0

#Transform 95
Transform: AffineTransform_float_3_3
Parameters: 1 0.000529532 0.000447557 -0.000529749 0.999999 0.00129976 -0.000447231 -0.00130024 0.999999 0.0329111 -0.072627 0.165128
FixedParameters: 0 0 0

#Transform 96
Transform: AffineTransform_float_3_3
Parameters: 1 0.000169394 0.000276687 -0.000170013 1 0.00111895 -0.000276307 -0.00111905 1 0.0189479 -0.0718441 0.115805
FixedParameters: 0 0 0

#Transform 97
Transform: AffineTransform_float_3_3
Parameters: 1 0.000169434 0.000276663 -0.000169972 0.999999 0.000974005 -0.000276332 -0.000973995 1 0.0299487 -0.0733403 0.0906579
FixedParameters: 0 0 0

#Transform 98
Transform: AffineTransform_float_3_3
Parameters: 1 0.000137514 -0.000345484 -0.000136682 1 0.00120405 0.000345814 -0.00120395 0.999999 0.0555833 -0.0588808 -0.0413915
FixedParameters: 0 0 0

#Transform 99
Transform: AffineTransform_float_3_3
Parameters: 1 -0.000329613 1.60003e-05 0.000329586 0.999999 0.000825005 -1.65441e-05 -0.000824994 0.999999 0.00588224 -0.0581307 -0.148954
FixedParameters: 0 0 0

#Transform 100
Transform: AffineTransform_float_3_3
Parameters: 1 0.000169202 0.000276805 -0.000169206 0.999999 0.00181295 -0.000276244 -0.00181205 0.999999 -0.0191876 -0.0722245 -0.0376342
FixedParameters: 0 0 0

#Transform 101
Transform: AffineTransform_float_3_3
Parameters: 1 0.000185391 0.000435127 -0.000186637 0.999999 0.00143292 -0.000434594 -0.00143208 0.999999 -0.0193548 -0.0690751 0.00947315
FixedParameters: 0 0 0

#Transform 102
Transform: AffineTransform_float_3_3
Parameters: 0.999999 0.000213267 0.000922332 -0.000214833 0.999999 0.0013908 -0.000921789 -0.0013912 0.999998 -0.0134145 -0.0749974 0.00225552
FixedParameters: 0 0 0

#Transform 103
Transform: AffineTransform_float_3_3
Parameters: 1 0.000165294 0.000276954 -0.000165124 0.999999 0.00149695 -0.000276512 -0.00149705 0.999999 -0.0208333 -0.0761996 0.0128417
FixedParameters: 0 0 0

#Transform 104
Transform: AffineTransform_float_3_3
Parameters: 1 0.000191598 0.000262598 -0.000192384 0.999999 0.00149695 -0.000262024 -0.00149705 0.999999 -0.0198159 -0.0957732 0.0156576
FixedParameters: 0 0 0

#Transform 105
Transform: AffineTransform_float_3_3
Parameters: 1 -0.000108651 0.000616356 0.000108114 0.999999 0.00124607 -0.000616678 -0.00124593 0.999999 -0.00438497 -0.0837053 0.0426186
FixedParameters: 0 0 0

#Transform 106
Transform: AffineTransform_float_3_3
Parameters: 1 0.00037341 0.00032925 -0.000374094 1 0.000958878 -0.000329532 -0.000959124 1 0.0144797 -0.0636114 0.0640812
FixedParameters: 0 0 0

#Transform 107
Transform: AffineTransform_float_3_3
Parameters: 1 0.000290426 0.000410657 -0.000291322 1 0.00109188 -0.000410021 -0.00109212 1 0.0124258 -0.0637649 0.0879798
FixedParameters: 0 0 0

#Transform 108
Transform: AffineTransform_float_3_3
Parameters: 1 0.000275508 0.000411384 -0.000276281 0.999999 0.000940939 -0.000410865 -0.000941061 1 0.0350683 -0.0760296 0.0467763
FixedParameters: 0 0 0

#Transform 109
Transform: AffineTransform_float_3_3
Parameters: 1 0.000513255 0.000205907 -0.000513653 1 0.000968839 -0.000204912 -0.00096816 0.999999 0.0337808 -0.094052 0.0672896
FixedParameters: 0 0 0

#Transform 110
Transform: AffineTransform_float_3_3
Parameters: 1 0.000680344 -1.03702e-05 -0.00068041 0.999998 0.00183901 1.08754e-05 -0.00183899 0.999999 0.0266625 -0.0977046 0.101451
FixedParameters: 0 0 0

#Transform 111
Transform: AffineTransform_float_3_3
Parameters: 1 0.000287981 0.000228675 -0.000288751 0.999999 0.00157093 -0.000228768 -0.00157007 0.999998 -0.000782553 -0.0968871 0.105946
FixedParameters: 0 0 0

#Transform 112
Transform: AffineTransform_float_3_3
Parameters: 0.999999 0.000654473 0.000309311 -0.00065463 0.999998 0.0017868 -0.000308023 -0.00178621 0.999999 0.0278227 -0.0932295 0.106091
FixedParameters: 0 0 0

#Transform 113
Transform: AffineTransform_float_3_3
Parameters: 1 0.000473345 0.000511838 -0.000474483 0.999998 0.00203776 -0.000510957 -0.00203824 0.999998 0.0132423 -0.0585815 0.144141
FixedParameters: 0 0 0

#Transform 114
Transform: AffineTransform_float_3_3
Parameters: 1 0.000429613 0.000236401 -0.000429304 0.999999 0.0013469 -0.000236295 -0.0013471 0.999999 0.0220356 -0.0757799 0.167676
FixedParameters: 0 0 0

#Transform 115
Transform: AffineTransform_float_3_3
Parameters: 0.999999 0.00068986 0.000431436 -0.000690141 0.999998 0.0014237 -0.000430522 -0.0014243 0.999999 0.00793455 -0.0814594 0.156396
FixedParameters: 0 0 0

#Transform 116
Transform: AffineTransform_float_3_3
Parameters: 1 0.000427536 0.000196534 -0.000427193 0.999998 0.00153692 -0.000196272 -0.00153708 0.999999 0.00329695 -0.0773826 0.130147
FixedParameters: 0 0 0

#Transform 117
Transform: AffineTransform_float_3_3
Parameters: 0.999999 0.000447441 0.00058596 -0.000448057 0.999999 0.00137874 -0.000584777 -0.00137926 0.999999 0.000751925 -0.0735866 0.141254
FixedParameters: 0 0 0

#Transform 118
Transform: AffineTransform_float_3_3
Parameters: 1 0.000448455 0.000488813 -0.000448927 0.999999 0.00145078 -0.000488561 -0.00145122 0.999999 -0.00342114 -0.0667214 0.138836
FixedParameters: 0 0 0

#Transform 119
Transform: AffineTransform_float_3_3
Parameters: 1 0.00040947 0.00039061 -0.000410483 0.999999 0.00129784 -0.000389546 -0.00129816 0.999999 -0.00773328 -0.0680763 0.138501
FixedParameters: 0 0 0

#Transform 120
Transform: AffineTransform_float_3_3
Parameters: 1 0.000297458 0.000294149 -0.000298113 1 0.00111391 -0.000293486 -0.00111409 1 -0.00515667 -0.0494307 0.125685
FixedParameters: 0 0 0

#Transform 121
Transform: AffineTransform_float_3_3
Parameters: 1 0.000298027 0.000306178 -0.000298853 0.999999 0.00126291 -0.000306423 -0.00126309 0.999999 -0.00216903 -0.0682695 0.145525
FixedParameters: 0 0 0

#Transform 122
Transform: AffineTransform_float_3_3
Parameters: 0.999999 0.000808117 0.000476785 -0.000808904 0.999998 0.00182062 -0.000474891 -0.00182139 0.999998 0.0110037 -0.0587036 0.149928
FixedParameters: 0 0 0

#Transform 123
Transform: AffineTransform_float_3_3
Parameters: 1 0.000386799 0.000557069 -0.000387511 0.999998 0.00153678 -0.000555931 -0.00153721 0.999998 -0.00305 -0.0539635 0.14529
FixedParameters: 0 0 0

#Transform 124
Transform: AffineTransform_float_3_3
Parameters: 1 0.000371711 0.000260453 -0.000371565 0.999998 0.0015369 -0.000260361 -0.0015371 0.999999 0.000696798 -0.0535485 0.152153
FixedParameters: 0 0 0

#Transform 125
Transform: AffineTransform_float_3_3
Parameters: 0.999999 0.000746041 0.000257433 -0.000746882 0.999998 0.00153681 -0.000256137 -0.00153719 0.999999 0.0122611 -0.0551792 0.145355
FixedParameters: 0 0 0

#Transform 126
Transform: AffineTransform_float_3_3
Parameters: 1 0.00106381 -0.000147843 -0.00106358 0.999999 0.000967158 0.000148902 -0.000966843 1 0.0279447 0.00276064 0.209723
FixedParameters: 0 0 0

#Transform 127
Transform: AffineTransform_float_3_3
Parameters: 0.999999 0.000723394 0.000256549 -0.000723435 0.999999 7.98144e-05 -0.000256433 -8.01855e-05 1 0.0714484 0.0678232 0.406541
FixedParameters: 0 0 0

#Transform 128
Transform: AffineTransform_float_3_3
Parameters: 1 0.000919007 0.000385299 -0.00091975 0.999999 0.000966647 -0.000383521 -0.000967353 1 0.0443376 -0.136849 0.206534
FixedParameters: 0 0 0

#Transform 129
Transform: AffineTransform_float_3_3
Parameters: 1 0.000772338 0.000612143 -0.000772881 0.999999 -0.000372473 -0.000612665 0.000371527 0.999999 0.0142161 -0.0394721 0.325167
FixedParameters: 0 0 0

#Transform 130
Transform: AffineTransform_float_3_3
Parameters: 0.999999 0.00073258 0.00118508 -0.000733387 0.999999 0.00118313 -0.00118345 -0.00118487 0.999998 -0.0107684 -0.078169 0.32752
FixedParameters: 0 0 0

#Transform 131
Transform: AffineTransform_float_3_3
Parameters: 0.999998 0.00129809 0.00145138 -0.00129929 0.999998 0.00108316 -0.00144966 -0.00108484 0.999999 -0.00869089 -0.0212203 0.271173
FixedParameters: 0 0 0

#Transform 132
Transform: AffineTransform_float_3_3
Parameters: 0.999999 0.00118948 0.000983978 -0.00119162 0.999996 0.00253283 -0.000981098 -0.00253417 0.999997 0.00917942 -0.0829126 0.257643
FixedParameters: 0 0 0

#Transform 133
Transform: AffineTransform_float_3_3
Parameters: 0.999998 0.00157491 0.000634581 -0.00157565 0.999996 0.00203595 -0.000631266 -0.00203705 0.999997 0.0162496 -0.0417474 0.265245
FixedParameters: 0 0 0

#Transform 134
Transform: AffineTransform_float_3_3
Parameters: 0.999999 0.00140737 0.00046764 -0.00140727 0.999997 0.00192129 -0.000464333 -0.00192171 0.999998 0.00125635 -0.0794799 0.28918
FixedParameters: 0 0 0

#Transform 135
Transform: AffineTransform_float_3_3
Parameters: 1 0.00114525 -2.42294e-05 -0.00114528 0.999998 0.00152098 2.57161e-05 -0.00152102 0.999999 -0.00724065 -0.0439429 0.286597
FixedParameters: 0 0 0

#Transform 136
Transform: AffineTransform_float_3_3
Parameters: 0.999999 0.00114956 0.000544534 -0.00115054 0.999999 0.000848375 -0.000543579 -0.000849626 1 0.0042252 -0.035827 0.277765
FixedParameters: 0 0 0

#Transform 137
Transform: AffineTransform_float_3_3
Parameters: 0.999999 0.000726979 -0.000427908 -0.000726201 1 0.000969312 0.000428318 -0.00096869 1 -0.0201233 -0.106174 0.319465
FixedParameters: 0 0 0

#Transform 138
Transform: AffineTransform_float_3_3
Parameters: 1 0.00109875 0.000358294 -0.00109967 0.999998 0.00121161 -0.000356628 -0.00121239 0.999999 -0.00431772 -0.0016211 0.337677
FixedParameters: 0 0 0

#Transform 139
Transform: AffineTransform_float_3_3
Parameters: 1 0.000574674 0.00019614 -0.000575384 0.999999 0.00168084 -0.000195206 -0.00168116 0.999998 -0.0440718 -0.0971417 0.31985
FixedParameters: 0 0 0

#Transform 140
Transform: AffineTransform_float_3_3
Parameters: 1 0.000999331 0.000372437 -0.00099937 0.999998 0.00125363 -0.000371981 -0.00125338 0.999999 -0.0105849 0.00293796 0.310253
FixedParameters: 0 0 0

#Transform 141
Transform: AffineTransform_float_3_3
Parameters: 1 0.000682415 0.000128467 -0.00068185 0.999998 0.00149091 -0.000127484 -0.00149109 0.999999 -0.0217355 -0.0733342 0.283408
FixedParameters: 0 0 0

#Transform 142
Transform: AffineTransform_float_3_3
Parameters: 1 0.000673329 -6.94942e-05 -0.000673207 0.999999 0.00124305 7.01693e-05 -0.00124295 0.999999 -0.0290335 -0.0709487 0.269789
FixedParameters: 0 0 0

#Transform 143
Transform: AffineTransform_float_3_3
Parameters: 1 0.000610671 3.69971e-05 -0.000610832 0.999998 0.00149098 -3.61744e-05 -0.00149102 0.999999 -0.0217739 -0.0652321 0.273874
FixedParameters: 0 0 0

#Transform 144
Transform: AffineTransform_float_3_3
Parameters: 0.999999 0.00124532 -0.000142377 -0.00124514 0.999999 0.000794125 0.000143355 -0.000793874 0.999999 0.00106766 -0.00615971 0.309144
FixedParameters: 0 0 0

#Transform 145
Transform: AffineTransform_float_3_3
Parameters: 1 0.00112395 0.000226143 -0.00112373 0.999999 0.00149069 -0.000224841 -0.00149131 0.999999 -0.009599 -0.0582102 0.245603
FixedParameters: 0 0 0

#Transform 146
Transform: AffineTransform_float_3_3
Parameters: 1 0.000608366 -0.000148458 -0.000607703 0.999997 0.00257704 0.000149594 -0.00257696 0.999996 -0.0380742 0.0132837 0.222552
FixedParameters: 0 0 0

#Transform 147
Transform: AffineTransform_float_3_3
Parameters: 0.999999 0.000694508 0.000248007 -0.000695299 0.999998 0.00149083 -0.000246933 -0.00149117 0.999999 -0.032824 -0.0486119 0.278185
FixedParameters: 0 0 0

#Transform 148
Transform: AffineTransform_float_3_3
Parameters: 1 0.00102152 -0.000114089 -0.00102128 0.999999 0.00149107 0.000115137 -0.00149094 0.999999 -0.00893652 -0.0535547 0.279479
FixedParameters: 0 0 0

#Transform 149
Transform: AffineTransform_float_3_3
Parameters: 0.999999 0.000983827 1.12895e-05 -0.00098397 0.999998 0.00179599 -9.75255e-06 -0.00179601 0.999999 -0.00376452 -0.0566464 0.290159
FixedParameters: 0 0 0

#Transform 150
Transform: AffineTransform_float_3_3
Parameters: 0.999999 0.000826378 0.000382769 -0.000826901 0.999998 0.00185368 -0.000381754 -0.00185332 0.999998 -0.0219349 -0.0558345 0.307524
FixedParameters: 0 0 0

#Transform 151
Transform: AffineTransform_float_3_3
Parameters: 1 0.00111874 0.000301652 -0.00111982 0.999998 0.00162361 -0.000300014 -0.00162439 0.999998 -0.0081488 -0.0853125 0.309863
FixedParameters: 0 0 0
