#Insight Transform File V1.0
#Transform 0
Transform: AffineTransform_float_3_3
Parameters: 0.999999 -0.000602849 -0.000438434 0.000600242 0.999983 -0.00568126 0.000442577 0.00568073 0.999984 0.0521132 0.00788303 -0.00669634
FixedParameters: 0 0 0

#Transform 1
Transform: AffineTransform_float_3_3
Parameters: 0.999999 -0.000759923 -8.13155e-05 0.000759467 0.999976 -0.00685492 8.67798e-05 0.00685507 0.999976 0.028187 0.0423044 -0.0244479
FixedParameters: 0 0 0

#Transform 2
Transform: AffineTransform_float_3_3
Parameters: 1 -0.000419693 -6.04111e-05 0.000419215 0.999982 -0.00610103 6.35488e-05 0.00610098 0.999982 0.0369657 0.0390164 -0.0251251
FixedParameters: 0 0 0

#Transform 3
Transform: AffineTransform_float_3_3
Parameters: 1 -0.000277373 0.000134213 0.000278234 0.999982 -0.00588496 -0.000133063 0.00588503 0.999982 0.0293758 0.0208647 0.0304514
FixedParameters: 0 0 0

#Transform 4
Transform: AffineTransform_float_3_3
Parameters: 1 -0.000267512 8.32535e-06 0.000267878 0.999985 -0.005589 -7.31358e-06 0.00558901 0.999985 0.0229149 0.0409785 0.0218524
FixedParameters: 0 0 0

#Transform 5
Transform: AffineTransform_float_3_3
Parameters: 1 -0.000216772 -0.000231356 0.0002159 0.99999 -0.00431705 0.000232373 0.00431695 0.99999 0.036376 0.0199976 -0.00571664
FixedParameters: 0 0 0

#Transform 6
Transform: AffineTransform_float_3_3
Parameters: 1 3.42482e-05 -0.000605934 -3.71055e-05 0.999992 -0.00399198 0.000605927 0.00399202 0.999992 0.0482262 0.0198849 -0.0480982
FixedParameters: 0 0 0

#Transform 7
Transform: AffineTransform_float_3_3
Parameters: 1 7.36641e-05 -0.000600552 -7.69104e-05 0.99999 -0.00435309 0.000600175 0.00435291 0.999991 0.0557724 0.026044 -0.0402651
FixedParameters: 0 0 0

#Transform 8
Transform: AffineTransform_float_3_3
Parameters: 1 -0.000450562 -0.000182305 0.000449147 0.999989 -0.00461609 0.000184477 0.00461592 0.99999 0.0604415 0.013341 -0.105433
FixedParameters: 0 0 0

#Transform 9
Transform: AffineTransform_float_3_3
Parameters: 1 -0.000283123 -0.000315034 0.000281595 0.99999 -0.00443409 0.000315697 0.00443391 0.99999 0.0501878 -0.0278379 -0.135642
FixedParameters: 0 0 0

#Transform 10
Transform: AffineTransform_float_3_3
Parameters: 0.999999 -0.000289919 -0.00068646 0.000286526 0.999992 -0.0041152 0.00068713 0.00411481 0.999992 0.0587329 -0.00628278 -0.19143
FixedParameters: 0 0 0

#Transform 11
Transform: AffineTransform_float_3_3
Parameters: 1 -0.000455783 -0.000493914 0.000454531 0.999996 -0.00255122 0.000494395 0.00255077 0.999996 0.0387659 -0.102036 -0.0974715
FixedParameters: 0 0 0

#Transform 12
Transform: AffineTransform_float_3_3
Parameters: 0.999998 -0.00121966 -0.0011878 0.00121819 0.999999 -0.00109633 0.00118962 0.00109467 0.999999 0.0426758 -0.00396451 -0.111718
FixedParameters: 0 0 0

#Transform 13
Transform: AffineTransform_float_3_3
Parameters: 0.999999 -0.00105114 -0.000673454 0.00105062 0.999998 -0.00122673 0.000675181 0.00122627 0.999999 0.0208676 -0.0343238 -0.187145
FixedParameters: 0 0 0

#Transform 14
Transform: AffineTransform_float_3_3
Parameters: 1 -0.000928073 -0.000656709 0.000927963 0.999999 -0.00083663 0.000658401 0.000836371 1 0.027533 -0.0360203 -0.144042
FixedParameters: 0 0 0

#Transform 15
Transform: AffineTransform_float_3_3
Parameters: 0.999999 -0.000441703 -0.000708522 0.000440593 0.999998 -0.00158031 0.000709065 0.00157969 0.999998 0.0335034 0.0209835 -0.0868812
FixedParameters: 0 0 0

#Transform 16
Transform: AffineTransform_float_3_3
Parameters: 1 -0.000180603 -0.00055217 0.000179136 0.999999 -0.0013281 0.000552647 0.0013279 0.999999 0.0184546 -0.0716812 -0.047841
FixedParameters: 0 0 0

#Transform 17
Transform: AffineTransform_float_3_3
Parameters: 1 -0.000579135 -0.000393811 0.000579344 1 -0.000990249 0.000395097 0.000990753 1 -0.00441394 -0.00629229 -0.0429332
FixedParameters: 0 0 0

#Transform 18
Transform: AffineTransform_float_3_3
Parameters: 1 -0.000527843 -0.000411506 0.000527899 1 6.77828e-05 0.000411434 -6.82172e-05 1 -0.00272435 -0.0401141 -0.0591585
FixedParameters: 0 0 0

#Transform 19
Transform: AffineTransform_float_3_3
Parameters: 1 -0.000645714 1.6466e-05 0.000645531 0.999999 0.00130001 -1.71543e-05 -0.00129999 0.999999 -0.0197493 -0.044723 -0.00620971
FixedParameters: 0 0 0

#Transform 20
Transform: AffineTransform_float_3_3
Parameters: 1 -0.000233214 -0.000559979 0.000233336 1 0.000232869 0.00056086 -0.000233131 1 0.00183755 -0.0155082 -0.0125055
FixedParameters: 0 0 0

#Transform 21
Transform: AffineTransform_float_3_3
Parameters: 1 -0.000258776 9.20774e-06 0.000258786 1 -0.000520997 -8.93809e-06 0.000521002 1 0.0128009 -0.00898885 -0.0174916
FixedParameters: 0 0 0

#Transform 22
Transform: AffineTransform_float_3_3
Parameters: 1 -0.000271354 9.80668e-05 0.00027126 1 0.000480026 -9.83272e-05 -0.000479973 1 0.0109895 -0.0371836 0.0463861
FixedParameters: 0 0 0

#Transform 23
Transform: AffineTransform_float_3_3
Parameters: 1 -0.000278898 0.000151531 0.000278746 1 0.000504042 -0.000151812 -0.000503958 1 0.00992675 -0.0439561 0.0432184
FixedParameters: 0 0 0

#Transform 24
Transform: AffineTransform_float_3_3
Parameters: 1 4.01644e-05 -0.000155919 -4.00206e-05 1 0.000461006 0.000155956 -0.000460994 1 0.032051 -0.0601408 0.0470778
FixedParameters: 0 0 0

#Transform 25
Transform: AffineTransform_float_3_3
Parameters: 1 -0.000298686 -1.6556e-06 0.000298687 1 0.000237999 1.51343e-06 -0.000238 1 0.0282494 -0.0405194 0.0133511
FixedParameters: 0 0 0

#Transform 26
Transform: AffineTransform_float_3_3
Parameters: 1 -0.000169769 7.32007e-05 0.000169876 0.999999 -0.000731987 -7.2952e-05 0.000732012 0.999999 0.0249822 -0.0294675 0.0388515
FixedParameters: 0 0 0

#Transform 27
Transform: AffineTransform_float_3_3
Parameters: 1 -6.24733e-05 0.000237643 6.30186e-05 0.999999 -0.000852984 -0.000238526 0.000853014 0.999999 0.024396 -0.0314133 0.0705475
FixedParameters: 0 0 0

#Transform 28
Transform: AffineTransform_float_3_3
Parameters: 1 0.000606936 -1.51895e-05 -0.000607101 1 -0.000852853 1.51442e-05 0.000853147 0.999999 0.0211519 0.00165364 0.081512
FixedParameters: 0 0 0

#Transform 29
Transform: AffineTransform_float_3_3
Parameters: 1 -0.000311778 9.29275e-05 0.000312177 0.999999 -0.00139997 -9.30443e-05 0.00140003 0.999999 -0.0149788 -0.00840197 0.0580142
FixedParameters: 0 0 0

#Transform 30
Transform: AffineTransform_float_3_3
Parameters: 1 0.000341379 0.00040945 -0.000341285 1 -0.00011514 -0.000409528 0.00011486 1 0.00820005 -0.028644 0.0389383
FixedParameters: 0 0 0

#Transform 31
Transform: AffineTransform_float_3_3
Parameters: 1 0.000432505 -3.15648e-05 -0.000432571 1 -0.00106299 3.06452e-05 0.00106301 1 0.0177355 -0.0111007 0.107085
FixedParameters: 0 0 0

#Transform 32
Transform: AffineTransform_float_3_3
Parameters: 1 0.000434015 0.000421829 -0.000432979 0.999999 -0.0013922 -0.000422046 0.0013928 0.999999 0.015749 0.0351975 0.0406319
FixedParameters: 0 0 0

#Transform 33
Transform: AffineTransform_float_3_3
Parameters: 1 0.000290508 0.000487729 -0.000289415 0.999999 -0.00126314 -0.000487471 0.00126286 0.999999 0.0207563 0.0319205 -0.0149951
FixedParameters: 0 0 0

#Transform 34
Transform: AffineTransform_float_3_3
Parameters: 0.999999 0.00074751 0.00110856 -0.000745145 0.999997 -0.00252985 -0.00111078 0.00252915 0.999997 0.013777 0.0237695 0.0103939
FixedParameters: 0 0 0

#Transform 35
Transform: AffineTransform_float_3_3
Parameters: 0.999999 0.000941593 0.000790443 -0.000940506 0.999997 -0.00220277 -0.000791896 0.00220224 0.999998 0.0375076 0.00437658 -0.000191162
FixedParameters: 0 0 0

#Transform 36
Transform: AffineTransform_float_3_3
Parameters: 0.999999 0.000973839 0.000920436 -0.000971641 0.999997 -0.00188191 -0.000922255 0.00188108 0.999998 0.0343929 0.0163349 0.0112252
FixedParameters: 0 0 0

#Transform 37
Transform: AffineTransform_float_3_3
Parameters: 1 0.000438147 0.000392954 -0.000436919 0.999999 -0.00173817 -0.000393484 0.00173783 0.999999 0.0239947 -0.0202173 0.0441246
FixedParameters: 0 0 0

#Transform 38
Transform: AffineTransform_float_3_3
Parameters: 1 0.000450081 0.000304453 -0.000449895 1 -0.000305156 -0.000304728 0.000305843 1 0.0257653 -0.00725674 0.0511955
FixedParameters: 0 0 0

#Transform 39
Transform: AffineTransform_float_3_3
Parameters: 1 0.000459425 0.000237305 -0.000459479 1 0.000113891 -0.0002372 -0.000114109 1 0.0270887 -0.0417975 0.0641942
FixedParameters: 0 0 0

#Transform 40
Transform: AffineTransform_float_3_3
Parameters: 1 0.000468307 0.000174017 -0.000468412 1 0.000301918 -0.000173734 -0.000302081 1 0.028461 0.00226439 0.0967363
FixedParameters: 0 0 0

#Transform 41
Transform: AffineTransform_float_3_3
Parameters: 0.999999 0.000656837 0.000628624 -0.000656996 1 0.000125587 -0.000628459 -0.000126413 1 0.0172125 0.0235042 0.12307
FixedParameters: 0 0 0

#Transform 42
Transform: AffineTransform_float_3_3
Parameters: 1 -0.000171924 0.000512059 0.000171951 1 -2.6912e-05 -0.000512049 2.7088e-05 1 0.00896211 0.0436505 0.101573
FixedParameters: 0 0 0

#Transform 43
Transform: AffineTransform_float_3_3
Parameters: 1 -0.000229241 9.41783e-05 0.000229387 0.999999 -0.000775978 -9.38225e-05 0.000776021 0.999999 0.0148454 0.0162279 0.139021
FixedParameters: 0 0 0

#Transform 44
Transform: AffineTransform_float_3_3
Parameters: 1 -0.000565238 -0.000370605 0.000564427 0.999999 -0.00109321 0.000371839 0.00109279 1 0.0301485 0.0454085 0.168915
FixedParameters: 0 0 0

#Transform 45
Transform: AffineTransform_float_3_3
Parameters: 0.999999 -0.000721284 -0.000554105 0.000721473 1 -0.00084842 0.000554478 0.000848582 1 0.015258 0.0496161 0.164694
FixedParameters: 0 0 0

#Transform 46
Transform: AffineTransform_float_3_3
Parameters: 1 -0.000150237 -0.000474158 0.00014975 0.999998 -0.00170521 0.000473818 0.00170479 0.999999 0.0262694 0.0631458 0.133085
FixedParameters: 0 0 0

#Transform 47
Transform: AffineTransform_float_3_3
Parameters: 1 9.5068e-05 0.000172772 -9.46565e-05 1 -0.00119002 -0.000172998 0.00118998 1 0.028397 0.03365 0.126239
FixedParameters: 0 0 0

#Transform 48
Transform: AffineTransform_float_3_3
Parameters: 1 0.00064158 7.65512e-05 -0.000641465 1 -0.000749912 -7.75135e-05 0.000750088 0.999999 0.0358704 0.0197163 0.164766
FixedParameters: 0 0 0

#Transform 49
Transform: AffineTransform_float_3_3
Parameters: 0.999999 0.000812494 0.000284166 -0.000812177 1 -0.000802093 -0.000284478 0.000801907 0.999999 0.0336556 0.0316395 0.176163
FixedParameters: 0 0 0

#Transform 50
Transform: AffineTransform_float_3_3
Parameters: 0.999999 0.00084497 0.000319041 -0.00084463 1 -0.000750151 -0.000319319 0.000750849 0.999999 0.041801 0.0387155 0.157166
FixedParameters: 0 0 0

#Transform 51
Transform: AffineTransform_float_3_3
Parameters: 0.999999 0.000794157 0.000299156 -0.000793954 0.999999 -0.000339237 -0.000299694 0.000338762 1 0.0264114 0.0402297 0.0883833
FixedParameters: 0 0 0

#Transform 52
Transform: AffineTransform_float_3_3
Parameters: 1 0.000906948 0.000532008 -0.000907508 1 -0.000403365 -0.00053288 0.000403635 1 0.0316345 0.0204599 0.0885113
FixedParameters: 0 0 0

#Transform 53
Transform: AffineTransform_float_3_3
Parameters: 1 0.000914469 0.000479204 -0.000914879 0.999999 -0.00075032 -0.000479726 0.00075068 0.999999 0.0407174 0.0355104 0.123504
FixedParameters: 0 0 0

#Transform 54
Transform: AffineTransform_float_3_3
Parameters: 0.999999 0.000857415 0.000888113 -0.000856974 0.999999 -0.000884762 -0.000888777 0.000883239 0.999999 0.0246424 0.0372055 0.130714
FixedParameters: 0 0 0

#Transform 55
Transform: AffineTransform_float_3_3
Parameters: 1 0.000509061 0.000410456 -0.000508495 0.999999 -0.000688228 -0.000411156 0.000688771 0.999999 0.0330126 0.0326289 0.134035
FixedParameters: 0 0 0

#Transform 56
Transform: AffineTransform_float_3_3
Parameters: 0.999999 0.000916368 0.00046685 -0.000916317 0.999999 -0.00126243 -0.000468312 0.00126157 0.999999 0.0408201 0.0419436 0.0935305
FixedParameters: 0 0 0

#Transform 57
Transform: AffineTransform_float_3_3
Parameters: 0.999998 0.00161036 0.000564429 -0.0016097 0.999999 -0.000706634 -0.000565712 0.000705366 0.999999 0.0104359 0.0166751 0.103145
FixedParameters: 0 0 0

#Transform 58
Transform: AffineTransform_float_3_3
Parameters: 1 0.000916214 0.000467153 -0.000916473 0.999999 -0.00093129 -0.000468009 0.000930709 0.999999 0.0307782 0.046852 0.132379
FixedParameters: 0 0 0

#Transform 59
Transform: AffineTransform_float_3_3
Parameters: 0.999998 0.0013502 0.00107136 -0.00134861 0.999998 -0.00133033 -0.00107311 0.00132867 0.999998 0.0209057 0.0563753 0.124583
FixedParameters: 0 0 0

#Transform 60
Transform: AffineTransform_float_3_3
Parameters: 1 0.000572422 0.000377517 -0.000571557 0.999999 -0.00132922 -0.000378047 0.00132878 0.999999 0.0423548 0.0408682 0.0930725
FixedParameters: 0 0 0

#Transform 61
Transform: AffineTransform_float_3_3
Parameters: 1 0.000888812 0.00047543 -0.000888051 0.999999 -0.000947423 -0.000476122 0.000946578 1 0.0491708 0.0286631 0.12628
FixedParameters: 0 0 0

#Transform 62
Transform: AffineTransform_float_3_3
Parameters: 1 0.0008963 0.000422596 -0.000895314 0.999998 -0.00132938 -0.000423987 0.00132862 0.999999 0.0350282 0.0528598 0.131719
FixedParameters: 0 0 0

#Transform 63
Transform: AffineTransform_float_3_3
Parameters: 1 0.000904112 0.000366905 -0.00090309 0.999999 -0.00157919 -0.000368768 0.00157881 0.999998 0.0308323 0.0611454 0.0949639
FixedParameters: 0 0 0

#Transform 64
Transform: AffineTransform_float_3_3
Parameters: 0.999999 0.0011975 0.000413026 -0.00119752 0.999999 -0.00132936 -0.000415358 0.00132864 0.999999 0.0338771 0.0272959 0.0975403
FixedParameters: 0 0 0

#Transform 65
Transform: AffineTransform_float_3_3
Parameters: 0.999999 0.0011759 0.000409436 -0.0011747 0.999997 -0.00180348 -0.000411694 0.00180252 0.999999 0.0311439 0.0227341 0.133821
FixedParameters: 0 0 0

#Transform 66
Transform: AffineTransform_float_3_3
Parameters: 1 0.00118462 5.57657e-05 -0.00118474 0.999999 -0.00139193 -5.70833e-05 0.00139207 0.999999 0.0405172 0.033877 0.120261
FixedParameters: 0 0 0

#Transform 67
Transform: AffineTransform_float_3_3
Parameters: 0.999999 0.000843333 0.000324999 -0.000842478 0.999998 -0.00174114 -0.000325954 0.00174086 0.999998 0.0404033 0.0504797 0.0514231
FixedParameters: 0 0 0

#Transform 68
Transform: AffineTransform_float_3_3
Parameters: 1 0.000420233 0.000369265 -0.000420076 0.999999 -0.00174116 -0.000369877 0.00174085 0.999999 0.0354378 0.0220225 0.0823569
FixedParameters: 0 0 0

#Transform 69
Transform: AffineTransform_float_3_3
Parameters: 1 0.000781895 0.000767758 -0.000780488 0.999998 -0.00174162 -0.000768637 0.00174138 0.999999 0.0228271 0.0198987 0.0993095
FixedParameters: 0 0 0

#Transform 70
Transform: AffineTransform_float_3_3
Parameters: 0.999999 0.000843196 0.00032599 -0.000842196 0.999998 -0.00174114 -0.000327934 0.00174086 0.999998 0.0307792 0.0366256 0.111335
FixedParameters: 0 0 0

#Transform 71
Transform: AffineTransform_float_3_3
Parameters: 0.999999 0.000843196 0.00032599 -0.000842196 0.999998 -0.00174114 -0.000327934 0.00174086 0.999998 0.0337262 0.0414316 0.0775464
FixedParameters: 0 0 0

#Transform 72
Transform: AffineTransform_float_3_3
Parameters: 1 0.000133242 0.00101968 -0.000130474 0.999996 -0.00288227 -0.00101987 0.00288173 0.999996 0.00617422 0.0644891 0.0738945
FixedParameters: 0 0 0

#Transform 73
Transform: AffineTransform_float_3_3
Parameters: 0.999999 0.000936203 0.000831218 -0.000935472 0.999999 -0.00111878 -0.00083246 0.00111722 0.999999 0.00171003 -0.0363892 0.124853
FixedParameters: 0 0 0

#Transform 74
Transform: AffineTransform_float_3_3
Parameters: 1 0.000975871 0.000453589 -0.000974702 0.999998 -0.00159431 -0.000454717 0.00159369 0.999998 0.0172022 0.0515608 0.107751
FixedParameters: 0 0 0

#Transform 75
Transform: AffineTransform_float_3_3
Parameters: 1 0.00045673 0.000457137 -0.000456949 1 0.000239791 -0.000456918 -0.000240209 1 -0.00936372 -0.071701 0.180014
FixedParameters: 0 0 0

#Transform 76
Transform: AffineTransform_float_3_3
Parameters: 1 0.000474569 0.000331185 -0.00047446 1 -0.000165157 -0.000331342 0.000164843 1 0.00847633 0.0337004 0.159152
FixedParameters: 0 0 0

#Transform 77
Transform: AffineTransform_float_3_3
Parameters: 1 0.000474569 0.000331185 -0.00047446 1 -0.000165157 -0.000331342 0.000164843 1 0.00846389 0.0114798 0.153417
FixedParameters: 0 0 0

#Transform 78
Transform: AffineTransform_float_3_3
Parameters: 0.999999 0.00084017 0.000382078 -0.000839817 1 -0.000643203 -0.000382169 0.000643798 1 0.0188307 0.0457259 0.143673
FixedParameters: 0 0 0

#Transform 79
Transform: AffineTransform_float_3_3
Parameters: 1 0.000990647 0.000549106 -0.000990623 0.999999 -0.00104954 -0.000550334 0.00104846 1 0.0272676 0.0593613 0.1328
FixedParameters: 0 0 0

#Transform 80
Transform: AffineTransform_float_3_3
Parameters: 1 0.000963223 0.000447146 -0.000962994 1 -0.000256293 -0.000447639 0.000255707 1 0.0336768 0.0220603 0.120923
FixedParameters: 0 0 0

#Transform 81
Transform: AffineTransform_float_3_3
Parameters: 1 0.000964035 0.000427031 -0.000963928 1 -0.000288293 -0.000426597 0.000288707 1 0.036301 0.00912516 0.138002
FixedParameters: 0 0 0

#Transform 82
Transform: AffineTransform_float_3_3
Parameters: 0.999999 0.00127526 0.000173478 -0.00127508 0.999999 -0.000538084 -0.000174851 0.000537915 1 0.0416611 0.00901957 0.175478
FixedParameters: 0 0 0

#Transform 83
Transform: AffineTransform_float_3_3
Parameters: 0.999999 0.00124512 0.000388584 -0.00124482 0.999999 -0.000376346 -0.000389521 0.000375653 1 0.0291789 0.0412503 0.105958
FixedParameters: 0 0 0

#Transform 84
Transform: AffineTransform_float_3_3
Parameters: 0.999998 0.000707105 0.00179618 -0.000714132 0.999993 0.00345254 -0.00179355 -0.00345345 0.999992 0.00755323 -0.131092 0.185787
FixedParameters: 0 0 0

#Transform 85
Transform: AffineTransform_float_3_3
Parameters: 0.999997 0.00244463 0.000417468 -0.00244508 0.999996 0.000878395 -0.00041515 -0.000879603 0.999999 0.016409 -0.0490094 0.16796
FixedParameters: 0 0 0

#Transform 86
Transform: AffineTransform_float_3_3
Parameters: 0.999998 0.00128033 0.00147407 -0.00127677 0.999997 -0.00235691 -0.00147754 0.00235409 0.999996 0.00469084 0.0146669 0.171993
FixedParameters: 0 0 0

#Transform 87
Transform: AffineTransform_float_3_3
Parameters: 0.999998 0.00200163 0.00104652 -0.00199971 0.999998 -0.00105286 -0.00104875 0.00105114 0.999999 0.00569919 0.00320257 0.223351
FixedParameters: 0 0 0

#Transform 88
Transform: AffineTransform_float_3_3
Parameters: 0.999997 0.0019508 0.00142622 -0.00194634 0.999994 -0.00289257 -0.00143197 0.00289043 0.999995 -0.00193558 0.0438413 0.196546
FixedParameters: 0 0 0

#Transform 89
Transform: AffineTransform_float_3_3
Parameters: 0.999997 0.00189502 0.001857 -0.00188558 0.999985 -0.00507544 -0.0018664 0.00507156 0.999985 0.00452269 0.0721076 0.158791
FixedParameters: 0 0 0

#Transform 90
Transform: AffineTransform_float_3_3
Parameters: 0.999996 0.00191597 0.00171247 -0.00190499 0.99998 -0.0060292 -0.00172374 0.00602579 0.99998 0.0196883 0.0850014 0.154045
FixedParameters: 0 0 0

#Transform 91
Transform: AffineTransform_float_3_3
Parameters: 0.999996 0.00208759 0.00214376 -0.00207559 0.999982 -0.0057793 -0.00215548 0.00577571 0.999981 -0.000703312 0.0648884 0.187286
FixedParameters: 0 0 0

#Transform 92
Transform: AffineTransform_float_3_3
Parameters: 0.999997 0.00195486 0.00141985 -0.00194637 0.999982 -0.00565068 -0.00143084 0.00564732 0.999983 0.00405034 0.0762099 0.158821
FixedParameters: 0 0 0

#Transform 93
Transform: AffineTransform_float_3_3
Parameters: 0.999998 0.0020031 0.00105541 -0.00199787 0.999988 -0.00452989 -0.00106404 0.00452812 0.99999 0.0199609 0.0755495 0.137357
FixedParameters: 0 0 0

#Transform 94
Transform: AffineTransform_float_3_3
Parameters: 0.999997 0.00242776 0.00125803 -0.00242308 0.999991 -0.00352971 -0.00126665 0.0035273 0.999993 0.0251633 0.0245793 0.202582
FixedParameters: 0 0 0

#Transform 95
Transform: AffineTransform_float_3_3
Parameters: 0.999998 0.0019764 0.00067188 -0.00197275 0.999989 -0.00425508 -0.000680899 0.00425392 0.999991 0.070466 0.0761777 0.013772
FixedParameters: 0 0 0

#Transform 96
Transform: AffineTransform_float_3_3
Parameters: 0.999997 0.00205264 0.000685561 -0.00205058 0.999994 -0.00271916 -0.000691903 0.00271784 0.999996 0.0751239 -0.00860677 0.0226934
FixedParameters: 0 0 0

#Transform 97
Transform: AffineTransform_float_3_3
Parameters: 0.999998 0.00197347 0.000677426 -0.00197188 0.999997 -0.00137808 -0.00068088 0.00137692 0.999999 0.052799 -0.014211 0.0654371
FixedParameters: 0 0 0

#Transform 98
Transform: AffineTransform_float_3_3
Parameters: 0.999998 0.00190953 0.000667208 -0.00190736 0.999996 -0.00203802 -0.000671024 0.00203698 0.999998 0.049733 0.0155228 0.0457183
FixedParameters: 0 0 0

#Transform 99
Transform: AffineTransform_float_3_3
Parameters: 0.999998 0.00185941 0.000659099 -0.00185761 0.999994 -0.00263697 -0.000664087 0.00263602 0.999996 0.0563364 0.0122451 0.00793738
FixedParameters: 0 0 0

#Transform 100
Transform: AffineTransform_float_3_3
Parameters: 0.999999 0.00140732 0.000597673 -0.00140629 0.999997 -0.0020357 -0.000600567 0.00203429 0.999998 0.0363999 -0.00324124 0.0929307
FixedParameters: 0 0 0

#Transform 101
Transform: AffineTransform_float_3_3
Parameters: 0.999998 0.00157428 0.00120958 -0.00157248 0.999997 -0.0013278 -0.00121092 0.00132619 0.999998 0.0270687 0.0204234 0.13082
FixedParameters: 0 0 0

#Transform 102
Transform: AffineTransform_float_3_3
Parameters: 0.999998 0.0015344 0.000632679 -0.00153308 0.999998 -0.00126085 -0.000634565 0.00126015 0.999999 0.0269765 0.0323417 0.121182
FixedParameters: 0 0 0

#Transform 103
Transform: AffineTransform_float_3_3
Parameters: 0.999998 0.00157216 0.00104841 -0.00157146 0.999998 -0.00094055 -0.00104952 0.000939451 0.999999 0.0321508 0.0288206 0.100987
FixedParameters: 0 0 0

#Transform 104
Transform: AffineTransform_float_3_3
Parameters: 0.999997 0.00207248 0.00140529 -0.00207148 0.999998 -0.000811677 -0.0014068 0.000808324 0.999999 0.00015536 0.00713446 0.0552838
FixedParameters: 0 0 0

#Transform 105
Transform: AffineTransform_float_3_3
Parameters: 0.999998 0.0020534 0.000226365 -0.0020531 0.999997 -0.00126719 -0.000229588 0.00126681 0.999999 -0.0220127 0.0557294 -0.0162509
FixedParameters: 0 0 0

#Transform 106
Transform: AffineTransform_float_3_3
Parameters: 0.999997 0.00197892 0.000939312 -0.00197893 0.999998 -0.000594604 -0.00094081 0.000592395 0.999999 -0.0325806 -0.0556989 0.0816581
FixedParameters: 0 0 0

#Transform 107
Transform: AffineTransform_float_3_3
Parameters: 0.999995 0.00264278 0.00138775 -0.00264237 0.999997 -0.000202313 -0.00138782 0.000198689 1 -0.0168185 -0.0714392 0.00607759
FixedParameters: 0 0 0

#Transform 108
Transform: AffineTransform_float_3_3
Parameters: 0.999994 0.00310975 0.00145658 -0.00311065 0.999995 0.000793086 -0.00145447 -0.000796916 0.999999 -0.00452039 -0.0960995 -0.0528075
FixedParameters: 0 0 0

#Transform 109
Transform: AffineTransform_float_3_3
Parameters: 0.999994 0.00302848 0.00163916 -0.00303321 0.999992 0.00239052 -0.0016323 -0.00239548 0.999996 -0.00343113 -0.119035 -0.0684565
FixedParameters: 0 0 0

#Transform 110
Transform: AffineTransform_float_3_3
Parameters: 0.999995 0.00258305 0.00151077 -0.00258358 0.999997 -0.000153549 -0.0015117 0.000149451 0.999999 -0.0138953 -0.0569292 -0.0779547
FixedParameters: 0 0 0

#Transform 111
Transform: AffineTransform_float_3_3
Parameters: 0.999994 0.00285986 0.00193208 -0.00286262 0.999995 0.00136995 -0.0019279 -0.00137605 0.999997 -0.00693055 -0.0856181 -0.0898664
FixedParameters: 0 0 0

#Transform 112
Transform: AffineTransform_float_3_3
Parameters: 0.999994 0.00319488 0.00173612 -0.00319537 0.999995 0.000463067 -0.001734 -0.000468931 0.999998 -0.00251494 -0.0688953 -0.077841
FixedParameters: 0 0 0

#Transform 113
Transform: AffineTransform_float_3_3
Parameters: 0.999992 0.00319841 0.00209274 -0.00320207 0.999994 0.0015109 -0.00208772 -0.0015181 0.999996 -0.0022736 -0.0526762 -0.0691779
FixedParameters: 0 0 0

#Transform 114
Transform: AffineTransform_float_3_3
Parameters: 0.999994 0.00305863 0.00200385 -0.00306045 0.999995 0.000803328 -0.00200175 -0.000809674 0.999998 0.000508423 -0.0440145 -0.0322288
FixedParameters: 0 0 0

#Transform 115
Transform: AffineTransform_float_3_3
Parameters: 0.999994 0.0028786 0.00181184 -0.00287914 0.999996 0.000185239 -0.00181175 -0.000189762 0.999998 0.00639006 -0.0412633 0.0202005
FixedParameters: 0 0 0

#Transform 116
Transform: AffineTransform_float_3_3
Parameters: 0.999993 0.0028347 0.00212135 -0.00283618 0.999996 0.000380421 -0.00212017 -0.000385577 0.999997 -0.00934552 -0.0734767 -0.0285363
FixedParameters: 0 0 0

#Transform 117
Transform: AffineTransform_float_3_3
Parameters: 0.999993 0.00282075 0.00223747 -0.00281899 0.999995 -0.000930997 -0.00224 0.000924004 0.999997 0.00130176 -0.0931493 -0.0377366
FixedParameters: 0 0 0

#Transform 118
Transform: AffineTransform_float_3_3
Parameters: 0.999993 0.00283422 0.00213728 -0.00283377 0.999996 -0.000637744 -0.00213917 0.000631258 0.999998 -0.00571717 -0.0767205 0.0125534
FixedParameters: 0 0 0

#Transform 119
Transform: AffineTransform_float_3_3
Parameters: 0.999992 0.00306677 0.00227416 -0.00306684 0.999996 -0.000236541 -0.00227474 0.000229461 0.999998 -0.00706969 -0.0576573 0.0248187
FixedParameters: 0 0 0

#Transform 120
Transform: AffineTransform_float_3_3
Parameters: 0.999992 0.00320357 0.00209127 -0.00320357 0.999995 -0.000273109 -0.00209214 0.000265892 0.999997 -0.0105762 -0.0774429 -0.0237633
FixedParameters: 0 0 0

#Transform 121
Transform: AffineTransform_float_3_3
Parameters: 0.999994 0.00314312 0.00183054 -0.00314234 0.999995 -0.000215161 -0.00183187 0.000209836 0.999998 -0.000623595 -0.0807649 -0.00829715
FixedParameters: 0 0 0

#Transform 122
Transform: AffineTransform_float_3_3
Parameters: 0.999993 0.0033054 0.00179673 -0.00330573 0.999994 -0.000225349 -0.00179735 0.000219653 0.999999 -0.00551702 -0.0795479 -0.0148327
FixedParameters: 0 0 0

#Transform 123
Transform: AffineTransform_float_3_3
Parameters: 0.999994 0.00288254 0.00179247 -0.00288133 0.999995 -0.000693714 -0.00179462 0.000689285 0.999998 0.00102521 -0.0556701 -0.118999
FixedParameters: 0 0 0

#Transform 124
Transform: AffineTransform_float_3_3
Parameters: 0.999995 0.00294969 0.0013115 -0.00294945 0.999995 -0.000575378 -0.00131304 0.000571623 0.999999 0.00211798 -0.0634019 -0.122668
FixedParameters: 0 0 0

#Transform 125
Transform: AffineTransform_float_3_3
Parameters: 0.999995 0.00290666 0.00161863 -0.0029062 0.999996 -0.000534233 -0.00161988 0.000529768 0.999999 -0.0146527 -0.101921 -0.04819
FixedParameters: 0 0 0

#Transform 126
Transform: AffineTransform_float_3_3
Parameters: 0.999993 0.00329961 0.00203181 -0.00329635 0.999993 -0.00146313 -0.00203677 0.00145686 0.999997 -0.000872536 -0.0501133 -0.0467758
FixedParameters: 0 0 0

#Transform 127
Transform: AffineTransform_float_3_3
Parameters: 0.999994 0.00292856 0.00147218 -0.00292579 0.999994 -0.00184571 -0.0014783 0.00184229 0.999997 0.00734465 -0.0737897 -0.0646722
FixedParameters: 0 0 0

#Transform 128
Transform: AffineTransform_float_3_3
Parameters: 0.999994 0.00323498 0.00171787 -0.00323185 0.999993 -0.00205795 -0.00172464 0.00205205 0.999996 0.0158221 -0.058835 -0.0335549
FixedParameters: 0 0 0

#Transform 129
Transform: AffineTransform_float_3_3
Parameters: 0.999993 0.00334113 0.00169795 -0.00333845 0.999994 -0.00157495 -0.00170378 0.00157005 0.999997 0.00659716 -0.0682541 -0.0348621
FixedParameters: 0 0 0

#Transform 130
Transform: AffineTransform_float_3_3
Parameters: 0.999992 0.0034196 0.00217241 -0.00341684 0.999993 -0.000993858 -0.00217535 0.000986142 0.999997 -0.017195 -0.0782267 -0.0457613
FixedParameters: 0 0 0

#Transform 131
Transform: AffineTransform_float_3_3
Parameters: 0.999993 0.0035863 0.00155616 -0.00358338 0.999992 -0.0018867 -0.00156302 0.0018813 0.999997 -0.0116393 -0.0614704 -0.0373186
FixedParameters: 0 0 0

#Transform 132
Transform: AffineTransform_float_3_3
Parameters: 0.999994 0.00335702 0.00147007 -0.00335265 0.99999 -0.0029632 -0.00148045 0.0029588 0.999995 0.00985134 -0.0880527 -0.0205808
FixedParameters: 0 0 0

#Transform 133
Transform: AffineTransform_float_3_3
Parameters: 0.99999 0.00397789 0.00224745 -0.0039726 0.999989 -0.00236699 -0.00225688 0.00235801 0.999994 -0.0121015 -0.0885304 -0.0105403
FixedParameters: 0 0 0

#Transform 134
Transform: AffineTransform_float_3_3
Parameters: 0.999991 0.00356796 0.00221421 -0.00356285 0.999991 -0.00258422 -0.0022234 0.00257678 0.999994 -0.016705 -0.0501875 -0.0823742
FixedParameters: 0 0 0

#Transform 135
Transform: AffineTransform_float_3_3
Parameters: 0.999987 0.00433747 0.0027258 -0.00433614 0.999991 -0.000301757 -0.00272639 0.000289244 0.999996 -0.0100122 -0.107209 -0.109158
FixedParameters: 0 0 0

#Transform 136
Transform: AffineTransform_float_3_3
Parameters: 0.999987 0.00434055 0.00272091 -0.00433673 0.99999 -0.00142977 -0.00272675 0.00141823 0.999995 -0.0162955 -0.0920251 -0.0721441
FixedParameters: 0 0 0

#Transform 137
Transform: AffineTransform_float_3_3
Parameters: 0.999986 0.00491627 0.00225457 -0.00492022 0.999986 0.00181143 -0.00224519 -0.00182257 0.999996 -0.0286293 -0.144915 -0.00782947
FixedParameters: 0 0 0

#Transform 138
Transform: AffineTransform_float_3_3
Parameters: 0.999986 0.00490966 0.00225977 -0.00491609 0.999984 0.00298543 -0.00224454 -0.00299657 0.999993 -0.0134794 -0.148024 -0.0224988
FixedParameters: 0 0 0

#Transform 139
Transform: AffineTransform_float_3_3
Parameters: 0.999987 0.0048919 0.00178799 -0.00489481 0.999986 0.00171781 -0.00177978 -0.00172619 0.999997 -0.00601356 -0.116427 -0.0680028
FixedParameters: 0 0 0

#Transform 140
Transform: AffineTransform_float_3_3
Parameters: 0.999987 0.0048955 0.00176423 -0.00489775 0.999987 0.00151392 -0.001757 -0.00152208 0.999998 0.00397323 -0.0914438 -0.0316535
FixedParameters: 0 0 0

#Transform 141
Transform: AffineTransform_float_3_3
Parameters: 0.999987 0.00488004 0.00187809 -0.00488177 0.999987 0.000906381 -0.00187401 -0.00091562 0.999998 -0.00563417 -0.0831679 -0.00341932
FixedParameters: 0 0 0

#Transform 142
Transform: AffineTransform_float_3_3
Parameters: 0.999987 0.00489609 0.00177162 -0.00489608 0.999988 -9.11714e-06 -0.00177167 -1.17261e-07 0.999999 -0.000388863 -0.0637464 -0.0754262
FixedParameters: 0 0 0

#Transform 143
Transform: AffineTransform_float_3_3
Parameters: 0.999988 0.00482362 0.00144965 -0.00482228 0.999989 -0.000561284 -0.00145305 0.000554712 0.999998 0.014672 -0.0814544 -0.0981789
FixedParameters: 0 0 0

#Transform 144
Transform: AffineTransform_float_3_3
Parameters: 0.999987 0.00489644 0.00177674 -0.00489463 0.999987 -0.000986152 -0.00178154 0.000976847 0.999998 0.0127527 -0.0773788 -0.066296
FixedParameters: 0 0 0

#Transform 145
Transform: AffineTransform_float_3_3
Parameters: 0.999987 0.00484461 0.00151338 -0.00484259 0.999987 -0.00131877 -0.00151933 0.00131123 0.999998 0.0195837 -0.0641252 -0.127829
FixedParameters: 0 0 0

#Transform 146
Transform: AffineTransform_float_3_3
Parameters: 0.999988 0.00478616 0.00161019 -0.00478425 0.999989 -0.000727156 -0.00161414 0.000719841 0.999999 0.023922 -0.0746402 -0.158824
FixedParameters: 0 0 0

#Transform 147
Transform: AffineTransform_float_3_3
Parameters: 0.999986 0.00452454 0.00246809 -0.00451915 0.999987 -0.00220796 -0.00247767 0.00219604 0.999994 0.0110543 -0.0472564 -0.184771
FixedParameters: 0 0 0

#Transform 148
Transform: AffineTransform_float_3_3
Parameters: 0.999988 0.00425417 0.00233248 -0.00425051 0.99999 -0.00138984 -0.0023386 0.00138015 0.999996 -0.012256 -0.12687 -0.102255
FixedParameters: 0 0 0

#Transform 149
Transform: AffineTransform_float_3_3
Parameters: 0.999988 0.00403053 0.0025399 -0.00402974 0.999992 -0.000409312 -0.00254132 0.00039969 0.999997 -0.0235902 -0.104828 -0.121798
FixedParameters: 0 0 0

#Transform 150
Transform: AffineTransform_float_3_3
Parameters: 0.999984 0.00454874 0.00338697 -0.00455157 0.99999 0.000784566 -0.00338344 -0.000799434 0.999994 -0.0303912 -0.135496 -0.125603
FixedParameters: 0 0 0

#Transform 151
Transform: AffineTransform_float_3_3
Parameters: 0.999977 0.00468279 0.00488708 -0.00468413 0.999989 0.000139374 -0.00488666 -0.000162624 0.999988 -0.0299852 -0.140405 0.041926
FixedParameters: 0 0 0
