# transform file /out/sourcedata/freesurfer/sub-v2s3x28811_ses-1/mri/transforms/cc_up.lta
# created by oesteban on Fri Mar 13 03:06:32 2026

type      = 0 # LINEAR_VOX_TO_VOX
nxforms   = 1
mean      = 127.0000 92.0000 118.0000
sigma     = 10000.0000
1 4 4
9.998456835746765e-01 1.354107982479036e-03 1.751607656478882e-02 -2.134044647216797e+00 
-1.353900181129575e-03 9.999990463256836e-01 -2.371867958572693e-05 5.117480087280273e+01 
-1.751609332859516e-02 0.000000000000000e+00 9.998466372489929e-01 1.324250125885010e+01 
0.000000000000000e+00 0.000000000000000e+00 0.000000000000000e+00 1.000000000000000e+00 
src volume info
valid = 1  # volume info valid
filename = /out/sourcedata/freesurfer/sub-v2s3x28811_ses-1/mri/norm.mgz
volume = 256 256 256
voxelsize = 1.000000000000000e+00 1.000000000000000e+00 1.000000000000000e+00
xras   = -1.000000000000000e+00 0.000000000000000e+00 0.000000000000000e+00
yras   = 0.000000000000000e+00 0.000000000000000e+00 -1.000000000000000e+00
zras   = 0.000000000000000e+00 1.000000000000000e+00 0.000000000000000e+00
cras   = 1.459724426269531e+00 2.664807128906250e+01 -3.370178222656250e+00
dst volume info
valid = 1  # volume info valid
filename = /out/sourcedata/freesurfer/sub-v2s3x28811_ses-1/mri/norm.mgz
volume = 256 256 256
voxelsize = 1.000000000000000e+00 1.000000000000000e+00 1.000000000000000e+00
xras   = -1.000000000000000e+00 0.000000000000000e+00 0.000000000000000e+00
yras   = 0.000000000000000e+00 0.000000000000000e+00 -1.000000000000000e+00
zras   = 0.000000000000000e+00 1.000000000000000e+00 0.000000000000000e+00
cras   = 1.459724426269531e+00 2.664807128906250e+01 -3.370178222656250e+00
