#Insight Transform File V1.0
#Transform 0
Transform: AffineTransform_float_3_3
Parameters: 0.999997 -0.00201399 -0.00150221 0.0020159 0.999997 0.00122694 0.00149945 -0.00123005 0.999998 0.115626 0.133904 0.154523
FixedParameters: 0 0 0

#Transform 1
Transform: AffineTransform_float_3_3
Parameters: 0.999994 -0.0034219 -0.00055091 0.00342098 0.999993 -0.00127443 0.000554548 0.00127257 0.999999 0.149764 0.0955488 0.0979813
FixedParameters: 0 0 0

#Transform 2
Transform: AffineTransform_float_3_3
Parameters: 0.999989 -0.00460713 0.00055414 0.00460994 0.999979 -0.00465961 -0.000533067 0.00466139 0.999989 0.164014 0.120424 0.0671315
FixedParameters: 0 0 0

#Transform 3
Transform: AffineTransform_float_3_3
Parameters: 0.99999 -0.00449263 -0.000455304 0.0044906 0.99998 -0.00436705 0.000475215 0.00436495 0.99999 0.162963 0.104317 0.194067
FixedParameters: 0 0 0

#Transform 4
Transform: AffineTransform_float_3_3
Parameters: 0.999992 -0.00396266 -0.00112852 0.0039603 0.999989 -0.00238817 0.00113806 0.00238383 0.999996 0.134535 0.0818305 0.179879
FixedParameters: 0 0 0

#Transform 5
Transform: AffineTransform_float_3_3
Parameters: 0.999993 -0.00353638 -0.00119151 0.00353226 0.999988 -0.00332869 0.00120357 0.0033243 0.999994 0.166263 0.113235 0.135771
FixedParameters: 0 0 0

#Transform 6
Transform: AffineTransform_float_3_3
Parameters: 0.999993 -0.003395 -0.00116522 0.00339225 0.999992 -0.00214353 0.00117248 0.00213947 0.999997 0.169358 0.0860707 0.0886187
FixedParameters: 0 0 0

#Transform 7
Transform: AffineTransform_float_3_3
Parameters: 0.999994 -0.00331651 -0.00146743 0.00331719 0.999994 0.000495765 0.00146622 -0.000500236 0.999999 0.149768 0.100507 -0.0401269
FixedParameters: 0 0 0

#Transform 8
Transform: AffineTransform_float_3_3
Parameters: 0.999994 -0.00284232 -0.00202389 0.00283923 0.999995 -0.00140182 0.00202755 0.00139618 0.999997 0.0884792 0.191118 -0.0518042
FixedParameters: 0 0 0

#Transform 9
Transform: AffineTransform_float_3_3
Parameters: 0.999995 -0.00268904 -0.00131326 0.0026886 0.999996 -0.000506779 0.00131488 0.000503219 0.999999 0.0803463 0.109117 0.0310431
FixedParameters: 0 0 0

#Transform 10
Transform: AffineTransform_float_3_3
Parameters: 0.999996 -0.00302635 -0.000381459 0.00302623 0.999995 -0.000160585 0.000382427 0.000159413 1 0.174988 0.154792 -0.177681
FixedParameters: 0 0 0

#Transform 11
Transform: AffineTransform_float_3_3
Parameters: 0.999996 -0.00277214 0.000436768 0.00277072 0.999994 0.00232081 -0.000443659 -0.00231919 0.999997 0.11502 0.0346713 -0.0696464
FixedParameters: 0 0 0

#Transform 12
Transform: AffineTransform_float_3_3
Parameters: 0.999997 -0.00247787 -3.36868e-05 0.00247775 0.999994 0.00252461 2.8242e-05 -0.00252439 0.999997 0.0701485 0.049605 -0.114571
FixedParameters: 0 0 0

#Transform 13
Transform: AffineTransform_float_3_3
Parameters: 0.999996 -0.00256125 0.00137264 0.0025605 0.999997 0.000712243 -0.00137439 -0.000708758 0.999999 0.0542771 0.147232 -0.109873
FixedParameters: 0 0 0

#Transform 14
Transform: AffineTransform_float_3_3
Parameters: 0.999997 -0.00244025 0.000339212 0.00243926 0.999994 0.00220353 -0.000344988 -0.00220247 0.999997 0.0615355 0.110414 -0.0587988
FixedParameters: 0 0 0

#Transform 15
Transform: AffineTransform_float_3_3
Parameters: 0.999997 -0.00242052 0.000593266 0.00242033 0.999996 -0.000935862 -0.000591614 0.000937138 0.999999 -0.00441675 0.0686174 0.0140424
FixedParameters: 0 0 0

#Transform 16
Transform: AffineTransform_float_3_3
Parameters: 0.999998 -0.00129621 0.00111304 0.00129557 0.999999 0.000780464 -0.00111417 -0.000779536 0.999999 -0.019433 0.0700857 -0.0118772
FixedParameters: 0 0 0

#Transform 17
Transform: AffineTransform_float_3_3
Parameters: 0.999999 -0.00113655 0.000657333 0.00113756 0.999998 -0.00168624 -0.000655384 0.00168676 0.999999 0.0306265 0.14067 0.0494038
FixedParameters: 0 0 0

#Transform 18
Transform: AffineTransform_float_3_3
Parameters: 0.999999 -0.000581123 -0.00045766 0.000580236 0.999998 -0.00194028 0.000458816 0.00194072 0.999998 0.0636813 0.127203 0.0280969
FixedParameters: 0 0 0

#Transform 19
Transform: AffineTransform_float_3_3
Parameters: 0.999999 -0.000334069 -0.00127625 0.000332889 0.999999 -0.000852323 0.00127672 0.000851676 0.999999 0.00819472 -0.0430049 0.000775145
FixedParameters: 0 0 0

#Transform 20
Transform: AffineTransform_float_3_3
Parameters: 0.999999 -0.000972179 -0.000277198 0.000971284 0.999998 -0.00142527 0.000278973 0.00142473 0.999999 -0.00584085 0.0198257 -0.013541
FixedParameters: 0 0 0

#Transform 21
Transform: AffineTransform_float_3_3
Parameters: 1 -8.20589e-05 2.33951e-05 8.19671e-05 0.999998 0.00195 -2.3715e-05 -0.00195 0.999998 -0.0410466 0.0295057 -0.0242549
FixedParameters: 0 0 0

#Transform 22
Transform: AffineTransform_float_3_3
Parameters: 1 -0.000999183 0.000282148 0.000997877 0.999988 0.00494418 -0.000287151 -0.00494382 0.999987 -0.0651471 -0.037502 -0.0849269
FixedParameters: 0 0 0

#Transform 23
Transform: AffineTransform_float_3_3
Parameters: 1 -0.000178686 0.000326221 0.000177073 0.999992 0.00415106 -0.000326806 -0.00415094 0.999992 -0.0641668 -0.0288139 -0.104809
FixedParameters: 0 0 0

#Transform 24
Transform: AffineTransform_float_3_3
Parameters: 0.999998 -0.000161728 0.00192599 0.000151911 0.999986 0.00518351 -0.00192666 -0.00518348 0.999985 -0.0696659 0.0189887 0.0158929
FixedParameters: 0 0 0

#Transform 25
Transform: AffineTransform_float_3_3
Parameters: 0.999998 0.000601571 0.00195156 -0.000611741 0.999987 0.00510501 -0.00194838 -0.00510599 0.999985 -0.100255 0.06257 -0.0703072
FixedParameters: 0 0 0

#Transform 26
Transform: AffineTransform_float_3_3
Parameters: 1 0.000465554 -0.000530765 -0.000461777 0.999972 0.00756525 0.000535207 -0.00756476 0.999971 -0.0753381 0.166832 -0.116064
FixedParameters: 0 0 0

#Transform 27
Transform: AffineTransform_float_3_3
Parameters: 0.999999 -0.000825079 0.00041037 0.000820575 0.99996 0.00884034 -0.000417166 -0.00883965 0.999961 -0.0742302 0.137171 -0.0269317
FixedParameters: 0 0 0

#Transform 28
Transform: AffineTransform_float_3_3
Parameters: 1 0.000996391 0.00012932 -0.00099722 0.999986 0.00516777 -0.000124093 -0.00516823 0.999986 0.0567385 0.149876 -0.0325544
FixedParameters: 0 0 0

#Transform 29
Transform: AffineTransform_float_3_3
Parameters: 0.999999 -0.000789513 0.000168883 0.00078848 0.99997 0.00768703 -0.000175148 -0.00768696 0.99997 -0.0217534 0.16152 0.0287129
FixedParameters: 0 0 0

#Transform 30
Transform: AffineTransform_float_3_3
Parameters: 0.999999 -0.000724976 0.00049741 0.000720694 0.999949 0.0100594 -0.000504509 -0.0100586 0.99995 -0.0707816 0.12323 0.0847866
FixedParameters: 0 0 0

#Transform 31
Transform: AffineTransform_float_3_3
Parameters: 1 -0.000227362 -0.000256303 0.000230446 0.999934 0.0115019 0.000253335 -0.0115021 0.999934 -0.0927598 0.159271 0.175404
FixedParameters: 0 0 0

#Transform 32
Transform: AffineTransform_float_3_3
Parameters: 0.999999 0.000756305 0.000387333 -0.000760585 0.999952 0.00982661 -0.0003798 -0.00982739 0.999951 -0.0431765 0.257759 0.278296
FixedParameters: 0 0 0

#Transform 33
Transform: AffineTransform_float_3_3
Parameters: 0.999999 0.00133399 -8.39562e-05 -0.00133362 0.999954 0.00944212 9.62132e-05 -0.00944188 0.999956 -0.111865 0.297185 0.415982
FixedParameters: 0 0 0

#Transform 34
Transform: AffineTransform_float_3_3
Parameters: 0.999999 0.00122325 -0.00014015 -0.00122181 0.999957 0.00920607 0.000150723 -0.00920592 0.999957 -0.092461 0.287938 0.387612
FixedParameters: 0 0 0

#Transform 35
Transform: AffineTransform_float_3_3
Parameters: 1 0.000994042 0.000334626 -0.000997432 0.999964 0.00840157 -0.00032616 -0.00840243 0.999964 -0.115291 0.242278 0.326804
FixedParameters: 0 0 0

#Transform 36
Transform: AffineTransform_float_3_3
Parameters: 0.999999 0.00169444 0.000563228 -0.00169974 0.999959 0.00884193 -0.000547759 -0.00884206 0.99996 -0.154341 0.292786 0.344757
FixedParameters: 0 0 0

#Transform 37
Transform: AffineTransform_float_3_3
Parameters: 0.999999 0.0014554 7.91395e-05 -0.00145629 0.999978 0.00647378 -6.93456e-05 -0.00647322 0.999979 -0.0852278 0.333545 0.306578
FixedParameters: 0 0 0

#Transform 38
Transform: AffineTransform_float_3_3
Parameters: 0.999998 0.0017438 -0.00116633 -0.00173568 0.999977 0.00653795 0.00117775 -0.00653505 0.999978 -0.117574 0.338604 0.308665
FixedParameters: 0 0 0

#Transform 39
Transform: AffineTransform_float_3_3
Parameters: 0.999998 -1.27252e-05 -0.00187468 2.28537e-05 0.999985 0.00538217 0.00187452 -0.00538182 0.999983 -0.102818 0.347854 0.264084
FixedParameters: 0 0 0

#Transform 40
Transform: AffineTransform_float_3_3
Parameters: 0.999999 0.000256325 -0.000695353 -0.000253205 0.999986 0.00517128 0.000697404 -0.00517072 0.999987 -0.0688441 0.340251 0.230055
FixedParameters: 0 0 0

#Transform 41
Transform: AffineTransform_float_3_3
Parameters: 1 -0.000173439 -0.000291383 0.000175153 0.999989 0.00466094 0.000289861 -0.00466006 0.999989 -0.115541 0.322252 0.24721
FixedParameters: 0 0 0

#Transform 42
Transform: AffineTransform_float_3_3
Parameters: 0.999999 -0.000970133 -5.69393e-05 0.000970256 0.999984 0.00558594 5.11775e-05 -0.00558506 0.999985 -0.131715 0.353338 0.213491
FixedParameters: 0 0 0

#Transform 43
Transform: AffineTransform_float_3_3
Parameters: 0.999999 -0.000665248 -0.00033222 0.000667597 0.999981 0.00611178 0.000327264 -0.00611222 0.999982 -0.125597 0.401013 0.190544
FixedParameters: 0 0 0

#Transform 44
Transform: AffineTransform_float_3_3
Parameters: 0.999999 -0.00175823 0.00038838 0.00175504 0.999962 0.00861949 -0.000402951 -0.00861851 0.999963 -0.106012 0.399955 0.213128
FixedParameters: 0 0 0

#Transform 45
Transform: AffineTransform_float_3_3
Parameters: 0.999999 -0.0015921 0.000904505 0.00158432 0.999959 0.00893035 -0.000918668 -0.00892864 0.99996 -0.124238 0.39825 0.190503
FixedParameters: 0 0 0

#Transform 46
Transform: AffineTransform_float_3_3
Parameters: 0.999999 -0.00158959 0.000946432 0.00157988 0.999941 0.0107394 -0.00096349 -0.0107386 0.999942 -0.133317 0.369385 0.151357
FixedParameters: 0 0 0

#Transform 47
Transform: AffineTransform_float_3_3
Parameters: 0.999998 -0.00157873 0.00105876 0.0015686 0.999947 0.0102296 -0.00107507 -0.0102284 0.999947 -0.141723 0.411485 0.152401
FixedParameters: 0 0 0

#Transform 48
Transform: AffineTransform_float_3_3
Parameters: 0.999997 -0.00218993 0.000125053 0.00218956 0.999957 0.00899699 -0.000144562 -0.00899701 0.999959 -0.0266971 0.442746 0.0942353
FixedParameters: 0 0 0

#Transform 49
Transform: AffineTransform_float_3_3
Parameters: 0.999997 -0.00268289 -0.000229545 0.00268538 0.999923 0.0121251 0.000196897 -0.0121259 0.999927 -0.0248076 0.405384 0.070883
FixedParameters: 0 0 0

#Transform 50
Transform: AffineTransform_float_3_3
Parameters: 0.999996 -0.00271726 -0.00060002 0.00272372 0.999931 0.0113951 0.000568882 -0.0113969 0.999935 -0.0404734 0.396591 0.214856
FixedParameters: 0 0 0

#Transform 51
Transform: AffineTransform_float_3_3
Parameters: 0.999997 -0.00211213 -0.00048514 0.00211743 0.999932 0.0115228 0.000460102 -0.0115232 0.999934 -0.0760513 0.407694 0.25615
FixedParameters: 0 0 0

#Transform 52
Transform: AffineTransform_float_3_3
Parameters: 0.999998 -0.00168499 -0.000350537 0.00168928 0.999952 0.00967031 0.000334232 -0.00967069 0.999953 -0.090098 0.403148 0.237549
FixedParameters: 0 0 0

#Transform 53
Transform: AffineTransform_float_3_3
Parameters: 0.999998 -0.00127884 0.00112205 0.00127008 0.999971 0.00748034 -0.00113089 -0.00747865 0.999971 -0.0591355 0.438402 0.139931
FixedParameters: 0 0 0

#Transform 54
Transform: AffineTransform_float_3_3
Parameters: 0.999998 -0.00159019 0.00139223 0.00157683 0.999952 0.00966113 -0.00140715 -0.00965886 0.999952 0.0140947 0.435222 0.102207
FixedParameters: 0 0 0

#Transform 55
Transform: AffineTransform_float_3_3
Parameters: 0.999996 -0.00250938 0.0012468 0.00249861 0.999962 0.00830187 -0.0012683 -0.00829913 0.999965 0.00229062 0.418586 0.0519041
FixedParameters: 0 0 0

#Transform 56
Transform: AffineTransform_float_3_3
Parameters: 0.999995 -0.00230553 0.00189056 0.00228796 0.999953 0.00945721 -0.00191176 -0.0094528 0.999953 0.0059203 0.561813 -0.107761
FixedParameters: 0 0 0

#Transform 57
Transform: AffineTransform_float_3_3
Parameters: 0.999997 -0.00153375 0.00224064 0.00150674 0.999927 0.0119846 -0.00225974 -0.0119804 0.999926 0.0132088 0.448102 -0.0583934
FixedParameters: 0 0 0

#Transform 58
Transform: AffineTransform_float_3_3
Parameters: 0.999996 -0.00141177 0.00269586 0.00137795 0.999923 0.012334 -0.00271355 -0.01233 0.99992 0.0218318 0.535208 -0.118943
FixedParameters: 0 0 0

#Transform 59
Transform: AffineTransform_float_3_3
Parameters: 0.999995 -0.00193907 0.00232085 0.00190636 0.999895 0.0142955 -0.00234817 -0.0142914 0.999895 -0.00508733 0.442636 -0.0351248
FixedParameters: 0 0 0

#Transform 60
Transform: AffineTransform_float_3_3
Parameters: 0.999992 -0.00320461 0.00209275 0.00317066 0.999864 0.0161584 -0.00214402 -0.0161516 0.999867 -0.058943 0.356496 0.0340711
FixedParameters: 0 0 0

#Transform 61
Transform: AffineTransform_float_3_3
Parameters: 0.999992 -0.00260438 0.00296089 0.00256038 0.999892 0.0144378 -0.00299856 -0.0144292 0.999891 -0.0653323 0.481932 -0.059025
FixedParameters: 0 0 0

#Transform 62
Transform: AffineTransform_float_3_3
Parameters: 0.999994 -0.00179892 0.00276309 0.00176239 0.999909 0.0133541 -0.00278739 -0.0133499 0.999907 -0.0387954 0.436816 -0.137965
FixedParameters: 0 0 0

#Transform 63
Transform: AffineTransform_float_3_3
Parameters: 0.999993 -0.00226798 0.0029965 0.0022332 0.99993 0.0115829 -0.00302207 -0.011576 0.999929 -0.0473827 0.472284 -0.140605
FixedParameters: 0 0 0

#Transform 64
Transform: AffineTransform_float_3_3
Parameters: 0.999987 -0.00383259 0.00316591 0.00380681 0.999959 0.00820275 -0.00319707 -0.00819024 0.999961 -0.133351 0.402018 0.175071
FixedParameters: 0 0 0

#Transform 65
Transform: AffineTransform_float_3_3
Parameters: 0.999993 -0.0031738 0.00210162 0.00315002 0.999932 0.0112284 -0.00213687 -0.0112217 0.999935 -0.0888351 0.422772 0.0319926
FixedParameters: 0 0 0

#Transform 66
Transform: AffineTransform_float_3_3
Parameters: 0.999993 -0.0028194 0.00252989 0.00279553 0.99995 0.00960502 -0.00255623 -0.009598 0.999951 -0.0851906 0.439872 -0.0168004
FixedParameters: 0 0 0

#Transform 67
Transform: AffineTransform_float_3_3
Parameters: 0.99999 -0.00306504 0.00346134 0.00303049 0.999945 0.0100546 -0.00349207 -0.0100444 0.999943 -0.0928046 0.298733 0.0468927
FixedParameters: 0 0 0

#Transform 68
Transform: AffineTransform_float_3_3
Parameters: 0.999992 -0.0022365 0.00327354 0.00219508 0.999915 0.0128685 -0.00330184 -0.0128615 0.999911 -0.0323882 0.316918 -0.00408157
FixedParameters: 0 0 0

#Transform 69
Transform: AffineTransform_float_3_3
Parameters: 0.999991 -0.00197294 0.00389483 0.00192031 0.999907 0.0135221 -0.00392077 -0.0135139 0.999901 0.0204967 0.350187 0.0128366
FixedParameters: 0 0 0

#Transform 70
Transform: AffineTransform_float_3_3
Parameters: 0.999993 -0.00329401 0.00172511 0.00327296 0.999922 0.0120853 -0.00176542 -0.0120787 0.999925 0.0169774 0.405459 0.0134766
FixedParameters: 0 0 0

#Transform 71
Transform: AffineTransform_float_3_3
Parameters: 0.999995 -0.00296426 -0.000888731 0.00297435 0.999926 0.0117741 0.000854058 -0.0117769 0.99993 -0.0437586 0.402133 0.0201267
FixedParameters: 0 0 0

#Transform 72
Transform: AffineTransform_float_3_3
Parameters: 0.999997 -0.0026548 0.000333126 0.00265035 0.999913 0.0129115 -0.000366912 -0.0129105 0.999916 -0.05793 0.438297 0.0453034
FixedParameters: 0 0 0

#Transform 73
Transform: AffineTransform_float_3_3
Parameters: 0.999997 -0.00237618 0.00021629 0.00237333 0.999906 0.0134573 -0.000247382 -0.0134567 0.99991 -0.0593973 0.415652 0.00205767
FixedParameters: 0 0 0

#Transform 74
Transform: AffineTransform_float_3_3
Parameters: 0.999997 -0.00236595 -0.000468687 0.00237331 0.999852 0.0170487 0.000427906 -0.0170503 0.999855 -0.0712907 0.365923 -0.0395911
FixedParameters: 0 0 0

#Transform 75
Transform: AffineTransform_float_3_3
Parameters: 0.999997 -0.00213697 0.000386807 0.00213007 0.999827 0.0184427 -0.000426131 -0.0184423 0.99983 -0.116239 0.320003 0.0951348
FixedParameters: 0 0 0

#Transform 76
Transform: AffineTransform_float_3_3
Parameters: 1 -0.000629426 0.000258938 0.000624884 0.999826 0.0186422 -0.000269802 -0.0186418 0.999826 -0.169743 0.324043 0.221831
FixedParameters: 0 0 0

#Transform 77
Transform: AffineTransform_float_3_3
Parameters: 0.999999 0.000122969 0.000725267 -0.000136251 0.999811 0.019404 -0.000722773 -0.019404 0.999812 -0.164029 0.345828 0.256714
FixedParameters: 0 0 0

#Transform 78
Transform: AffineTransform_float_3_3
Parameters: 1 0.000616564 0.000687427 -0.000631066 0.999756 0.0220796 -0.000674555 -0.0220804 0.999756 -0.21032 0.239448 0.31557
FixedParameters: 0 0 0

#Transform 79
Transform: AffineTransform_float_3_3
Parameters: 1 0.00101561 0.000679415 -0.00102875 0.999795 0.0202593 -0.000658537 -0.0202597 0.999795 -0.220636 0.325882 0.258825
FixedParameters: 0 0 0

#Transform 80
Transform: AffineTransform_float_3_3
Parameters: 0.999996 0.000862847 0.0024168 -0.000903867 0.999856 0.0169452 -0.00240212 -0.0169469 0.999854 -0.279985 0.275017 0.338487
FixedParameters: 0 0 0

#Transform 81
Transform: AffineTransform_float_3_3
Parameters: 0.999999 0.000573839 0.00167447 -0.000591965 0.999937 0.0112191 -0.00166841 -0.0112199 0.999935 -0.240466 0.206778 0.526931
FixedParameters: 0 0 0

#Transform 82
Transform: AffineTransform_float_3_3
Parameters: 0.999999 0.000880965 0.000450837 -0.000886884 0.999913 0.0132035 -0.000439155 -0.0132035 0.999912 -0.249894 0.189307 0.590911
FixedParameters: 0 0 0

#Transform 83
Transform: AffineTransform_float_3_3
Parameters: 1 -8.07063e-05 -7.54089e-05 8.14768e-05 0.999842 0.017817 7.37193e-05 -0.017817 0.999842 -0.174723 0.249003 0.514706
FixedParameters: 0 0 0

#Transform 84
Transform: AffineTransform_float_3_3
Parameters: 1 9.95562e-06 -0.000284114 -6.66768e-06 0.999939 0.011028 0.000284606 -0.011028 0.999939 -0.153764 0.291475 0.334409
FixedParameters: 0 0 0

#Transform 85
Transform: AffineTransform_float_3_3
Parameters: 0.999999 0.00141647 -0.000459859 -0.00141003 0.999912 0.0131896 0.000478653 -0.0131894 0.999913 -0.0976023 0.319214 0.223587
FixedParameters: 0 0 0

#Transform 86
Transform: AffineTransform_float_3_3
Parameters: 1 0.000511588 0.000119058 -0.000513571 0.9999 0.0140909 -0.000111781 -0.0140901 0.9999 -0.134422 0.27858 0.30162
FixedParameters: 0 0 0

#Transform 87
Transform: AffineTransform_float_3_3
Parameters: 1 0.000581166 -0.000293857 -0.000577672 0.999903 0.0139112 0.000302432 -0.0139108 0.999903 -0.125405 0.292873 0.295699
FixedParameters: 0 0 0

#Transform 88
Transform: AffineTransform_float_3_3
Parameters: 0.999998 0.00112465 -0.00120397 -0.00111246 0.999944 0.0105214 0.00121581 -0.0105196 0.999944 -0.169215 0.34551 0.343781
FixedParameters: 0 0 0

#Transform 89
Transform: AffineTransform_float_3_3
Parameters: 0.999998 0.0013425 -0.00154687 -0.001323 0.999923 0.0123361 0.00156259 -0.0123339 0.999923 -0.143122 0.32625 0.457462
FixedParameters: 0 0 0

#Transform 90
Transform: AffineTransform_float_3_3
Parameters: 0.999999 3.83083e-05 -0.0013651 -2.23157e-05 0.999926 0.0121241 0.0013656 -0.0121238 0.999925 -0.158488 0.311904 0.414047
FixedParameters: 0 0 0

#Transform 91
Transform: AffineTransform_float_3_3
Parameters: 0.999997 0.000383804 -0.00238698 -0.000355933 0.999932 0.0116042 0.00239137 -0.0116028 0.99993 -0.223207 0.217483 0.545298
FixedParameters: 0 0 0

#Transform 92
Transform: AffineTransform_float_3_3
Parameters: 0.999999 0.000616624 -0.00165279 -0.000594129 0.99991 0.0134011 0.00166122 -0.0133999 0.999909 -0.178907 0.25144 0.407622
FixedParameters: 0 0 0

#Transform 93
Transform: AffineTransform_float_3_3
Parameters: 1 0.000310675 -0.000561902 -0.000301524 0.999863 0.0165822 0.000567011 -0.0165818 0.999863 -0.178367 0.272622 0.185544
FixedParameters: 0 0 0

#Transform 94
Transform: AffineTransform_float_3_3
Parameters: 1 0.000695411 0.000733521 -0.00070674 0.999892 0.0146536 -0.000723056 -0.0146534 0.999893 -0.126458 0.23701 0.1468
FixedParameters: 0 0 0

#Transform 95
Transform: AffineTransform_float_3_3
Parameters: 0.999999 0.000585868 0.00174111 -0.000610509 0.999892 0.0146472 -0.00173233 -0.0146488 0.999891 -0.100633 0.274479 0.170283
FixedParameters: 0 0 0

#Transform 96
Transform: AffineTransform_float_3_3
Parameters: 0.999998 -0.000421405 0.00190072 0.000396563 0.999919 0.012723 -0.00190653 -0.012722 0.999918 -0.0676794 0.371777 0.301957
FixedParameters: 0 0 0

#Transform 97
Transform: AffineTransform_float_3_3
Parameters: 0.999998 -0.000919658 0.00129251 0.000905229 0.999935 0.0114012 -0.00130282 -0.0113998 0.999934 -0.101779 0.302055 0.291823
FixedParameters: 0 0 0

#Transform 98
Transform: AffineTransform_float_3_3
Parameters: 0.999999 0.000469758 0.000954862 -0.000480036 0.99994 0.0109255 -0.000949594 -0.0109265 0.99994 -0.102735 0.294633 0.260775
FixedParameters: 0 0 0

#Transform 99
Transform: AffineTransform_float_3_3
Parameters: 0.999996 0.00159131 0.00200653 -0.00160962 0.999959 0.00899788 -0.00199161 -0.00900113 0.999958 -0.106083 0.342845 0.171527
FixedParameters: 0 0 0

#Transform 100
Transform: AffineTransform_float_3_3
Parameters: 0.999996 0.002181 0.00134735 -0.00219308 0.999957 0.00902994 -0.00132719 -0.00903306 0.999958 -0.0762631 0.269309 0.161358
FixedParameters: 0 0 0

#Transform 101
Transform: AffineTransform_float_3_3
Parameters: 0.999996 0.00189257 0.00182289 -0.00191232 0.999944 0.0104195 -0.00180319 -0.0104235 0.999944 -0.0987809 0.254677 0.216554
FixedParameters: 0 0 0

#Transform 102
Transform: AffineTransform_float_3_3
Parameters: 0.999995 0.00149859 0.0027512 -0.00153601 0.999907 0.0135811 -0.0027309 -0.0135859 0.999904 -0.12663 0.250267 0.164643
FixedParameters: 0 0 0

#Transform 103
Transform: AffineTransform_float_3_3
Parameters: 0.999997 0.00141365 0.0017827 -0.00143615 0.999919 0.0126055 -0.00176515 -0.0126075 0.999919 -0.111302 0.250755 0.211975
FixedParameters: 0 0 0

#Transform 104
Transform: AffineTransform_float_3_3
Parameters: 0.999997 0.00101582 0.00198105 -0.00103906 0.999925 0.0121692 -0.00196866 -0.0121718 0.999924 -0.072756 0.273656 0.215813
FixedParameters: 0 0 0

#Transform 105
Transform: AffineTransform_float_3_3
Parameters: 0.999998 0.000165949 0.0022884 -0.00019327 0.99993 0.0118409 -0.00228692 -0.0118411 0.999928 -0.125243 0.349332 0.303117
FixedParameters: 0 0 0

#Transform 106
Transform: AffineTransform_float_3_3
Parameters: 1 4.19891e-06 -0.000697214 4.52889e-06 0.999918 0.0127531 0.00069714 -0.0127529 0.999919 -0.0525255 0.397307 0.147671
FixedParameters: 0 0 0

#Transform 107
Transform: AffineTransform_float_3_3
Parameters: 1 -0.000231575 -0.000138485 0.000233014 0.99993 0.011775 0.00013521 -0.011775 0.99993 -0.0376686 0.326508 -0.0134384
FixedParameters: 0 0 0

#Transform 108
Transform: AffineTransform_float_3_3
Parameters: 0.999994 -0.00213578 0.00253069 0.00210809 0.999941 0.0106494 -0.00255347 -0.0106445 0.99994 -0.0592826 0.375277 0.0404307
FixedParameters: 0 0 0

#Transform 109
Transform: AffineTransform_float_3_3
Parameters: 0.999998 -0.00160927 0.00156288 0.00159384 0.999953 0.00958544 -0.00157801 -0.00958257 0.999953 -0.0430323 0.347713 0.0477971
FixedParameters: 0 0 0

#Transform 110
Transform: AffineTransform_float_3_3
Parameters: 0.999998 -0.000241203 0.00166171 0.000225424 0.999954 0.00965449 -0.00166388 -0.00965351 0.999952 -0.0615803 0.312465 0.11307
FixedParameters: 0 0 0

#Transform 111
Transform: AffineTransform_float_3_3
Parameters: 0.999997 0.000685783 0.00232967 -0.000715689 0.999919 0.0127137 -0.0023209 -0.0127143 0.999917 -0.0635219 0.328308 0.0712012
FixedParameters: 0 0 0

#Transform 112
Transform: AffineTransform_float_3_3
Parameters: 0.999997 0.000612626 0.00232227 -0.000630894 0.99997 0.00772886 -0.00231749 -0.00773015 0.999968 -0.0417988 0.329711 0.0930631
FixedParameters: 0 0 0

#Transform 113
Transform: AffineTransform_float_3_3
Parameters: 0.999998 0.000979196 0.00210781 -0.0010015 0.999941 0.0107852 -0.00209687 -0.0107878 0.99994 -0.0653484 0.202863 0.148388
FixedParameters: 0 0 0

#Transform 114
Transform: AffineTransform_float_3_3
Parameters: 0.999997 0.00147314 0.00206043 -0.00149362 0.999946 0.0102321 -0.00204536 -0.0102359 0.999946 -0.0762443 0.217416 0.173728
FixedParameters: 0 0 0

#Transform 115
Transform: AffineTransform_float_3_3
Parameters: 0.999994 0.00236428 0.00227971 -0.00237532 0.999985 0.00501966 -0.00226818 -0.00502534 0.999985 -0.0568269 0.289879 0.273241
FixedParameters: 0 0 0

#Transform 116
Transform: AffineTransform_float_3_3
Parameters: 0.999994 0.0026341 0.00217615 -0.00264748 0.999976 0.00639921 -0.00215891 -0.00640478 0.999977 -0.0789497 0.243335 0.318931
FixedParameters: 0 0 0

#Transform 117
Transform: AffineTransform_float_3_3
Parameters: 0.999993 0.00261183 0.00290085 -0.00264436 0.999933 0.0111986 -0.00287143 -0.0112064 0.999933 -0.100384 0.202169 0.274282
FixedParameters: 0 0 0

#Transform 118
Transform: AffineTransform_float_3_3
Parameters: 0.999994 0.00214468 0.00264044 -0.00217268 0.999941 0.0106045 -0.00261762 -0.0106105 0.99994 -0.119512 0.270509 0.219328
FixedParameters: 0 0 0

#Transform 119
Transform: AffineTransform_float_3_3
Parameters: 0.999992 0.00220669 0.0032863 -0.00224023 0.999948 0.00998106 -0.00326429 -0.00998795 0.999945 -0.108357 0.269698 0.230193
FixedParameters: 0 0 0

#Transform 120
Transform: AffineTransform_float_3_3
Parameters: 0.999993 -0.000800682 0.00370177 0.000781225 0.999986 0.00526248 -0.00370608 -0.00525952 0.999979 -0.0952678 0.298603 0.279952
FixedParameters: 0 0 0

#Transform 121
Transform: AffineTransform_float_3_3
Parameters: 0.999995 0.00103805 0.00272916 -0.00105743 0.999975 0.00709142 -0.00272232 -0.00709358 0.999971 -0.058519 0.306885 0.263959
FixedParameters: 0 0 0

#Transform 122
Transform: AffineTransform_float_3_3
Parameters: 0.999996 0.00123618 0.00263845 -0.00125462 0.999976 0.0067601 -0.00263042 -0.0067629 0.999974 -0.0799707 0.328548 0.262911
FixedParameters: 0 0 0

#Transform 123
Transform: AffineTransform_float_3_3
Parameters: 0.999995 0.000568584 0.00328204 -0.000597906 0.999963 0.00866759 -0.00327779 -0.00866941 0.999957 -0.134939 0.186941 0.232275
FixedParameters: 0 0 0

#Transform 124
Transform: AffineTransform_float_3_3
Parameters: 0.999989 0.000737072 0.00464427 -0.000778011 0.999962 0.00878061 -0.00463716 -0.00878441 0.999951 -0.210567 0.176141 0.5168
FixedParameters: 0 0 0

#Transform 125
Transform: AffineTransform_float_3_3
Parameters: 0.999994 0.00124098 0.00325151 -0.00126868 0.999962 0.0085804 -0.00324091 -0.00858459 0.999957 -0.194696 0.316652 0.531521
FixedParameters: 0 0 0

#Transform 126
Transform: AffineTransform_float_3_3
Parameters: 0.999995 0.00181094 0.0023288 -0.00182964 0.999966 0.00802094 -0.00231457 -0.00802605 0.999965 -0.160651 0.262468 0.441512
FixedParameters: 0 0 0

#Transform 127
Transform: AffineTransform_float_3_3
Parameters: 0.999997 0.00135406 0.00205804 -0.00137219 0.999958 0.00901538 -0.00204546 -0.00901861 0.999957 -0.197906 0.200738 0.349539
FixedParameters: 0 0 0

#Transform 128
Transform: AffineTransform_float_3_3
Parameters: 0.999995 0.00118519 0.00269187 -0.00121261 0.999946 0.0103022 -0.0026791 -0.0103048 0.999943 -0.164525 0.192822 0.262861
FixedParameters: 0 0 0

#Transform 129
Transform: AffineTransform_float_3_3
Parameters: 0.999994 0.000978066 0.00336806 -0.00101873 0.999928 0.0119872 -0.0033563 -0.0119908 0.999923 -0.153369 0.229955 0.252089
FixedParameters: 0 0 0

#Transform 130
Transform: AffineTransform_float_3_3
Parameters: 0.999997 1.30926e-05 0.00268436 -4.00863e-05 0.99995 0.0100682 -0.00268461 -0.0100678 0.999945 -0.181893 0.276932 0.286748
FixedParameters: 0 0 0

#Transform 131
Transform: AffineTransform_float_3_3
Parameters: 0.999996 -0.00059203 0.00301006 0.000569869 0.999971 0.00759619 -0.00301429 -0.00759481 0.999966 -0.150001 0.295125 0.244657
FixedParameters: 0 0 0

#Transform 132
Transform: AffineTransform_float_3_3
Parameters: 0.999998 -0.000525088 0.00214841 0.000513454 0.999986 0.00534734 -0.00215112 -0.00534567 0.999984 -0.102269 0.344709 0.201518
FixedParameters: 0 0 0

#Transform 133
Transform: AffineTransform_float_3_3
Parameters: 0.999996 0.000438657 0.00275947 -0.000454122 0.999983 0.00584918 -0.00275699 -0.00585082 0.999979 -0.103775 0.34337 0.201192
FixedParameters: 0 0 0

#Transform 134
Transform: AffineTransform_float_3_3
Parameters: 0.999995 0.00068527 0.0031011 -0.000711057 0.999965 0.00828433 -0.00309519 -0.00828666 0.999961 -0.186081 0.266974 0.359916
FixedParameters: 0 0 0

#Transform 135
Transform: AffineTransform_float_3_3
Parameters: 0.999997 0.000546559 0.00248049 -0.000567861 0.999964 0.00844892 -0.00247621 -0.00845009 0.999961 -0.154256 0.313937 0.26515
FixedParameters: 0 0 0

#Transform 136
Transform: AffineTransform_float_3_3
Parameters: 0.999993 -7.6822e-05 0.00359089 5.96357e-05 0.999989 0.00463787 -0.00359118 -0.00463713 0.999983 -0.120095 0.373482 0.118343
FixedParameters: 0 0 0

#Transform 137
Transform: AffineTransform_float_3_3
Parameters: 0.999996 4.92164e-05 0.0030777 -6.81518e-05 0.999982 0.00600134 -0.00307785 -0.00600166 0.999978 -0.10611 0.300722 0.157714
FixedParameters: 0 0 0

#Transform 138
Transform: AffineTransform_float_3_3
Parameters: 0.999996 -0.000553753 0.00301952 0.000537934 0.999987 0.00515609 -0.00302271 -0.00515491 0.999983 -0.111042 0.33658 0.21496
FixedParameters: 0 0 0

#Transform 139
Transform: AffineTransform_float_3_3
Parameters: 0.999992 -0.000455247 0.00398334 0.000438327 0.999991 0.00415954 -0.00398572 -0.00415846 0.999983 -0.0979963 0.369364 0.318935
FixedParameters: 0 0 0

#Transform 140
Transform: AffineTransform_float_3_3
Parameters: 0.999997 -0.0011347 0.00221975 0.00112218 0.999983 0.00566164 -0.0022268 -0.00565936 0.999981 -0.1305 0.325826 0.211487
FixedParameters: 0 0 0

#Transform 141
Transform: AffineTransform_float_3_3
Parameters: 1 0.000236429 0.00105301 -0.00024248 0.999984 0.00566085 -0.00105191 -0.00566115 0.999984 -0.137435 0.247402 0.20172
FixedParameters: 0 0 0

#Transform 142
Transform: AffineTransform_float_3_3
Parameters: 0.999999 0.000865222 0.000923205 -0.000869357 0.99999 0.00423619 -0.000919252 -0.00423681 0.99999 -0.104921 0.307036 0.218077
FixedParameters: 0 0 0

#Transform 143
Transform: AffineTransform_float_3_3
Parameters: 0.999999 0.000834407 0.00149235 -0.000841843 0.999988 0.00472684 -0.00148813 -0.00472815 0.999987 -0.122502 0.293899 0.166375
FixedParameters: 0 0 0

#Transform 144
Transform: AffineTransform_float_3_3
Parameters: 0.999997 0.000994969 0.00197828 -0.00100579 0.999987 0.0051511 -0.00197298 -0.00515289 0.999984 -0.118027 0.286939 0.228798
FixedParameters: 0 0 0

#Transform 145
Transform: AffineTransform_float_3_3
Parameters: 0.999997 0.00128204 0.00184322 -0.00129275 0.999983 0.00571871 -0.00183559 -0.00572129 0.999982 -0.107407 0.288757 0.226371
FixedParameters: 0 0 0

#Transform 146
Transform: AffineTransform_float_3_3
Parameters: 0.999981 0.0011507 -0.00608944 -0.00110546 0.999972 0.00749762 0.00609804 -0.00749039 0.999954 0.159876 0.422057 0.76235
FixedParameters: 0 0 0

#Transform 147
Transform: AffineTransform_float_3_3
Parameters: 0.999996 0.000700632 -0.00277369 -0.000674765 0.999957 0.00930225 0.00278011 -0.00930076 0.999953 -0.027153 0.315307 0.532606
FixedParameters: 0 0 0

#Transform 148
Transform: AffineTransform_float_3_3
Parameters: 0.999999 0.000858426 -0.0011478 -0.000842442 0.999902 0.014019 0.00115926 -0.014018 0.999901 -0.0875586 0.330006 0.732266
FixedParameters: 0 0 0

#Transform 149
Transform: AffineTransform_float_3_3
Parameters: 0.999999 0.000577913 -0.00143063 -0.000557209 0.999894 0.0145449 0.00143825 -0.0145441 0.999893 -0.00318209 0.355992 0.673825
FixedParameters: 0 0 0

#Transform 150
Transform: AffineTransform_float_3_3
Parameters: 0.999998 0.000467256 0.00202663 -0.000489925 0.99994 0.0109292 -0.00202141 -0.0109298 0.999938 -0.0616695 0.279213 0.615009
FixedParameters: 0 0 0

#Transform 151
Transform: AffineTransform_float_3_3
Parameters: 1 0.000576299 0.00104452 -0.000588031 0.999938 0.0110645 -0.00103883 -0.0110645 0.999938 -0.0568767 0.340319 0.521918
FixedParameters: 0 0 0
