#Insight Transform File V1.0
#Transform 0
Transform: AffineTransform_float_3_3
Parameters: 1 -0.00094084 -0.000665888 0.00093698 0.999985 -0.00549355 0.00067047 0.00549345 0.999984 -0.0585677 -0.0568468 -0.0493234
FixedParameters: 0 0 0

#Transform 1
Transform: AffineTransform_float_3_3
Parameters: 1 -0.000286757 2.52012e-05 0.000287113 0.999984 -0.00568199 -2.2937e-05 0.005682 0.999984 -0.0636048 -0.0950791 -0.116821
FixedParameters: 0 0 0

#Transform 2
Transform: AffineTransform_float_3_3
Parameters: 0.999997 0.000227104 -0.00241871 -0.00023972 0.999986 -0.00528768 0.0024173 0.00528832 0.999983 0.113608 -0.107378 -0.186987
FixedParameters: 0 0 0

#Transform 3
Transform: AffineTransform_float_3_3
Parameters: 1 -0.000646556 -0.00103583 0.000640716 0.99998 -0.00637268 0.00103963 0.00637233 0.999979 -0.110693 -0.0244341 -0.0107582
FixedParameters: 0 0 0

#Transform 4
Transform: AffineTransform_float_3_3
Parameters: 0.999999 -0.000109552 -0.00128307 0.000107888 1 -0.00103714 0.00128338 0.00103686 0.999998 -0.0424232 -0.0248756 -0.0568153
FixedParameters: 0 0 0

#Transform 5
Transform: AffineTransform_float_3_3
Parameters: 0.999998 5.29188e-05 -0.00208402 -4.60066e-05 0.999996 0.00287294 0.00208489 -0.00287306 0.999993 -0.0814298 0.0096943 -0.17631
FixedParameters: 0 0 0

#Transform 6
Transform: AffineTransform_float_3_3
Parameters: 0.999999 0.000348737 -0.00153243 -0.000347767 1 0.000641458 0.0015328 -0.000641541 0.999998 -0.0594505 0.0714 -0.246777
FixedParameters: 0 0 0

#Transform 7
Transform: AffineTransform_float_3_3
Parameters: 0.999999 -1.57482e-05 -0.00139299 1.60798e-05 1 0.000118896 0.00139299 -0.000119104 0.999999 -0.0340885 0.0687663 -0.242889
FixedParameters: 0 0 0

#Transform 8
Transform: AffineTransform_float_3_3
Parameters: 0.999999 -0.000202229 -0.00140832 0.000202341 1 3.96334e-05 0.0014083 -4.03665e-05 0.999999 -0.0372288 0.121122 -0.19671
FixedParameters: 0 0 0

#Transform 9
Transform: AffineTransform_float_3_3
Parameters: 0.999999 -0.000217417 -0.00122885 0.000217648 1 -0.000311356 0.00122907 0.000311645 0.999999 -0.0263168 0.104885 -0.210314
FixedParameters: 0 0 0

#Transform 10
Transform: AffineTransform_float_3_3
Parameters: 0.999998 0.00030249 -0.00168686 -0.000301987 1 0.000149428 0.00168695 -0.000148572 0.999998 -0.00179195 0.118822 -0.225476
FixedParameters: 0 0 0

#Transform 11
Transform: AffineTransform_float_3_3
Parameters: 0.999999 0.000262144 -0.0012097 -0.00026284 0.999999 -0.000699764 0.00120942 0.000700236 0.999999 -0.0388909 0.111385 -0.20806
FixedParameters: 0 0 0

#Transform 12
Transform: AffineTransform_float_3_3
Parameters: 0.999999 0.00023979 -0.000936631 -0.000240292 0.999999 -0.000799857 0.000936329 0.000800143 0.999999 -0.0455847 0.090551 -0.22114
FixedParameters: 0 0 0

#Transform 13
Transform: AffineTransform_float_3_3
Parameters: 1 -0.00011866 -0.000353804 0.000118141 0.999999 -0.000734041 0.000353978 0.000733958 0.999999 -0.0526515 0.0962824 -0.192837
FixedParameters: 0 0 0

#Transform 14
Transform: AffineTransform_float_3_3
Parameters: 1 -0.000336771 0.000219602 0.000337486 0.999999 -0.00144193 -0.000219627 0.00144207 0.999999 -0.0739176 0.0935794 -0.202311
FixedParameters: 0 0 0

#Transform 15
Transform: AffineTransform_float_3_3
Parameters: 1 0.000226299 -0.000450109 -0.000225963 0.999999 -0.000733898 0.000449859 0.000734101 0.999999 -0.0433789 0.0934734 -0.189892
FixedParameters: 0 0 0

#Transform 16
Transform: AffineTransform_float_3_3
Parameters: 0.999999 0.000248531 -0.00072526 -0.000248961 0.999999 -0.000983901 0.000724852 0.000984099 0.999999 0.0327135 0.068734 -0.182473
FixedParameters: 0 0 0

#Transform 17
Transform: AffineTransform_float_3_3
Parameters: 1 0.000200116 -0.000128103 -0.000200211 1 -0.000369974 0.000127955 0.000370026 1 0.0605853 0.0640034 -0.191278
FixedParameters: 0 0 0

#Transform 18
Transform: AffineTransform_float_3_3
Parameters: 1 0.000224482 -0.00042612 -0.000223848 1 -0.000425905 0.00042601 0.000426096 1 0.0706467 0.080116 -0.176736
FixedParameters: 0 0 0

#Transform 19
Transform: AffineTransform_float_3_3
Parameters: 1 0.000188768 -0.00105622 -0.000190563 0.999999 -0.0013218 0.0010558 0.0013222 0.999998 0.0445116 0.0772488 -0.139849
FixedParameters: 0 0 0

#Transform 20
Transform: AffineTransform_float_3_3
Parameters: 0.999999 -0.000446454 -0.000592984 0.000446358 1 0.000827817 0.00059316 -0.000828183 0.999999 0.00322233 -0.000813416 -0.0174281
FixedParameters: 0 0 0

#Transform 21
Transform: AffineTransform_float_3_3
Parameters: 1 0.000380787 -0.000211209 -0.000380436 0.999999 0.00082808 0.000211839 -0.000827919 0.999999 0.0183776 -0.00712976 -0.0204468
FixedParameters: 0 0 0

#Transform 22
Transform: AffineTransform_float_3_3
Parameters: 1 -0.000223222 -0.000261289 0.000223478 1 0.000489941 0.00026107 -0.000490058 1 0.0505087 -0.078071 -0.00268688
FixedParameters: 0 0 0

#Transform 23
Transform: AffineTransform_float_3_3
Parameters: 0.999999 -0.000670404 0.000237571 0.000670005 0.999999 -0.00108484 -0.000237195 0.00108516 1 0.0526239 0.00883314 0.0784992
FixedParameters: 0 0 0

#Transform 24
Transform: AffineTransform_float_3_3
Parameters: 0.999999 -0.000675068 0.000383947 0.000676309 0.999998 -0.00151174 -0.0003829 0.00151226 0.999999 0.0263166 0.021079 -0.00545198
FixedParameters: 0 0 0

#Transform 25
Transform: AffineTransform_float_3_3
Parameters: 1 -0.000451169 0.00032511 0.000451146 1 3.61467e-05 -0.000325142 -3.58533e-05 1 0.0326186 -0.0856513 0.0333744
FixedParameters: 0 0 0

#Transform 26
Transform: AffineTransform_float_3_3
Parameters: 1 -0.000399258 0.00048691 0.000399223 1 3.61944e-05 -0.000486938 -3.58056e-05 1 -0.00076188 -0.104202 0.0132547
FixedParameters: 0 0 0

#Transform 27
Transform: AffineTransform_float_3_3
Parameters: 1 -0.000498803 0.000122202 0.000498633 0.999999 0.000694061 -0.000122894 -0.000693938 1 0.0259709 -0.10822 -0.0434663
FixedParameters: 0 0 0

#Transform 28
Transform: AffineTransform_float_3_3
Parameters: 0.999999 -0.000572815 0.000484504 0.000572469 1 0.000356284 -0.000484913 -0.000356715 1 0.0030879 -0.113532 0.0114791
FixedParameters: 0 0 0

#Transform 29
Transform: AffineTransform_float_3_3
Parameters: 0.999999 -0.000616191 0.000743895 0.000616876 1 0.000209459 -0.000744071 -0.000208542 0.999999 -0.0115168 -0.107537 0.00233943
FixedParameters: 0 0 0

#Transform 30
Transform: AffineTransform_float_3_3
Parameters: 1 -0.000617883 0.000329822 0.000618347 0.999999 -0.000579789 -0.000330102 0.00057921 0.999999 0.0375343 -0.0820942 0.020326
FixedParameters: 0 0 0

#Transform 31
Transform: AffineTransform_float_3_3
Parameters: 0.999999 -0.00076922 0.000317841 0.000769988 0.999999 -0.00108076 -0.000317174 0.00108124 1 0.035036 -0.0733912 0.0434167
FixedParameters: 0 0 0

#Transform 32
Transform: AffineTransform_float_3_3
Parameters: 0.999999 -0.000860899 0.000310454 0.000861689 0.999999 -0.00114173 -0.000309483 0.00114227 1 0.0335667 -0.06353 0.0481001
FixedParameters: 0 0 0

#Transform 33
Transform: AffineTransform_float_3_3
Parameters: 1 -0.000869248 0.000413065 0.000870222 0.999999 -0.00108064 -0.000412181 0.00108136 1 0.0302345 -0.0831488 0.0446019
FixedParameters: 0 0 0

#Transform 34
Transform: AffineTransform_float_3_3
Parameters: 0.999999 -0.00121471 0.000281885 0.00121557 0.999998 -0.00123665 -0.000280874 0.00123635 0.999999 0.0558785 -0.0871918 0.0311443
FixedParameters: 0 0 0

#Transform 35
Transform: AffineTransform_float_3_3
Parameters: 0.999999 -0.00100531 0.000299112 0.00100539 0.999999 -0.00151362 -0.000298143 0.00151438 0.999999 0.0631667 -0.0788725 0.0527084
FixedParameters: 0 0 0

#Transform 36
Transform: AffineTransform_float_3_3
Parameters: 1 -0.00108804 0.000292478 0.0010891 0.999998 -0.00155159 -0.000291093 0.00155141 0.999998 0.0674991 -0.0794102 0.0533447
FixedParameters: 0 0 0

#Transform 37
Transform: AffineTransform_float_3_3
Parameters: 1 -0.00103412 -0.000140056 0.0010337 0.999998 -0.00206206 0.000142327 0.00206194 0.999998 0.0484591 -0.0978577 0.0634558
FixedParameters: 0 0 0

#Transform 38
Transform: AffineTransform_float_3_3
Parameters: 0.999999 -0.000890875 -1.19143e-05 0.000890977 0.999997 -0.00238801 1.41761e-05 0.00238799 0.999997 0.046865 -0.0699884 0.108386
FixedParameters: 0 0 0

#Transform 39
Transform: AffineTransform_float_3_3
Parameters: 0.999999 -0.000880252 -0.000257207 0.000879391 0.999997 -0.00198623 0.000258709 0.00198577 0.999998 0.0695544 -0.127328 0.128614
FixedParameters: 0 0 0

#Transform 40
Transform: AffineTransform_float_3_3
Parameters: 0.999999 -0.00156808 0.000940655 0.00157212 0.999991 -0.00401652 -0.000934348 0.00401749 0.999992 0.0455242 -0.192177 0.267001
FixedParameters: 0 0 0

#Transform 41
Transform: AffineTransform_float_3_3
Parameters: 0.999999 -0.00146561 0.000956836 0.00147134 0.999979 -0.00628351 -0.000947921 0.00628549 0.99998 -0.0266718 -0.149189 0.143519
FixedParameters: 0 0 0

#Transform 42
Transform: AffineTransform_float_3_3
Parameters: 0.999999 -0.00128242 0.000487704 0.00128544 0.999977 -0.00656637 -0.000479143 0.00656663 0.999979 0.00170887 -0.16818 0.204816
FixedParameters: 0 0 0

#Transform 43
Transform: AffineTransform_float_3_3
Parameters: 0.999999 -0.00126675 0.000814127 0.00127248 0.999976 -0.00682597 -0.000805257 0.00682704 0.999977 -0.0467866 -0.168932 0.226169
FixedParameters: 0 0 0

#Transform 44
Transform: AffineTransform_float_3_3
Parameters: 0.999999 -0.00170137 0.000777258 0.00170568 0.999983 -0.0055376 -0.000767768 0.00553941 0.999985 -0.0389142 -0.187416 0.187329
FixedParameters: 0 0 0

#Transform 45
Transform: AffineTransform_float_3_3
Parameters: 0.999999 -0.00148056 0.000320724 0.00148321 0.99998 -0.00617644 -0.000311551 0.00617655 0.999981 0.00719662 -0.175053 0.167332
FixedParameters: 0 0 0

#Transform 46
Transform: AffineTransform_float_3_3
Parameters: 0.999997 -0.0024437 4.05772e-05 0.0024437 0.99999 -0.00356566 -3.22028e-05 0.00356534 0.999993 -0.0722036 -0.367794 1.42242
FixedParameters: 0 0 0

#Transform 47
Transform: AffineTransform_float_3_3
Parameters: 0.999996 -0.0022286 0.0013394 0.00223679 0.999978 -0.00638193 -0.00132567 0.00638508 0.999979 -0.0736649 -0.180214 1.13822
FixedParameters: 0 0 0

#Transform 48
Transform: AffineTransform_float_3_3
Parameters: 0.999999 -0.00174981 0.000428688 0.00175069 0.999991 -0.00387317 -0.000422351 0.00387384 0.999993 -0.0141179 -0.142365 0.639538
FixedParameters: 0 0 0

#Transform 49
Transform: AffineTransform_float_3_3
Parameters: 0.999999 -0.00175372 0.000477231 0.00175481 0.999991 -0.00369808 -0.000471477 0.00369892 0.999993 0.00248379 -0.199427 0.637609
FixedParameters: 0 0 0

#Transform 50
Transform: AffineTransform_float_3_3
Parameters: 0.999998 -0.00184956 0.000433785 0.00185141 0.999991 -0.00380103 -0.000426856 0.00380197 0.999992 0.0092189 -0.183167 0.616467
FixedParameters: 0 0 0

#Transform 51
Transform: AffineTransform_float_3_3
Parameters: 0.999999 -0.00135028 0.000639932 0.0013531 0.999987 -0.00495613 -0.00063284 0.00495687 0.999988 0.0409032 -0.129895 0.606349
FixedParameters: 0 0 0

#Transform 52
Transform: AffineTransform_float_3_3
Parameters: 1 -0.00104392 4.99391e-05 0.0010449 0.999987 -0.00512087 -4.5222e-05 0.00512113 0.999987 0.0482729 -0.125697 0.614094
FixedParameters: 0 0 0

#Transform 53
Transform: AffineTransform_float_3_3
Parameters: 0.999998 -0.00161024 7.25715e-06 0.0016101 0.999983 -0.00571683 1.10536e-06 0.00571717 0.999983 0.010112 -0.101331 0.400539
FixedParameters: 0 0 0

#Transform 54
Transform: AffineTransform_float_3_3
Parameters: 0.999966 -0.000352291 -0.00825358 0.000359554 1 0.000926315 0.00825326 -0.000929688 0.999965 0.198901 -0.507612 2.07129
FixedParameters: 0 0 0

#Transform 55
Transform: AffineTransform_float_3_3
Parameters: 0.999997 -0.00140346 -0.00201164 0.00140114 0.999998 -0.00136292 0.00201371 0.00136008 0.999997 -0.0399771 -0.301999 1.40139
FixedParameters: 0 0 0

#Transform 56
Transform: AffineTransform_float_3_3
Parameters: 0.999994 -0.00177128 -0.00275207 0.00175157 0.999972 -0.00723097 0.00276414 0.00722602 0.99997 -0.0189712 -0.166818 1.11952
FixedParameters: 0 0 0

#Transform 57
Transform: AffineTransform_float_3_3
Parameters: 0.999996 -0.00217889 -0.00208217 0.00216314 0.99997 -0.00744057 0.00209867 0.00743544 0.999971 -0.0205815 -0.1402 1.08676
FixedParameters: 0 0 0

#Transform 58
Transform: AffineTransform_float_3_3
Parameters: 0.999995 -0.00291576 2.77416e-05 0.00291625 0.999954 -0.00914363 -1.48846e-06 0.00914338 0.999958 -0.0500907 -0.0996755 1.11675
FixedParameters: 0 0 0

#Transform 59
Transform: AffineTransform_float_3_3
Parameters: 0.999997 -0.0026501 -0.000356539 0.00264629 0.999954 -0.00929166 0.000380917 0.00929134 0.999957 -0.0505954 -0.102098 1.12196
FixedParameters: 0 0 0

#Transform 60
Transform: AffineTransform_float_3_3
Parameters: 0.999996 -0.00259666 -0.0003174 0.00259399 0.999963 -0.00820162 0.000339124 0.00820139 0.999967 -0.0572435 -0.0698949 1.10715
FixedParameters: 0 0 0

#Transform 61
Transform: AffineTransform_float_3_3
Parameters: 0.999997 -0.00264728 -0.000394293 0.00264387 0.999957 -0.00896975 0.000418992 0.00896825 0.999959 -0.0651265 -0.0551836 1.12963
FixedParameters: 0 0 0

#Transform 62
Transform: AffineTransform_float_3_3
Parameters: 0.999996 -0.00260677 -0.001244 0.00259484 0.99995 -0.00956604 0.00126866 0.00956295 0.999953 -0.0432832 -0.0688553 1.17927
FixedParameters: 0 0 0

#Transform 63
Transform: AffineTransform_float_3_3
Parameters: 0.999994 -0.00284367 -0.00163235 0.00282768 0.999948 -0.00984537 0.00165942 0.00984162 0.99995 -0.0442266 -0.091639 1.18346
FixedParameters: 0 0 0

#Transform 64
Transform: AffineTransform_float_3_3
Parameters: 0.999996 -0.00265705 -0.000906137 0.00264803 0.999941 -0.0105302 0.000933749 0.0105278 0.999944 -0.0589902 -0.0436921 1.18282
FixedParameters: 0 0 0

#Transform 65
Transform: AffineTransform_float_3_3
Parameters: 0.999995 -0.00280234 -0.00105423 0.00279016 0.999935 -0.0111097 0.0010852 0.0111073 0.999938 -0.0567856 -0.0795838 1.13699
FixedParameters: 0 0 0

#Transform 66
Transform: AffineTransform_float_3_3
Parameters: 0.999997 -0.00251714 -0.00103294 0.00250521 0.999935 -0.0111194 0.00106062 0.0111166 0.999937 -0.0489338 -0.0450608 1.22244
FixedParameters: 0 0 0

#Transform 67
Transform: AffineTransform_float_3_3
Parameters: 0.999997 -0.00170266 -0.00187986 0.00168323 0.999946 -0.0103052 0.00189728 0.0103018 0.999946 -0.0602441 0.00555419 1.18441
FixedParameters: 0 0 0

#Transform 68
Transform: AffineTransform_float_3_3
Parameters: 0.999996 -0.00250453 -0.00119814 0.00249061 0.999934 -0.0112468 0.00122631 0.0112432 0.999936 -0.0901242 -0.0645706 1.20017
FixedParameters: 0 0 0

#Transform 69
Transform: AffineTransform_float_3_3
Parameters: 0.999994 -0.00293574 -0.00185835 0.00291698 0.999947 -0.00992227 0.00188781 0.00991673 0.99995 -0.074174 -0.0827512 1.21251
FixedParameters: 0 0 0

#Transform 70
Transform: AffineTransform_float_3_3
Parameters: 0.999995 -0.0029031 -0.00165381 0.00288358 0.999926 -0.0117986 0.00168758 0.0117934 0.999929 -0.0829153 -0.0591905 1.1984
FixedParameters: 0 0 0

#Transform 71
Transform: AffineTransform_float_3_3
Parameters: 0.999995 -0.00260458 -0.00167393 0.00258279 0.999914 -0.0128932 0.00170748 0.0128888 0.999915 -0.0806147 -0.0162089 1.2399
FixedParameters: 0 0 0

#Transform 72
Transform: AffineTransform_float_3_3
Parameters: 0.999994 -0.00289993 -0.00177003 0.00287629 0.99991 -0.013072 0.0018083 0.013067 0.999913 -0.0627543 -0.0535049 1.16741
FixedParameters: 0 0 0

#Transform 73
Transform: AffineTransform_float_3_3
Parameters: 0.999992 -0.0034142 -0.00180031 0.00339476 0.999938 -0.0105898 0.00183583 0.0105842 0.999942 -0.0349054 -0.113249 1.14099
FixedParameters: 0 0 0

#Transform 74
Transform: AffineTransform_float_3_3
Parameters: 0.999996 -0.00294651 -0.00084782 0.00293803 0.999948 -0.00981214 0.000876144 0.00980887 0.999951 -0.0513374 -0.115588 1.06267
FixedParameters: 0 0 0

#Transform 75
Transform: AffineTransform_float_3_3
Parameters: 0.999997 -0.00235379 -0.00125061 0.00234233 0.999959 -0.00878374 0.00127166 0.00878127 0.999961 -0.0177672 -0.169319 1.09409
FixedParameters: 0 0 0

#Transform 76
Transform: AffineTransform_float_3_3
Parameters: 0.999996 -0.00255857 -0.000195297 0.00255674 0.999956 -0.00896528 0.000218235 0.00896471 0.99996 -0.039651 -0.112152 1.11066
FixedParameters: 0 0 0

#Transform 77
Transform: AffineTransform_float_3_3
Parameters: 0.999997 -0.00251969 0.000204228 0.00252091 0.999958 -0.00881326 -0.000182056 0.00881374 0.999961 -0.0124908 -0.115417 1.06073
FixedParameters: 0 0 0

#Transform 78
Transform: AffineTransform_float_3_3
Parameters: 0.999996 -0.00274443 -0.000149364 0.00274258 0.999958 -0.00873911 0.000173315 0.00873888 0.999962 -0.0140709 -0.11841 1.08775
FixedParameters: 0 0 0

#Transform 79
Transform: AffineTransform_float_3_3
Parameters: 0.999996 -0.0025883 -2.12864e-05 0.00258757 0.999954 -0.00924284 4.60417e-05 0.00924316 0.999958 -0.0276958 -0.0822082 1.13956
FixedParameters: 0 0 0

#Transform 80
Transform: AffineTransform_float_3_3
Parameters: 0.999997 -0.00238151 0.000113487 0.00238324 0.999953 -0.0094025 -9.07756e-05 0.00940249 0.999956 -0.00822653 -0.0773183 1.09341
FixedParameters: 0 0 0

#Transform 81
Transform: AffineTransform_float_3_3
Parameters: 0.999996 -0.00273229 -0.00041179 0.00272857 0.999954 -0.00924385 0.00043652 0.00924317 0.999957 -0.0161975 -0.110121 1.09166
FixedParameters: 0 0 0

#Transform 82
Transform: AffineTransform_float_3_3
Parameters: 0.999996 -0.00250743 -0.00112702 0.00249685 0.999957 -0.00897962 0.00114968 0.00897639 0.999959 0.00825544 -0.110878 1.16238
FixedParameters: 0 0 0

#Transform 83
Transform: AffineTransform_float_3_3
Parameters: 0.999996 -0.00249042 -0.00129095 0.00248481 0.999987 -0.004432 0.00130244 0.004429 0.999989 -0.0143519 -0.329625 1.68738
FixedParameters: 0 0 0

#Transform 84
Transform: AffineTransform_float_3_3
Parameters: 0.999997 -0.00261289 -0.000756432 0.00260987 0.999989 -0.00383175 0.000766635 0.00382925 0.999993 0.00271552 -0.254015 1.54052
FixedParameters: 0 0 0

#Transform 85
Transform: AffineTransform_float_3_3
Parameters: 0.999997 -0.00209277 0.000642143 0.00209913 0.999961 -0.0085735 -0.000624632 0.00857451 0.999963 0.0259416 -0.0443872 1.11354
FixedParameters: 0 0 0

#Transform 86
Transform: AffineTransform_float_3_3
Parameters: 0.999997 -0.00233051 0.00053832 0.00233473 0.999957 -0.00896951 -0.000517974 0.00897049 0.999959 0.00604591 -0.0327082 0.963067
FixedParameters: 0 0 0

#Transform 87
Transform: AffineTransform_float_3_3
Parameters: 0.999996 -0.00282437 0.000135829 0.00282568 0.999954 -0.00919531 -0.000109035 0.00919567 0.999957 -0.00925266 -0.0787195 0.930892
FixedParameters: 0 0 0

#Transform 88
Transform: AffineTransform_float_3_3
Parameters: 0.999996 -0.00241033 -0.00138357 0.00239363 0.999922 -0.0121922 0.00141347 0.0121888 0.999925 0.0184126 -0.086973 0.909233
FixedParameters: 0 0 0

#Transform 89
Transform: AffineTransform_float_3_3
Parameters: 0.999995 -0.00232371 -0.00184978 0.0022936 0.999872 -0.0158273 0.00188711 0.0158227 0.999873 -0.00326897 0.0452924 0.829745
FixedParameters: 0 0 0

#Transform 90
Transform: AffineTransform_float_3_3
Parameters: 0.999996 -0.00177134 -0.00197741 0.00174674 0.999924 -0.0121995 0.00199821 0.0121955 0.999924 0.0316751 0.0516092 0.781855
FixedParameters: 0 0 0

#Transform 91
Transform: AffineTransform_float_3_3
Parameters: 0.999998 -0.00132842 -0.000905854 0.00132234 0.999978 -0.00647814 0.000914466 0.00647786 0.999978 0.0222889 0.0359263 0.488201
FixedParameters: 0 0 0

#Transform 92
Transform: AffineTransform_float_3_3
Parameters: 0.999999 -0.00182861 -0.000300244 0.00182649 0.999975 -0.00682339 0.000312309 0.0068226 0.999976 0.00826709 -0.0590563 0.47424
FixedParameters: 0 0 0

#Transform 93
Transform: AffineTransform_float_3_3
Parameters: 0.999997 -0.00263082 -0.000608793 0.00262245 0.999926 -0.0119203 0.000640844 0.0119187 0.999929 -0.0175286 0.00987005 0.483885
FixedParameters: 0 0 0

#Transform 94
Transform: AffineTransform_float_3_3
Parameters: 0.999995 -0.00295924 4.12116e-05 0.0029596 0.999967 -0.0076515 -1.90094e-05 0.00765151 0.99997 -0.0174813 -0.0572852 0.501065
FixedParameters: 0 0 0

#Transform 95
Transform: AffineTransform_float_3_3
Parameters: 0.999997 -0.00236571 0.000774924 0.00237083 0.999972 -0.007033 -0.000758127 0.00703499 0.999975 -0.0333644 -0.0913931 0.426716
FixedParameters: 0 0 0

#Transform 96
Transform: AffineTransform_float_3_3
Parameters: 0.999997 -0.00261148 0.000708096 0.00261659 0.999972 -0.006944 -0.000689221 0.006946 0.999976 -0.0870055 -0.131167 0.587809
FixedParameters: 0 0 0

#Transform 97
Transform: AffineTransform_float_3_3
Parameters: 0.999997 -0.00271384 0.000120544 0.00271468 0.999976 -0.00649336 -0.0001024 0.00649364 0.999979 -0.0933064 -0.154875 0.668203
FixedParameters: 0 0 0

#Transform 98
Transform: AffineTransform_float_3_3
Parameters: 0.999996 -0.00257327 0.000208547 0.00257545 0.999961 -0.00851016 -0.0001869 0.00851084 0.999963 -0.126327 -0.0907873 0.813577
FixedParameters: 0 0 0

#Transform 99
Transform: AffineTransform_float_3_3
Parameters: 0.999997 -0.00233388 0.000357018 0.00233683 0.999966 -0.00785201 -0.000338608 0.00785298 0.999969 -0.124041 -0.113296 0.716629
FixedParameters: 0 0 0

#Transform 100
Transform: AffineTransform_float_3_3
Parameters: 0.999996 -0.0028997 0.000265581 0.00290155 0.999965 -0.00776392 -0.000243786 0.00776507 0.99997 -0.138638 -0.113941 0.739167
FixedParameters: 0 0 0

#Transform 101
Transform: AffineTransform_float_3_3
Parameters: 0.999995 -0.00262844 -0.00139205 0.00261751 0.99997 -0.00733046 0.00141122 0.00732655 0.999973 -0.0835534 -0.0814887 0.72147
FixedParameters: 0 0 0

#Transform 102
Transform: AffineTransform_float_3_3
Parameters: 0.999999 -0.000802151 -0.00014605 0.000801952 0.999987 -0.00513804 0.000150387 0.00513796 0.999987 -0.089255 -0.0360437 0.470772
FixedParameters: 0 0 0

#Transform 103
Transform: AffineTransform_float_3_3
Parameters: 0.999996 -0.00244478 0.00173368 0.00245639 0.999972 -0.00702575 -0.00171633 0.00703026 0.999974 -0.126736 -0.112965 0.578166
FixedParameters: 0 0 0

#Transform 104
Transform: AffineTransform_float_3_3
Parameters: 0.999994 -0.00280409 0.00210168 0.00281585 0.999979 -0.005845 -0.00208491 0.00585101 0.999981 -0.109751 -0.0938106 0.620488
FixedParameters: 0 0 0

#Transform 105
Transform: AffineTransform_float_3_3
Parameters: 0.999995 -0.00264041 0.00207001 0.00265423 0.999974 -0.00663751 -0.00205302 0.00664349 0.999976 -0.114362 -0.0592552 0.590492
FixedParameters: 0 0 0

#Transform 106
Transform: AffineTransform_float_3_3
Parameters: 0.999995 -0.00265504 0.00161523 0.00266594 0.99997 -0.00727953 -0.00159558 0.00728347 0.999972 -0.123752 -0.0503534 0.66634
FixedParameters: 0 0 0

#Transform 107
Transform: AffineTransform_float_3_3
Parameters: 0.999994 -0.00303155 0.00165038 0.00304175 0.999976 -0.00630082 -0.00163102 0.00630519 0.999979 -0.102244 -0.101103 0.688259
FixedParameters: 0 0 0

#Transform 108
Transform: AffineTransform_float_3_3
Parameters: 0.999995 -0.00319493 0.00109043 0.00320082 0.999981 -0.00534119 -0.00107278 0.00534481 0.999985 -0.0401308 -0.149761 0.596331
FixedParameters: 0 0 0

#Transform 109
Transform: AffineTransform_float_3_3
Parameters: 0.999995 -0.00303754 0.00132591 0.00304653 0.999973 -0.00661272 -0.00130542 0.00661628 0.999977 -0.0628509 -0.131968 0.714263
FixedParameters: 0 0 0

#Transform 110
Transform: AffineTransform_float_3_3
Parameters: 0.999994 -0.00326873 0.00109467 0.0032775 0.999961 -0.0081361 -0.00106821 0.0081389 0.999966 -0.0716543 -0.0744095 0.784921
FixedParameters: 0 0 0

#Transform 111
Transform: AffineTransform_float_3_3
Parameters: 0.999996 -0.00298893 0.000694669 0.00299414 0.999966 -0.00760161 -0.000671682 0.00760339 0.999971 -0.0636616 -0.0648733 0.636026
FixedParameters: 0 0 0

#Transform 112
Transform: AffineTransform_float_3_3
Parameters: 0.999993 -0.00341219 0.000985834 0.0034193 0.999968 -0.00725024 -0.000960948 0.00725376 0.999973 -0.0810297 -0.0772959 0.594849
FixedParameters: 0 0 0

#Transform 113
Transform: AffineTransform_float_3_3
Parameters: 0.999995 -0.00302328 0.00112066 0.00302934 0.999979 -0.00567936 -0.00110388 0.00568264 0.999983 -0.0781048 -0.123289 0.56531
FixedParameters: 0 0 0

#Transform 114
Transform: AffineTransform_float_3_3
Parameters: 0.999994 -0.00302526 0.00116456 0.00303334 0.999974 -0.00667515 -0.00114477 0.00667885 0.999977 -0.0794447 -0.098637 0.667614
FixedParameters: 0 0 0

#Transform 115
Transform: AffineTransform_float_3_3
Parameters: 0.999993 -0.00345809 0.00074335 0.00346605 0.999941 -0.01038 -0.00070717 0.010382 0.999945 -0.0886126 0.00148721 0.964789
FixedParameters: 0 0 0

#Transform 116
Transform: AffineTransform_float_3_3
Parameters: 0.999994 -0.00348942 -0.000144954 0.00348785 0.999924 -0.011876 0.000186875 0.011876 0.999929 -0.149429 0.0359333 1.16011
FixedParameters: 0 0 0

#Transform 117
Transform: AffineTransform_float_3_3
Parameters: 0.999996 -0.00278397 0.00129001 0.00278918 0.999988 -0.00403615 -0.00127797 0.00403985 0.999991 -0.163776 -0.226084 0.548369
FixedParameters: 0 0 0

#Transform 118
Transform: AffineTransform_float_3_3
Parameters: 0.999975 -0.00267407 0.00655218 0.00272023 0.999971 -0.00708097 -0.00653282 0.00709803 0.999954 -0.338572 -0.256547 -0.909375
FixedParameters: 0 0 0

#Transform 119
Transform: AffineTransform_float_3_3
Parameters: 0.999995 -0.000538055 0.00329066 0.000546766 0.999996 -0.0025217 -0.00328958 0.00252429 0.999992 -0.0913754 -0.451534 0.274733
FixedParameters: 0 0 0

#Transform 120
Transform: AffineTransform_float_3_3
Parameters: 0.999997 -2.27215e-05 0.00266547 3.13165e-05 0.999994 -0.00329426 -0.00266603 0.00329474 0.999991 -0.0732006 -0.362103 0.40836
FixedParameters: 0 0 0

#Transform 121
Transform: AffineTransform_float_3_3
Parameters: 0.999998 -0.000775685 0.00177833 0.000778881 0.999998 -0.00143577 -0.00177725 0.00143722 0.999998 -0.0311476 -0.333754 0.420072
FixedParameters: 0 0 0

#Transform 122
Transform: AffineTransform_float_3_3
Parameters: 0.999996 -0.000903843 0.00285951 0.000911661 0.999995 -0.0029068 -0.00285696 0.0029092 0.999992 -0.0473416 -0.262627 0.449855
FixedParameters: 0 0 0

#Transform 123
Transform: AffineTransform_float_3_3
Parameters: 0.999989 -0.00145226 0.00433756 0.00147576 0.999984 -0.00541136 -0.00432965 0.00541863 0.999976 -0.180616 -0.36513 1.27851
FixedParameters: 0 0 0

#Transform 124
Transform: AffineTransform_float_3_3
Parameters: 0.999994 -0.00112091 0.00342666 0.00114071 0.999982 -0.00588752 -0.00342005 0.00589148 0.999976 -0.163278 -0.228123 1.01784
FixedParameters: 0 0 0

#Transform 125
Transform: AffineTransform_float_3_3
Parameters: 0.999996 -0.00135016 0.00239272 0.00136153 0.999988 -0.00458499 -0.00238616 0.00458802 0.999987 -0.101146 -0.208222 0.57443
FixedParameters: 0 0 0

#Transform 126
Transform: AffineTransform_float_3_3
Parameters: 0.999996 -0.00156946 0.00237631 0.00158092 0.999987 -0.00502341 -0.00236851 0.0050276 0.999985 -0.122702 -0.207413 0.524465
FixedParameters: 0 0 0

#Transform 127
Transform: AffineTransform_float_3_3
Parameters: 0.999994 -0.00220909 0.00288655 0.00222761 0.999976 -0.00650482 -0.00287128 0.00651118 0.999975 -0.109963 -0.183288 0.673136
FixedParameters: 0 0 0

#Transform 128
Transform: AffineTransform_float_3_3
Parameters: 0.999989 -0.00220248 0.00411396 0.00223225 0.999971 -0.00725341 -0.00409727 0.00726258 0.999965 -0.18348 -0.15341 0.778646
FixedParameters: 0 0 0

#Transform 129
Transform: AffineTransform_float_3_3
Parameters: 0.999981 -0.00504402 0.00338539 0.00505802 0.999979 -0.00404942 -0.00336456 0.00406658 0.999986 -0.0940907 -0.198154 0.62333
FixedParameters: 0 0 0

#Transform 130
Transform: AffineTransform_float_3_3
Parameters: 0.99994 -0.0107654 0.00205409 0.0107732 0.999935 -0.00380165 -0.00201273 0.00382434 0.99999 -0.122688 -0.188416 0.626714
FixedParameters: 0 0 0

#Transform 131
Transform: AffineTransform_float_3_3
Parameters: 0.999981 -0.00598722 0.00141265 0.00599731 0.999959 -0.00673536 -0.00137272 0.00674365 0.999977 -0.128357 -0.129276 0.687314
FixedParameters: 0 0 0

#Transform 132
Transform: AffineTransform_float_3_3
Parameters: 0.999997 -0.00208887 0.00129313 0.00209351 0.999992 -0.0035062 -0.00128584 0.0035088 0.999993 -0.0731817 -0.0928294 0.525033
FixedParameters: 0 0 0

#Transform 133
Transform: AffineTransform_float_3_3
Parameters: 0.999999 -0.00141721 0.00102461 0.00142175 0.999991 -0.00397155 -0.00101864 0.00397346 0.999992 -0.0732444 -0.104741 0.506976
FixedParameters: 0 0 0

#Transform 134
Transform: AffineTransform_float_3_3
Parameters: 0.999997 -0.00209284 0.00130264 0.00209982 0.999983 -0.00541719 -0.00129154 0.00542082 0.999985 -0.0913412 -0.100255 0.576229
FixedParameters: 0 0 0

#Transform 135
Transform: AffineTransform_float_3_3
Parameters: 0.999995 -0.00237628 0.00178029 0.00238543 0.999983 -0.00538975 -0.00176748 0.00539425 0.999984 -0.108685 -0.103003 0.619046
FixedParameters: 0 0 0

#Transform 136
Transform: AffineTransform_float_3_3
Parameters: 0.999996 -0.00232005 0.00112062 0.00232611 0.99998 -0.00582231 -0.00110717 0.00582469 0.999983 -0.0951134 -0.049159 0.59042
FixedParameters: 0 0 0

#Transform 137
Transform: AffineTransform_float_3_3
Parameters: 0.999996 -0.00223565 0.00182806 0.002246 0.999983 -0.00532489 -0.00181597 0.00532911 0.999984 -0.0904784 -0.104587 0.669677
FixedParameters: 0 0 0

#Transform 138
Transform: AffineTransform_float_3_3
Parameters: 0.999995 -0.00211621 0.00206635 0.00212683 0.999986 -0.00503559 -0.00205584 0.00503941 0.999985 -0.080242 -0.103481 0.670016
FixedParameters: 0 0 0

#Transform 139
Transform: AffineTransform_float_3_3
Parameters: 0.999995 -0.00246087 0.00192932 0.00247174 0.999982 -0.00542122 -0.00191543 0.00542577 0.999983 -0.0872376 -0.0962106 0.644024
FixedParameters: 0 0 0

#Transform 140
Transform: AffineTransform_float_3_3
Parameters: 0.999996 -0.00233185 0.00144227 0.00234017 0.999981 -0.00564753 -0.00142957 0.00565046 0.999983 -0.0809935 -0.0711105 0.556519
FixedParameters: 0 0 0

#Transform 141
Transform: AffineTransform_float_3_3
Parameters: 0.999995 -0.00236999 0.00172812 0.00238105 0.999979 -0.0060628 -0.00171416 0.0060672 0.99998 -0.0961098 -0.0537439 0.51993
FixedParameters: 0 0 0

#Transform 142
Transform: AffineTransform_float_3_3
Parameters: 0.999995 -0.00207397 0.00210905 0.00208476 0.999984 -0.00520868 -0.00209833 0.00521332 0.999984 -0.0874217 -0.100458 0.441804
FixedParameters: 0 0 0

#Transform 143
Transform: AffineTransform_float_3_3
Parameters: 0.999996 -0.00217252 0.00211356 0.0021762 0.999997 -0.00173438 -0.00211032 0.00173962 0.999996 -0.0564673 -0.0680888 0.294826
FixedParameters: 0 0 0

#Transform 144
Transform: AffineTransform_float_3_3
Parameters: 0.999996 -0.00203124 0.00228994 0.00203349 0.999997 -0.000907395 -0.0022874 0.000911602 0.999997 -0.059205 -0.173554 0.301968
FixedParameters: 0 0 0

#Transform 145
Transform: AffineTransform_float_3_3
Parameters: 0.999995 -0.00204542 0.00245478 0.00204751 0.999998 -0.000610114 -0.00245335 0.000615885 0.999997 -0.056877 -0.187064 0.344452
FixedParameters: 0 0 0

#Transform 146
Transform: AffineTransform_float_3_3
Parameters: 0.999993 -0.00248717 0.00275042 0.00248912 0.999997 -0.000866283 -0.00274833 0.000873719 0.999996 -0.0647969 -0.179149 0.391554
FixedParameters: 0 0 0

#Transform 147
Transform: AffineTransform_float_3_3
Parameters: 0.999991 -0.00255477 0.00357641 0.0025573 0.999997 -0.000757127 -0.00357376 0.000765871 0.999993 -0.123418 -0.192492 0.506772
FixedParameters: 0 0 0

#Transform 148
Transform: AffineTransform_float_3_3
Parameters: 0.999995 -0.0023259 0.00244051 0.00232204 0.999995 0.00194963 -0.00244508 -0.00194337 0.999995 -0.0966836 -0.356521 0.602848
FixedParameters: 0 0 0

#Transform 149
Transform: AffineTransform_float_3_3
Parameters: 0.999995 -0.00187464 0.00253849 0.00187205 0.999998 0.00087362 -0.00253959 -0.00086838 0.999996 -0.0915267 -0.319705 0.525895
FixedParameters: 0 0 0

#Transform 150
Transform: AffineTransform_float_3_3
Parameters: 0.999995 -0.00185284 0.00229767 0.0018522 0.999998 0.00014212 -0.00229819 -0.000137879 0.999997 -0.074896 -0.284672 0.518561
FixedParameters: 0 0 0

#Transform 151
Transform: AffineTransform_float_3_3
Parameters: 0.999996 -0.00152048 0.0022877 0.00152154 0.999999 -0.000447664 -0.00228642 0.000451335 0.999997 -0.0900639 -0.262832 0.566425
FixedParameters: 0 0 0
