#Insight Transform File V1.0
#Transform 0
Transform: AffineTransform_float_3_3
Parameters: 1 -0.000284629 0.00107758 0.00028471 1 -3.76441e-05 -0.00107756 3.73559e-05 1 0.0210872 -0.0892905 -0.126915
FixedParameters: 0 0 0

#Transform 1
Transform: AffineTransform_float_3_3
Parameters: 1 -0.000378383 0.00108205 0.000378748 1 -0.000168541 -0.00108193 0.000168459 1 0.0273101 -0.100685 -0.108941
FixedParameters: 0 0 0

#Transform 2
Transform: AffineTransform_float_3_3
Parameters: 0.999998 -2.80897e-05 0.00158809 2.76943e-05 1 -0.000189909 -0.00158804 0.000190092 0.999998 0.0192978 -0.0942356 -0.0525686
FixedParameters: 0 0 0

#Transform 3
Transform: AffineTransform_float_3_3
Parameters: 1 -6.60341e-06 0.00117767 7.71602e-06 0.999999 -0.000896942 -0.00117761 0.000896057 0.999999 0.0415931 -0.0549774 -0.0612247
FixedParameters: 0 0 0

#Transform 4
Transform: AffineTransform_float_3_3
Parameters: 0.999999 -0.000468676 0.00117266 0.000469161 0.999999 -0.000632403 -0.00117201 0.000633597 0.999999 0.0310021 -0.0850083 -0.11536
FixedParameters: 0 0 0

#Transform 5
Transform: AffineTransform_float_3_3
Parameters: 1 -0.000378245 0.00109193 0.000377945 1 0.00013746 -0.00109203 -0.00013654 1 0.0450619 -0.0794785 -0.0973512
FixedParameters: 0 0 0

#Transform 6
Transform: AffineTransform_float_3_3
Parameters: 0.999999 -0.000389595 0.000844323 0.000389907 1 -0.000184669 -0.000844179 0.000184331 0.999999 0.0408655 -0.0703499 -0.0634262
FixedParameters: 0 0 0

#Transform 7
Transform: AffineTransform_float_3_3
Parameters: 0.999999 -0.000388018 0.000871427 0.000388946 1 -0.000532659 -0.000871014 0.00053234 0.999999 0.0402872 -0.0618226 -0.0554982
FixedParameters: 0 0 0

#Transform 8
Transform: AffineTransform_float_3_3
Parameters: 1 -0.000385892 0.000924204 0.00038609 1 -0.000106643 -0.000924121 0.000107357 0.999999 0.02491 -0.0526606 -0.0819973
FixedParameters: 0 0 0

#Transform 9
Transform: AffineTransform_float_3_3
Parameters: 0.999999 -0.000262165 0.000780358 0.000262077 1 -0.000583795 -0.000780005 0.000584204 0.999999 0.0286332 -0.0747791 -0.0667746
FixedParameters: 0 0 0

#Transform 10
Transform: AffineTransform_float_3_3
Parameters: 1 -0.000385892 0.000924204 0.00038609 1 -0.000106643 -0.000924121 0.000107357 0.999999 0.008474 -0.0643422 -0.0522429
FixedParameters: 0 0 0

#Transform 11
Transform: AffineTransform_float_3_3
Parameters: 1 -0.000385828 0.000924231 0.000386155 1 -0.000176643 -0.000924094 0.000177357 0.999999 0.00369495 -0.0653621 -0.0473122
FixedParameters: 0 0 0

#Transform 12
Transform: AffineTransform_float_3_3
Parameters: 1 -0.000406572 0.000485691 0.000406676 1 -0.000106802 -0.000485604 0.000107197 1 0.0111308 -0.0419162 -0.0484852
FixedParameters: 0 0 0

#Transform 13
Transform: AffineTransform_float_3_3
Parameters: 1 -0.000385632 0.000924313 0.000386351 1 -0.000389641 -0.000924013 0.000389358 0.999999 0.000949561 -0.03958 -0.0467008
FixedParameters: 0 0 0

#Transform 14
Transform: AffineTransform_float_3_3
Parameters: 1 -0.000422756 0.000142135 0.000422828 1 -0.00025194 -0.000141921 0.00025206 1 0.0270709 -0.0429133 -0.0486285
FixedParameters: 0 0 0

#Transform 15
Transform: AffineTransform_float_3_3
Parameters: 1 -0.000481222 0.000217122 0.000481456 0.999999 -0.000539895 -0.000216602 0.000540104 1 0.0321156 -0.0443236 -0.0361696
FixedParameters: 0 0 0

#Transform 16
Transform: AffineTransform_float_3_3
Parameters: 1 -0.000507419 0.000108285 0.000507506 0.999999 -0.000617945 -0.000108656 0.000618055 1 0.0180518 -0.0196437 -0.0351413
FixedParameters: 0 0 0

#Transform 17
Transform: AffineTransform_float_3_3
Parameters: 1 -0.000467508 0.000189476 0.000467742 0.999999 -0.000617911 -0.000188898 0.000618088 1 0.01702 -0.0335804 -0.0553114
FixedParameters: 0 0 0

#Transform 18
Transform: AffineTransform_float_3_3
Parameters: 1 -0.000624191 3.18377e-05 0.000624238 0.999999 -0.00074498 -3.09076e-05 0.000745019 0.999999 0.0173071 -0.0413833 -0.0306536
FixedParameters: 0 0 0

#Transform 19
Transform: AffineTransform_float_3_3
Parameters: 1 -0.000430716 0.000272464 0.000430617 1 0.000182117 -0.000272621 -0.000181883 1 0.0158544 -0.0517059 -0.00623324
FixedParameters: 0 0 0

#Transform 20
Transform: AffineTransform_float_3_3
Parameters: 1 -0.00031919 -0.00018498 0.000318925 0.999999 -0.000716059 0.000185437 0.00071594 0.999999 0.00229566 -0.00957994 0.0131374
FixedParameters: 0 0 0

#Transform 21
Transform: AffineTransform_float_3_3
Parameters: 1 -0.000171869 0.000260425 0.000172037 1 -0.000322955 -0.000260314 0.000323045 1 -0.0018702 -0.0251809 -0.0309288
FixedParameters: 0 0 0

#Transform 22
Transform: AffineTransform_float_3_3
Parameters: 1 -5.00017e-05 0.000254652 4.91744e-05 1 -0.000336987 -0.000254572 0.000337013 1 -0.0177505 -0.0425112 0.0283045
FixedParameters: 0 0 0

#Transform 23
Transform: AffineTransform_float_3_3
Parameters: 0.999999 -0.000328381 0.000663065 0.000329007 1 0.000281218 -0.000663297 -0.000280782 0.999999 -0.0342876 -0.0309074 -0.00155803
FixedParameters: 0 0 0

#Transform 24
Transform: AffineTransform_float_3_3
Parameters: 1 -0.000509501 8.68736e-05 0.000509443 1 0.000329044 -8.72088e-05 -0.000328956 1 -0.0341875 0.00825657 0.0154456
FixedParameters: 0 0 0

#Transform 25
Transform: AffineTransform_float_3_3
Parameters: 1 0.000196403 0.000175003 -0.000196478 1 0.000213966 -0.000174919 -0.000214034 1 -0.0356327 0.00593863 0.031363
FixedParameters: 0 0 0

#Transform 26
Transform: AffineTransform_float_3_3
Parameters: 1 -9.15798e-05 7.8193e-05 9.13029e-05 0.999998 0.00207901 -7.75743e-05 -0.00207899 0.999998 -0.0486904 -0.060301 0.0455128
FixedParameters: 0 0 0

#Transform 27
Transform: AffineTransform_float_3_3
Parameters: 1 -0.000296449 0.000362302 0.000295101 0.999994 0.0033001 -0.000363302 -0.00329989 0.999994 -0.0645485 -0.069958 0.042663
FixedParameters: 0 0 0

#Transform 28
Transform: AffineTransform_float_3_3
Parameters: 1 -0.000227693 0.000193238 0.000226582 0.999996 0.00286404 -0.000194539 -0.00286396 0.999996 -0.0546736 -0.0276867 0.0319028
FixedParameters: 0 0 0

#Transform 29
Transform: AffineTransform_float_3_3
Parameters: 1 -0.00022325 0.000290268 0.000221907 0.999998 0.00231007 -0.000291296 -0.00230994 0.999998 -0.0599449 -0.0120982 0.025039
FixedParameters: 0 0 0

#Transform 30
Transform: AffineTransform_float_3_3
Parameters: 1 0.000169558 0.00041184 -0.000170543 0.999997 0.00235093 -0.000412086 -0.00235107 0.999997 -0.0509261 -0.0276351 0.0204941
FixedParameters: 0 0 0

#Transform 31
Transform: AffineTransform_float_3_3
Parameters: 0.999999 0.000591882 0.000517914 -0.000593045 0.999997 0.00204469 -0.000516537 -0.00204531 0.999998 -0.0461471 -0.0419655 0.0511273
FixedParameters: 0 0 0

#Transform 32
Transform: AffineTransform_float_3_3
Parameters: 0.999999 0.000575302 0.000760219 -0.00057739 0.999997 0.00262656 -0.000759283 -0.00262744 0.999997 -0.0558488 -0.045167 0.0503316
FixedParameters: 0 0 0

#Transform 33
Transform: AffineTransform_float_3_3
Parameters: 0.999999 0.000559994 0.000663815 -0.000561604 0.999997 0.00264763 -0.000662937 -0.00264837 0.999997 -0.0517351 -0.0181516 0.0677351
FixedParameters: 0 0 0

#Transform 34
Transform: AffineTransform_float_3_3
Parameters: 1 0.00047469 0.000419732 -0.000474806 0.999999 0.0012718 -0.00041957 -0.0012722 0.999999 -0.0635425 -0.0227698 0.0471085
FixedParameters: 0 0 0

#Transform 35
Transform: AffineTransform_float_3_3
Parameters: 1 0.000488925 -7.84348e-05 -0.000488771 0.999999 0.00128304 7.86903e-05 -0.00128296 0.999999 -0.0517408 -0.0320474 0.0378362
FixedParameters: 0 0 0

#Transform 36
Transform: AffineTransform_float_3_3
Parameters: 0.999999 0.000832553 -9.4275e-05 -0.000832382 0.999999 0.00114708 9.51858e-05 -0.00114692 1 -0.0448445 -0.0298023 -0.103279
FixedParameters: 0 0 0

#Transform 37
Transform: AffineTransform_float_3_3
Parameters: 1 0.0010564 0.000558716 -0.00105739 0.999998 0.00169841 -0.000557171 -0.00169859 0.999999 -0.0503788 -0.0821952 -0.0696071
FixedParameters: 0 0 0

#Transform 38
Transform: AffineTransform_float_3_3
Parameters: 0.999999 0.000669433 0.00032387 -0.000670444 0.999998 0.00149178 -0.00032287 -0.00149122 0.999999 -0.0471062 -0.0422853 -0.062603
FixedParameters: 0 0 0

#Transform 39
Transform: AffineTransform_float_3_3
Parameters: 1 0.00114585 0.000295452 -0.00114541 0.999999 0.000866613 -0.000294512 -0.000866387 0.999999 -0.0380677 -0.00904417 -0.0684422
FixedParameters: 0 0 0

#Transform 40
Transform: AffineTransform_float_3_3
Parameters: 1 0.00102948 0.000577539 -0.00103001 0.999998 0.0012834 -0.000575941 -0.0012836 0.999999 -0.050541 -0.0215657 -0.0595095
FixedParameters: 0 0 0

#Transform 41
Transform: AffineTransform_float_3_3
Parameters: 0.999999 0.00155848 0.000582524 -0.00155881 0.999998 -0.000570958 -0.000584255 0.000570041 0.999999 -0.0422072 0.0218664 0.0181514
FixedParameters: 0 0 0

#Transform 42
Transform: AffineTransform_float_3_3
Parameters: 0.999998 0.00137919 0.000923183 -0.00137959 0.999999 0.000736725 -0.000922194 -0.000738275 1 -0.0484795 -0.00552805 -0.00612253
FixedParameters: 0 0 0

#Transform 43
Transform: AffineTransform_float_3_3
Parameters: 0.999999 0.00155822 0.00059556 -0.00155915 0.999998 0.00074307 -0.000594241 -0.000743929 1 -0.0353257 0.00542649 -0.00240248
FixedParameters: 0 0 0

#Transform 44
Transform: AffineTransform_float_3_3
Parameters: 0.999999 0.00122322 0.0007289 -0.00122299 0.999999 0.00049306 -0.000728739 -0.000493941 0.999999 -0.0487258 0.0148523 -0.038348
FixedParameters: 0 0 0

#Transform 45
Transform: AffineTransform_float_3_3
Parameters: 0.999999 0.00123006 0.000895668 -0.0012308 0.999999 0.000412896 -0.000894651 -0.000414103 1 -0.0453001 0.0182408 -0.00585828
FixedParameters: 0 0 0

#Transform 46
Transform: AffineTransform_float_3_3
Parameters: 0.999999 0.000935145 0.000884467 -0.000935067 1 0.000493174 -0.000884589 -0.000494828 1 -0.0448805 0.0156596 0.0267104
FixedParameters: 0 0 0

#Transform 47
Transform: AffineTransform_float_3_3
Parameters: 0.999999 0.00115129 0.000664991 -0.00115173 1 0.000327187 -0.000664235 -0.000328812 0.999999 -0.0343743 0.0385455 0.0187443
FixedParameters: 0 0 0

#Transform 48
Transform: AffineTransform_float_3_3
Parameters: 0.999999 0.00131396 0.000375012 -0.00131421 0.999999 0.000272458 -0.000375295 -0.000272543 1 -0.023652 0.023123 0.0364294
FixedParameters: 0 0 0

#Transform 49
Transform: AffineTransform_float_3_3
Parameters: 0.999999 0.00132068 0.000519998 -0.00132112 0.999999 0.000382264 -0.000519987 -0.000382736 1 -0.0344964 0.0206219 0.038315
FixedParameters: 0 0 0

#Transform 50
Transform: AffineTransform_float_3_3
Parameters: 0.999999 0.00131753 0.000450868 -0.00131774 0.999999 0.000226357 -0.000450271 -0.000226643 1 -0.0282838 0.0244884 0.0422523
FixedParameters: 0 0 0

#Transform 51
Transform: AffineTransform_float_3_3
Parameters: 0.999999 0.00132752 0.000661393 -0.00132758 0.999999 4.20728e-05 -0.00066128 -4.29271e-05 1 -0.0302784 0.0544069 0.0154896
FixedParameters: 0 0 0

#Transform 52
Transform: AffineTransform_float_3_3
Parameters: 0.999999 0.00145051 0.000613339 -0.00145037 0.999999 -0.000116939 -0.000613676 0.000116061 1 -0.0263672 0.0289598 -0.0232121
FixedParameters: 0 0 0

#Transform 53
Transform: AffineTransform_float_3_3
Parameters: 0.999998 0.00176827 0.000645679 -0.00176833 0.999999 4.176e-05 -0.00064553 -4.22399e-05 0.999999 -0.0170708 0.0255089 0.00774427
FixedParameters: 0 0 0

#Transform 54
Transform: AffineTransform_float_3_3
Parameters: 0.999999 0.00139806 0.000525261 -0.00139836 0.999999 0.000283217 -0.000524468 -0.000283783 1 -0.0393301 0.0285823 0.0227925
FixedParameters: 0 0 0

#Transform 55
Transform: AffineTransform_float_3_3
Parameters: 0.999998 0.00164888 0.000514393 -0.00164908 0.999998 0.000198103 -0.000513739 -0.000198896 1 -0.0318402 0.0244356 0.0517913
FixedParameters: 0 0 0

#Transform 56
Transform: AffineTransform_float_3_3
Parameters: 0.999999 0.00181434 0.000429727 -0.00181411 0.999999 -0.000264876 -0.000430687 0.000264123 1 -0.0278492 0.033682 0.0317301
FixedParameters: 0 0 0

#Transform 57
Transform: AffineTransform_float_3_3
Parameters: 0.999998 0.00182387 0.000630404 -0.00182447 0.999999 -0.000319247 -0.000631519 0.000317753 0.999999 -0.0327159 0.0343515 0.0213752
FixedParameters: 0 0 0

#Transform 58
Transform: AffineTransform_float_3_3
Parameters: 0.999998 0.00232721 5.47854e-05 -0.00232712 0.999997 -0.000386269 -5.55831e-05 0.000385731 1 -0.0216806 0.0218003 0.0290611
FixedParameters: 0 0 0

#Transform 59
Transform: AffineTransform_float_3_3
Parameters: 0.999998 0.00193135 0.000127308 -0.00193098 0.999997 -0.0010713 -0.000129448 0.0010717 1 -0.0269937 0.0340689 0.0517266
FixedParameters: 0 0 0

#Transform 60
Transform: AffineTransform_float_3_3
Parameters: 0.999999 0.00127871 0.000448329 -0.00127918 0.999998 0.00153738 -0.000446441 -0.00153762 0.999998 -0.0237684 -0.00463822 0.0733753
FixedParameters: 0 0 0

#Transform 61
Transform: AffineTransform_float_3_3
Parameters: 1 0.00103318 0.000171809 -0.00103324 1 0.000173776 -0.000171449 -0.000174224 1 -0.016818 -0.0202601 0.0470161
FixedParameters: 0 0 0

#Transform 62
Transform: AffineTransform_float_3_3
Parameters: 0.999999 0.00141622 0.000555003 -0.00141603 0.999999 0.000685165 -0.000554107 -0.000685834 0.999999 -0.0353481 0.0298401 0.0209853
FixedParameters: 0 0 0

#Transform 63
Transform: AffineTransform_float_3_3
Parameters: 0.999999 0.00140499 0.000313373 -0.00140452 0.999998 0.000763511 -0.000312273 -0.000763488 0.999999 -0.0296903 0.003034 0.0358464
FixedParameters: 0 0 0

#Transform 64
Transform: AffineTransform_float_3_3
Parameters: 0.999998 0.00143286 0.000902885 -0.00143216 0.999999 0.000166656 -0.000902454 -0.000167345 0.999999 -0.0634319 0.0239286 0.0417292
FixedParameters: 0 0 0

#Transform 65
Transform: AffineTransform_float_3_3
Parameters: 0.999999 0.00167647 0.000620149 -0.00167746 0.999999 0.00076291 -0.000618589 -0.00076309 1 -0.0307552 0.0340568 0.0371495
FixedParameters: 0 0 0

#Transform 66
Transform: AffineTransform_float_3_3
Parameters: 0.999999 0.00176643 0.000614698 -0.00176721 0.999999 0.000598816 -0.00061358 -0.000599183 0.999999 -0.0285933 0.0212456 0.0416925
FixedParameters: 0 0 0

#Transform 67
Transform: AffineTransform_float_3_3
Parameters: 0.999998 0.00170235 0.000141504 -0.00170268 0.999999 0.000801664 -0.000140773 -0.000801337 0.999999 -0.0185975 0.0153799 0.0388199
FixedParameters: 0 0 0

#Transform 68
Transform: AffineTransform_float_3_3
Parameters: 0.999999 0.00147136 0.000255297 -0.00147187 0.999998 0.000801575 -0.000254936 -0.000801425 0.999999 -0.0295416 0.0349862 0.128906
FixedParameters: 0 0 0

#Transform 69
Transform: AffineTransform_float_3_3
Parameters: 0.999998 0.00148113 0.000720717 -0.00148279 0.999998 0.00175089 -0.000718569 -0.00175212 0.999998 -0.0415396 0.0418014 0.122344
FixedParameters: 0 0 0

#Transform 70
Transform: AffineTransform_float_3_3
Parameters: 0.999998 0.00170233 0.000141829 -0.0017027 0.999998 0.000992663 -0.000140448 -0.000992336 0.999999 -0.0184845 0.0808097 0.0503263
FixedParameters: 0 0 0

#Transform 71
Transform: AffineTransform_float_3_3
Parameters: 0.999998 0.00170641 0.000224087 -0.00170642 0.999998 2.35707e-05 -0.000224005 -2.44292e-05 1 -0.02367 0.0642588 0.0766084
FixedParameters: 0 0 0

#Transform 72
Transform: AffineTransform_float_3_3
Parameters: 0.999998 0.00149811 0.000566632 -0.00149847 0.999999 0.000283102 -0.000566781 -0.000283899 1 -0.0337107 0.0419559 0.10531
FixedParameters: 0 0 0

#Transform 73
Transform: AffineTransform_float_3_3
Parameters: 0.999998 0.00159432 0.000224206 -0.00159429 0.999998 -6.94067e-05 -0.000224427 6.95931e-05 1 -0.0254823 0.0678487 0.0975114
FixedParameters: 0 0 0

#Transform 74
Transform: AffineTransform_float_3_3
Parameters: 0.999998 0.00170254 0.000139296 -0.00170235 0.999999 -0.000495332 -0.000139983 0.000494669 1 -0.021826 0.0901585 0.0830082
FixedParameters: 0 0 0

#Transform 75
Transform: AffineTransform_float_3_3
Parameters: 0.999998 0.00170263 0.000138137 -0.00170321 0.999998 -0.00117629 -0.000140099 0.00117671 1 -0.0378728 0.0750702 0.0894604
FixedParameters: 0 0 0

#Transform 76
Transform: AffineTransform_float_3_3
Parameters: 0.999998 0.00169935 7.02158e-05 -0.00170009 0.999998 -0.00117617 -7.21688e-05 0.00117583 1 -0.0205707 0.0861811 0.0907809
FixedParameters: 0 0 0

#Transform 77
Transform: AffineTransform_float_3_3
Parameters: 0.999999 0.00179872 -0.000354142 -0.00180017 0.999995 -0.00232141 0.000349783 0.00232159 0.999998 -0.0185951 0.144319 0.114806
FixedParameters: 0 0 0

#Transform 78
Transform: AffineTransform_float_3_3
Parameters: 0.999998 0.00198717 -0.000287232 -0.0019885 0.999994 -0.00276053 0.00028125 0.00276147 0.999996 -0.0190528 0.132424 0.108678
FixedParameters: 0 0 0

#Transform 79
Transform: AffineTransform_float_3_3
Parameters: 0.999998 0.00179705 -0.00076382 -0.0017994 0.999994 -0.00300968 0.000757894 0.00301132 0.999995 -0.000561303 0.146432 0.171376
FixedParameters: 0 0 0

#Transform 80
Transform: AffineTransform_float_3_3
Parameters: 0.999998 0.00176919 -0.000762185 -0.00177133 0.999995 -0.00287675 0.000756897 0.00287825 0.999995 -0.00206555 0.163806 0.133267
FixedParameters: 0 0 0

#Transform 81
Transform: AffineTransform_float_3_3
Parameters: 0.999998 0.00164765 -0.000963991 -0.00165165 0.999994 -0.00324046 0.000958199 0.00324154 0.999995 0.00735175 0.156467 0.108703
FixedParameters: 0 0 0

#Transform 82
Transform: AffineTransform_float_3_3
Parameters: 0.999998 0.00163962 -0.00112655 -0.00164331 0.999994 -0.0030982 0.00112223 0.0030998 0.999994 0.000151984 0.157549 0.132438
FixedParameters: 0 0 0

#Transform 83
Transform: AffineTransform_float_3_3
Parameters: 0.999998 0.00163076 -0.0012921 -0.00163567 0.999993 -0.00356194 0.00128627 0.00356406 0.999993 0.00184867 0.164631 0.144087
FixedParameters: 0 0 0

#Transform 84
Transform: AffineTransform_float_3_3
Parameters: 0.999998 0.00161094 -0.00169215 -0.00161684 0.999993 -0.00329127 0.00168628 0.00329473 0.999993 0.0243158 0.173218 0.116248
FixedParameters: 0 0 0

#Transform 85
Transform: AffineTransform_float_3_3
Parameters: 0.999998 0.00163278 -0.00128955 -0.00163578 0.999996 -0.00199689 0.00128592 0.00199911 0.999997 -0.00116514 0.122356 0.122064
FixedParameters: 0 0 0

#Transform 86
Transform: AffineTransform_float_3_3
Parameters: 0.999997 0.00204869 -0.00179435 -0.00205236 0.999996 -0.00190936 0.00179036 0.00191264 0.999996 0.0196445 0.138752 0.103979
FixedParameters: 0 0 0

#Transform 87
Transform: AffineTransform_float_3_3
Parameters: 0.999996 0.00186307 -0.00178399 -0.00186444 0.999998 -0.00126272 0.00178214 0.00126628 0.999997 0.0034367 0.0930139 0.100587
FixedParameters: 0 0 0

#Transform 88
Transform: AffineTransform_float_3_3
Parameters: 0.999998 0.00163372 -0.00128836 -0.00163589 0.999998 -0.00126889 0.00128616 0.00127111 0.999999 0.0129004 0.12086 0.0987742
FixedParameters: 0 0 0

#Transform 89
Transform: AffineTransform_float_3_3
Parameters: 0.999998 0.00188075 -0.000680517 -0.00188166 0.999995 -0.00228577 0.000675816 0.00228723 0.999997 0.00314892 0.138331 0.0886868
FixedParameters: 0 0 0

#Transform 90
Transform: AffineTransform_float_3_3
Parameters: 0.999998 0.00183915 -0.000534272 -0.00183986 0.999997 -0.00174007 0.000530818 0.00174093 0.999999 -0.00555773 0.124552 0.114448
FixedParameters: 0 0 0

#Transform 91
Transform: AffineTransform_float_3_3
Parameters: 0.999997 0.00192511 -0.000892562 -0.00192749 0.999994 -0.00259133 0.000887477 0.00259267 0.999997 0.00859306 0.14623 0.150959
FixedParameters: 0 0 0

#Transform 92
Transform: AffineTransform_float_3_3
Parameters: 0.999997 0.0020182 -0.000659092 -0.00202068 0.999991 -0.00366577 0.000651184 0.00366623 0.999993 -0.00980974 0.168426 0.172134
FixedParameters: 0 0 0

#Transform 93
Transform: AffineTransform_float_3_3
Parameters: 0.999997 0.00231011 -0.000702079 -0.00231344 0.999988 -0.00415348 0.000692768 0.00415452 0.999991 0.0187357 0.18553 0.136256
FixedParameters: 0 0 0

#Transform 94
Transform: AffineTransform_float_3_3
Parameters: 0.999996 0.00283575 -0.000291011 -0.00283781 0.999985 -0.00471038 0.000277271 0.00471062 0.999989 0.0242629 0.185817 0.156273
FixedParameters: 0 0 0

#Transform 95
Transform: AffineTransform_float_3_3
Parameters: 0.999996 0.00284209 -0.00016862 -0.00284294 0.999986 -0.00451572 0.000155932 0.00451627 0.99999 0.0213965 0.179387 0.198237
FixedParameters: 0 0 0

#Transform 96
Transform: AffineTransform_float_3_3
Parameters: 0.999996 0.00285015 -1.68117e-05 -0.0028504 0.999977 -0.00626417 -8.69859e-07 0.00626384 0.999981 0.0179434 0.230285 0.20039
FixedParameters: 0 0 0

#Transform 97
Transform: AffineTransform_float_3_3
Parameters: 0.999996 0.00300701 -0.000248434 -0.00300921 0.999974 -0.00657547 0.000228852 0.00657553 0.999979 0.0272324 0.21531 0.18411
FixedParameters: 0 0 0

#Transform 98
Transform: AffineTransform_float_3_3
Parameters: 0.999996 0.00283565 -0.000291972 -0.00283687 0.999983 -0.00504938 0.000277263 0.00505062 0.999987 0.0197205 0.193563 0.193653
FixedParameters: 0 0 0

#Transform 99
Transform: AffineTransform_float_3_3
Parameters: 0.999996 0.00285349 4.66579e-05 -0.00285302 0.999977 -0.00606834 -6.42572e-05 0.00606765 0.999981 0.0164526 0.228522 0.215029
FixedParameters: 0 0 0

#Transform 100
Transform: AffineTransform_float_3_3
Parameters: 0.999996 0.00285015 -1.67548e-05 -0.00285044 0.999977 -0.00624421 -1.81188e-06 0.00624379 0.99998 0.0178903 0.232331 0.209941
FixedParameters: 0 0 0

#Transform 101
Transform: AffineTransform_float_3_3
Parameters: 0.999996 0.00285478 7.01214e-05 -0.00285495 0.999977 -0.00624446 -8.76992e-05 0.00624354 0.99998 0.0158706 0.216515 0.200644
FixedParameters: 0 0 0

#Transform 102
Transform: AffineTransform_float_3_3
Parameters: 0.999996 0.00285122 2.23315e-06 -0.00285117 0.999974 -0.00658923 -2.07835e-05 0.00658978 0.999979 0.0174306 0.222519 0.235448
FixedParameters: 0 0 0

#Transform 103
Transform: AffineTransform_float_3_3
Parameters: 0.999996 0.00277427 -0.000293223 -0.00277619 0.999974 -0.0066444 0.000274273 0.0066456 0.999978 0.022907 0.232679 0.237523
FixedParameters: 0 0 0

#Transform 104
Transform: AffineTransform_float_3_3
Parameters: 0.999996 0.00283877 -0.000229626 -0.00284081 0.999974 -0.00665656 0.000210795 0.00665744 0.999978 0.0180361 0.223115 0.224675
FixedParameters: 0 0 0

#Transform 105
Transform: AffineTransform_float_3_3
Parameters: 0.999996 0.00285745 0.000122083 -0.00285712 0.999978 -0.00588256 -0.000138624 0.00588243 0.999982 -0.00464641 0.20846 0.239796
FixedParameters: 0 0 0

#Transform 106
Transform: AffineTransform_float_3_3
Parameters: 0.999997 0.00250524 5.13207e-05 -0.00250483 0.999979 -0.00599729 -6.6336e-05 0.00599671 0.999982 -0.00437055 0.214001 0.259233
FixedParameters: 0 0 0

#Transform 107
Transform: AffineTransform_float_3_3
Parameters: 0.999997 0.0026349 -0.000128614 -0.00263673 0.999971 -0.00706282 0.000109407 0.00706317 0.999975 0.00403257 0.25465 0.26866
FixedParameters: 0 0 0

#Transform 108
Transform: AffineTransform_float_3_3
Parameters: 0.999996 0.00285602 8.98397e-05 -0.00285568 0.999971 -0.00703248 -0.000109936 0.00703253 0.999975 -0.00131229 0.238493 0.260544
FixedParameters: 0 0 0

#Transform 109
Transform: AffineTransform_float_3_3
Parameters: 0.999996 0.00285251 2.5611e-05 -0.00285213 0.999973 -0.00679529 -4.53513e-05 0.00679571 0.999977 1.3203e-05 0.2338 0.268101
FixedParameters: 0 0 0

#Transform 110
Transform: AffineTransform_float_3_3
Parameters: 0.999996 0.00298886 -0.000305691 -0.00299099 0.999972 -0.00695735 0.000285015 0.00695765 0.999976 0.00603685 0.232313 0.27953
FixedParameters: 0 0 0

#Transform 111
Transform: AffineTransform_float_3_3
Parameters: 0.999996 0.00283499 -0.000298318 -0.0028372 0.99997 -0.00728738 0.000277908 0.00728864 0.999974 -0.015039 0.260425 0.298146
FixedParameters: 0 0 0

#Transform 112
Transform: AffineTransform_float_3_3
Parameters: 0.999996 0.0028525 2.65095e-05 -0.00285214 0.999975 -0.00648029 -4.44529e-05 0.00648071 0.999979 -0.00698679 0.263992 0.266222
FixedParameters: 0 0 0

#Transform 113
Transform: AffineTransform_float_3_3
Parameters: 0.999996 0.00283491 -0.000299081 -0.00283728 0.999968 -0.00755637 0.000277148 0.00755664 0.999972 -0.00543125 0.278342 0.291415
FixedParameters: 0 0 0

#Transform 114
Transform: AffineTransform_float_3_3
Parameters: 0.999994 0.00337027 -0.000432596 -0.00337385 0.999961 -0.00817982 0.000404297 0.00818218 0.999967 -0.00668215 0.291281 0.251323
FixedParameters: 0 0 0

#Transform 115
Transform: AffineTransform_float_3_3
Parameters: 0.999994 0.00341862 -0.000282029 -0.00342079 0.999958 -0.00847037 0.000253016 0.00847064 0.999964 -0.0118584 0.298014 0.261275
FixedParameters: 0 0 0

#Transform 116
Transform: AffineTransform_float_3_3
Parameters: 0.999995 0.00315885 -0.000382064 -0.00316136 0.999966 -0.00761606 0.000357802 0.00761793 0.999971 -0.0201397 0.285421 0.314593
FixedParameters: 0 0 0

#Transform 117
Transform: AffineTransform_float_3_3
Parameters: 0.999995 0.0018265 -0.00282207 -0.00183659 0.999991 -0.00361873 0.00281533 0.00362327 0.999989 0.0571333 0.186519 0.329647
FixedParameters: 0 0 0

#Transform 118
Transform: AffineTransform_float_3_3
Parameters: 0.999996 0.00175861 -0.00229823 -0.00176756 0.999992 -0.0037599 0.00229158 0.0037641 0.999991 0.0402084 0.211656 0.229077
FixedParameters: 0 0 0

#Transform 119
Transform: AffineTransform_float_3_3
Parameters: 0.999995 0.00213357 -0.00228638 -0.00214165 0.999991 -0.00382011 0.0022776 0.00382489 0.99999 0.0376311 0.200559 0.266951
FixedParameters: 0 0 0

#Transform 120
Transform: AffineTransform_float_3_3
Parameters: 0.999995 0.00213275 -0.00228714 -0.00214142 0.999989 -0.00417611 0.0022778 0.00418089 0.999989 0.0277614 0.217898 0.299335
FixedParameters: 0 0 0

#Transform 121
Transform: AffineTransform_float_3_3
Parameters: 0.999996 0.00190035 -0.0022996 -0.00191213 0.999987 -0.00484261 0.00229065 0.00484639 0.999985 0.0254453 0.245606 0.299845
FixedParameters: 0 0 0

#Transform 122
Transform: AffineTransform_float_3_3
Parameters: 0.999995 0.00225506 -0.00194566 -0.00226454 0.999986 -0.00490266 0.00193505 0.00490735 0.999986 0.0238583 0.25398 0.272191
FixedParameters: 0 0 0

#Transform 123
Transform: AffineTransform_float_3_3
Parameters: 0.999996 0.00215385 -0.00184655 -0.00216287 0.999985 -0.00502807 0.0018354 0.00503293 0.999985 0.0133322 0.228614 0.304678
FixedParameters: 0 0 0

#Transform 124
Transform: AffineTransform_float_3_3
Parameters: 0.999995 0.00214291 -0.00204307 -0.0021533 0.999983 -0.00539366 0.00203235 0.00539834 0.999983 0.0169699 0.250882 0.322496
FixedParameters: 0 0 0

#Transform 125
Transform: AffineTransform_float_3_3
Parameters: 0.999996 0.00214877 -0.00191432 -0.00215965 0.99998 -0.00589093 0.0019014 0.00589507 0.999981 0.00867196 0.261468 0.295049
FixedParameters: 0 0 0

#Transform 126
Transform: AffineTransform_float_3_3
Parameters: 0.999995 0.00266354 -0.00155308 -0.00267421 0.999975 -0.00663601 0.0015352 0.00663999 0.999977 0.0135692 0.265093 0.288636
FixedParameters: 0 0 0

#Transform 127
Transform: AffineTransform_float_3_3
Parameters: 0.999996 0.00267168 -0.00146639 -0.00268119 0.999976 -0.00627118 0.00144941 0.00627581 0.99998 0.00945182 0.266792 0.27872
FixedParameters: 0 0 0

#Transform 128
Transform: AffineTransform_float_3_3
Parameters: 0.999995 0.00280683 -0.00147491 -0.00281665 0.999974 -0.00672402 0.00145564 0.00672799 0.999977 0.00714138 0.283313 0.327174
FixedParameters: 0 0 0

#Transform 129
Transform: AffineTransform_float_3_3
Parameters: 0.999995 0.00297951 -0.00148639 -0.00299044 0.999967 -0.00744173 0.00146346 0.00744627 0.999972 0.0129216 0.322703 0.323119
FixedParameters: 0 0 0

#Transform 130
Transform: AffineTransform_float_3_3
Parameters: 0.999994 0.00313932 -0.00149499 -0.00315023 0.999968 -0.00740656 0.00147089 0.00741144 0.999971 0.0153819 0.311421 0.314728
FixedParameters: 0 0 0

#Transform 131
Transform: AffineTransform_float_3_3
Parameters: 0.999995 0.00310873 -0.00131432 -0.0031176 0.999972 -0.00685917 0.0012932 0.00686283 0.999975 0.0129463 0.28466 0.338412
FixedParameters: 0 0 0

#Transform 132
Transform: AffineTransform_float_3_3
Parameters: 0.999994 0.00305806 -0.00149136 -0.00306862 0.999966 -0.00766064 0.00146787 0.00766535 0.999969 0.021077 0.320751 0.339561
FixedParameters: 0 0 0

#Transform 133
Transform: AffineTransform_float_3_3
Parameters: 0.999994 0.00269429 -0.00181885 -0.00270764 0.99997 -0.0072602 0.00179903 0.0072648 0.999972 0.020916 0.342543 0.299693
FixedParameters: 0 0 0

#Transform 134
Transform: AffineTransform_float_3_3
Parameters: 0.999995 0.00218639 -0.00219892 -0.00219728 0.999985 -0.00511323 0.00218796 0.00511777 0.999984 0.0184091 0.27043 0.297304
FixedParameters: 0 0 0

#Transform 135
Transform: AffineTransform_float_3_3
Parameters: 0.999994 0.00258149 -0.00199933 -0.00259514 0.999975 -0.00663893 0.00198137 0.00664407 0.999976 0.0226697 0.319834 0.309609
FixedParameters: 0 0 0

#Transform 136
Transform: AffineTransform_float_3_3
Parameters: 0.999995 0.00258918 -0.00185742 -0.00260175 0.999975 -0.00659528 0.00184063 0.00660071 0.999976 0.0194212 0.309312 0.293247
FixedParameters: 0 0 0

#Transform 137
Transform: AffineTransform_float_3_3
Parameters: 0.999997 0.00230808 -0.000768079 -0.00231255 0.999974 -0.00671933 0.000752776 0.00672067 0.999977 0.110631 0.275376 0.329806
FixedParameters: 0 0 0

#Transform 138
Transform: AffineTransform_float_3_3
Parameters: 0.999995 0.00279439 0.0018917 -0.0027787 0.999959 -0.00856236 -0.00191558 0.00855664 0.999962 0.0247172 0.281953 0.317353
FixedParameters: 0 0 0

#Transform 139
Transform: AffineTransform_float_3_3
Parameters: 0.999994 0.0031253 0.00146427 -0.00311343 0.999963 -0.00803276 -0.00148978 0.00802824 0.999967 0.0120373 0.293723 0.342414
FixedParameters: 0 0 0

#Transform 140
Transform: AffineTransform_float_3_3
Parameters: 0.999993 0.00333889 0.00122939 -0.00332843 0.999955 -0.00887839 -0.001259 0.00887361 0.999959 0.0114984 0.329508 0.344335
FixedParameters: 0 0 0

#Transform 141
Transform: AffineTransform_float_3_3
Parameters: 0.999992 0.00360819 0.00138177 -0.00359516 0.999952 -0.00911129 -0.00141376 0.00910672 0.999958 0.0129902 0.321296 0.345857
FixedParameters: 0 0 0

#Transform 142
Transform: AffineTransform_float_3_3
Parameters: 0.999993 0.00351531 0.00111335 -0.00350551 0.999957 -0.00859121 -0.00114317 0.0085878 0.999963 0.0197814 0.331308 0.337106
FixedParameters: 0 0 0

#Transform 143
Transform: AffineTransform_float_3_3
Parameters: 0.999993 0.00367491 0.000827127 -0.00366648 0.999955 -0.00884139 -0.000859686 0.00883862 0.999961 0.0100749 0.309097 0.387666
FixedParameters: 0 0 0

#Transform 144
Transform: AffineTransform_float_3_3
Parameters: 0.999993 0.00349307 0.00116429 -0.00348436 0.999963 -0.00782331 -0.00119138 0.00781969 0.999969 0.0086091 0.289144 0.358564
FixedParameters: 0 0 0

#Transform 145
Transform: AffineTransform_float_3_3
Parameters: 0.999992 0.00395425 0.000363119 -0.00395122 0.999956 -0.00850688 -0.000397166 0.00850511 0.999963 0.00629312 0.289382 0.377336
FixedParameters: 0 0 0

#Transform 146
Transform: AffineTransform_float_3_3
Parameters: 0.999991 0.00423153 0.000317779 -0.0042285 0.999949 -0.00919185 -0.000356345 0.00919014 0.999957 0.0138465 0.313115 0.375843
FixedParameters: 0 0 0

#Transform 147
Transform: AffineTransform_float_3_3
Parameters: 0.999989 0.00466575 0.000461845 -0.00466113 0.999942 -0.00978979 -0.000507865 0.00978722 0.999952 0.020323 0.325344 0.345989
FixedParameters: 0 0 0

#Transform 148
Transform: AffineTransform_float_3_3
Parameters: 0.999989 0.00466751 0.000494321 -0.00466239 0.999943 -0.00967694 -0.00053932 0.00967507 0.999953 0.0127982 0.32164 0.363728
FixedParameters: 0 0 0

#Transform 149
Transform: AffineTransform_float_3_3
Parameters: 0.99999 0.00458239 0.000675691 -0.00457626 0.999946 -0.00940068 -0.0007184 0.00939734 0.999956 0.00595731 0.322148 0.384698
FixedParameters: 0 0 0

#Transform 150
Transform: AffineTransform_float_3_3
Parameters: 0.99999 0.00444504 0.00074944 -0.00443731 0.999939 -0.0101089 -0.000793797 0.0101051 0.999949 5.95514e-05 0.358544 0.370756
FixedParameters: 0 0 0

#Transform 151
Transform: AffineTransform_float_3_3
Parameters: 0.999989 0.00446894 0.000840596 -0.00446001 0.999942 -0.00979829 -0.000884649 0.00979472 0.999952 0.00175262 0.338359 0.355262
FixedParameters: 0 0 0
