# transform file /out/sourcedata/freesurfer/sub-v2s3x28847_ses-1/mri/transforms/cc_up.lta
# created by oesteban on Fri Mar 13 04:53:38 2026

type      = 0 # LINEAR_VOX_TO_VOX
nxforms   = 1
mean      = 129.0000 90.0000 119.0000
sigma     = 10000.0000
1 4 4
9.975293874740601e-01 2.937196195125580e-02 6.381544470787048e-02 -8.505119323730469e+00 
-2.931204065680504e-02 9.995685815811157e-01 -1.875193789601326e-03 5.697877120971680e+01 
-6.384298205375671e-02 0.000000000000000e+00 9.979599118232727e-01 2.136040306091309e+01 
0.000000000000000e+00 0.000000000000000e+00 0.000000000000000e+00 1.000000000000000e+00 
src volume info
valid = 1  # volume info valid
filename = /out/sourcedata/freesurfer/sub-v2s3x28847_ses-1/mri/norm.mgz
volume = 256 256 256
voxelsize = 1.000000000000000e+00 1.000000000000000e+00 1.000000000000000e+00
xras   = -1.000000000000000e+00 0.000000000000000e+00 0.000000000000000e+00
yras   = 0.000000000000000e+00 0.000000000000000e+00 -1.000000000000000e+00
zras   = 0.000000000000000e+00 1.000000000000000e+00 0.000000000000000e+00
cras   = -1.082000732421875e-01 3.816346740722656e+01 -1.480555725097656e+01
dst volume info
valid = 1  # volume info valid
filename = /out/sourcedata/freesurfer/sub-v2s3x28847_ses-1/mri/norm.mgz
volume = 256 256 256
voxelsize = 1.000000000000000e+00 1.000000000000000e+00 1.000000000000000e+00
xras   = -1.000000000000000e+00 0.000000000000000e+00 0.000000000000000e+00
yras   = 0.000000000000000e+00 0.000000000000000e+00 -1.000000000000000e+00
zras   = 0.000000000000000e+00 1.000000000000000e+00 0.000000000000000e+00
cras   = -1.082000732421875e-01 3.816346740722656e+01 -1.480555725097656e+01
