#Insight Transform File V1.0
#Transform 0
Transform: AffineTransform_float_3_3
Parameters: 0.999999 -0.000883344 -2.67176e-05 0.000883381 1 0.000719883 2.54455e-05 -0.000720116 0.999999 0.0392265 -0.0944254 -0.036638
FixedParameters: 0 0 0

#Transform 1
Transform: AffineTransform_float_3_3
Parameters: 1 -0.000622005 5.04858e-05 0.000621972 1 0.000328031 -5.08938e-05 -0.000327968 1 0.0308101 -0.0805888 -0.0461851
FixedParameters: 0 0 0

#Transform 2
Transform: AffineTransform_float_3_3
Parameters: 0.999999 -0.000845149 0.000379017 0.00084615 0.999999 0.000117321 -0.000378313 -0.00011668 1 0.0119201 -0.0892632 -0.0557577
FixedParameters: 0 0 0

#Transform 3
Transform: AffineTransform_float_3_3
Parameters: 0.999999 -0.000886392 -6.00116e-05 0.00088663 0.999999 0.00121395 5.88548e-05 -0.00121405 1 0.0313966 -0.134961 -0.0861898
FixedParameters: 0 0 0

#Transform 4
Transform: AffineTransform_float_3_3
Parameters: 0.999999 -0.000886467 -5.88867e-05 0.000887456 0.999999 -5.50611e-05 5.88912e-05 5.5939e-05 1 0.0373804 -0.0439461 -0.0783877
FixedParameters: 0 0 0

#Transform 5
Transform: AffineTransform_float_3_3
Parameters: 1 -0.000571891 0.000124105 0.000571899 1 0.000346071 -0.000123505 -0.000345929 1 0.0461255 -0.0913334 -0.0648518
FixedParameters: 0 0 0

#Transform 6
Transform: AffineTransform_float_3_3
Parameters: 1 -0.000580423 0.000246557 0.000580347 1 0.000154143 -0.000246736 -0.000153857 1 0.0341084 -0.0263067 -0.0643968
FixedParameters: 0 0 0

#Transform 7
Transform: AffineTransform_float_3_3
Parameters: 0.999999 -0.000807808 0.000944167 0.000808947 0.999999 -0.00118023 -0.00094316 0.00118077 0.999999 0.0171663 -0.0311749 -0.0397357
FixedParameters: 0 0 0

#Transform 8
Transform: AffineTransform_float_3_3
Parameters: 1 -0.000426755 -2.02299e-05 0.000426779 0.999999 0.000600991 1.97169e-05 -0.000601008 1 0.0630567 -0.10124 -0.000708257
FixedParameters: 0 0 0

#Transform 9
Transform: AffineTransform_float_3_3
Parameters: 0.999999 -8.25312e-06 -0.00133239 5.26463e-06 0.999998 -0.002243 0.00133214 0.002242 0.999996 0.135579 0.0257086 0.0416932
FixedParameters: 0 0 0

#Transform 10
Transform: AffineTransform_float_3_3
Parameters: 0.999998 -0.000904741 -0.00170273 0.000898641 0.999992 -0.00375236 0.00170585 0.00375064 0.999992 0.125319 0.0632626 -0.000111345
FixedParameters: 0 0 0

#Transform 11
Transform: AffineTransform_float_3_3
Parameters: 1 -8.68324e-06 -0.000414071 7.23311e-06 0.999999 -0.001751 0.000414099 0.001751 0.999999 0.0732931 0.0514791 0.0119687
FixedParameters: 0 0 0

#Transform 12
Transform: AffineTransform_float_3_3
Parameters: 1 3.24463e-05 -0.000686259 -3.28579e-05 0.999999 -0.00175098 0.000685957 0.00175102 0.999998 0.0831044 0.0538329 0.0265379
FixedParameters: 0 0 0

#Transform 13
Transform: AffineTransform_float_3_3
Parameters: 1 -0.000439013 -0.00107933 0.000437824 1 -0.000550388 0.00107981 0.000550611 0.999999 0.0818712 -0.0330021 -0.0193999
FixedParameters: 0 0 0

#Transform 14
Transform: AffineTransform_float_3_3
Parameters: 1 0.000156553 -0.001153 -0.000157107 1 -0.000671726 0.00115269 0.000672274 0.999999 0.0792306 0.0225009 0.0327119
FixedParameters: 0 0 0

#Transform 15
Transform: AffineTransform_float_3_3
Parameters: 1 0.000398914 -0.0008561 -0.000399733 0.999999 -0.00169665 0.000855552 0.00169635 0.999998 0.058016 0.0556323 0.00575003
FixedParameters: 0 0 0

#Transform 16
Transform: AffineTransform_float_3_3
Parameters: 1 -0.000168727 -0.000388718 0.000167875 1 -0.00109407 0.000389086 0.00109493 1 0.065581 0.0360437 0.0154555
FixedParameters: 0 0 0

#Transform 17
Transform: AffineTransform_float_3_3
Parameters: 1 -0.00019572 -0.000136138 0.000195619 1 -0.000371027 0.000136283 0.000370973 1 0.0226898 0.0341059 0.0196181
FixedParameters: 0 0 0

#Transform 18
Transform: AffineTransform_float_3_3
Parameters: 1 -0.0001435 -0.000378096 0.000143866 0.999999 -0.000832054 0.000378241 0.000831945 0.999999 0.0311554 0.0592494 0.000972853
FixedParameters: 0 0 0

#Transform 19
Transform: AffineTransform_float_3_3
Parameters: 1 -6.04052e-05 0.000501833 6.07733e-05 1 0.00062503 -0.000502002 -0.000624969 0.999999 -0.00160248 0.00450835 0.00972774
FixedParameters: 0 0 0

#Transform 20
Transform: AffineTransform_float_3_3
Parameters: 1 -0.000105405 2.19735e-05 0.000105392 1 0.000295002 -2.20357e-05 -0.000294998 1 0.0199699 -0.00446169 -0.00456581
FixedParameters: 0 0 0

#Transform 21
Transform: AffineTransform_float_3_3
Parameters: 1 -9.59481e-05 0.000121602 9.6049e-05 1 -0.000414988 -0.000121522 0.000415012 1 -0.00934935 -0.00913114 0.0156158
FixedParameters: 0 0 0

#Transform 22
Transform: AffineTransform_float_3_3
Parameters: 1 -0.000105395 2.2022e-05 0.000105402 1 -0.000164998 -2.19872e-05 0.000165002 1 0.00860701 0.019043 -0.0235451
FixedParameters: 0 0 0

#Transform 23
Transform: AffineTransform_float_3_3
Parameters: 1 -0.000115556 -8.5509e-05 0.000115544 1 -7.10099e-05 8.55254e-05 7.09901e-05 1 0.015115 -0.0233676 -0.0325138
FixedParameters: 0 0 0

#Transform 24
Transform: AffineTransform_float_3_3
Parameters: 1 -8.12137e-05 0.000277875 8.12682e-05 1 -9.79774e-05 -0.000277859 9.80226e-05 1 0.00516905 0.0186303 0.00333322
FixedParameters: 0 0 0

#Transform 25
Transform: AffineTransform_float_3_3
Parameters: 1 -0.000126005 -0.000194956 0.000125775 1 -0.000590024 0.000195104 0.000589975 1 0.000868092 0.0494812 0.00610579
FixedParameters: 0 0 0

#Transform 26
Transform: AffineTransform_float_3_3
Parameters: 1 2.18946e-06 0.000182604 -2.15842e-06 1 -8.50004e-05 -0.000182604 8.49996e-05 1 -0.0378732 0.0327028 -0.0356307
FixedParameters: 0 0 0

#Transform 27
Transform: AffineTransform_float_3_3
Parameters: 1 -8.95894e-05 0.000191172 8.92479e-05 0.999999 0.000893016 -0.000191332 -0.000892982 0.999999 -0.0530143 -0.0188394 -0.0225899
FixedParameters: 0 0 0

#Transform 28
Transform: AffineTransform_float_3_3
Parameters: 1 0.000413142 -9.2319e-05 -0.000413175 1 -0.000180962 9.21695e-05 0.000181038 1 -0.0274019 0.0495947 -0.00491488
FixedParameters: 0 0 0

#Transform 29
Transform: AffineTransform_float_3_3
Parameters: 1 0.000246538 -0.000122756 -0.000246575 1 -0.00015197 0.000122682 0.00015203 1 -0.0208247 0.0020087 0.0103815
FixedParameters: 0 0 0

#Transform 30
Transform: AffineTransform_float_3_3
Parameters: 1 0.000105474 0.000191951 -0.000105543 1 0.00018098 -0.000191913 -0.00018102 1 -0.0430579 0.024298 0.0356138
FixedParameters: 0 0 0

#Transform 31
Transform: AffineTransform_float_3_3
Parameters: 1 0.000328777 3.5176e-05 -0.000328761 1 -0.000233012 -3.53292e-05 0.000232988 1 -0.0102406 0.0722351 0.0268457
FixedParameters: 0 0 0

#Transform 32
Transform: AffineTransform_float_3_3
Parameters: 1 0.000427357 5.80521e-05 -0.000427347 1 -8.20336e-05 -5.81226e-05 8.29663e-05 1 -0.0141624 0.0357649 0.0369421
FixedParameters: 0 0 0

#Transform 33
Transform: AffineTransform_float_3_3
Parameters: 1 0.000412857 -9.53148e-05 -0.000412896 1 -0.000202961 9.51471e-05 0.000203039 1 -0.00983389 0.0623869 0.0252291
FixedParameters: 0 0 0

#Transform 34
Transform: AffineTransform_float_3_3
Parameters: 1 0.0004219 3.93347e-07 -0.000421994 1 0.000117 -1.29018e-06 -0.000117001 1 -0.0125457 0.0570218 0.0189745
FixedParameters: 0 0 0

#Transform 35
Transform: AffineTransform_float_3_3
Parameters: 1 0.000346668 0.000204434 -0.000346812 1 0.000350929 -0.00020419 -0.000351071 1 -0.0019548 0.0522406 0.0454565
FixedParameters: 0 0 0

#Transform 36
Transform: AffineTransform_float_3_3
Parameters: 1 6.87664e-06 0.000190194 -6.93978e-06 1 0.000165999 -0.000190192 -0.000166001 1 -0.0277227 0.065813 0.0483412
FixedParameters: 0 0 0

#Transform 37
Transform: AffineTransform_float_3_3
Parameters: 1 0.000137619 2.10237e-05 -0.000137577 0.999999 -0.000989002 -2.12959e-05 0.000988996 0.999999 -0.00636577 0.0959299 0.0191649
FixedParameters: 0 0 0

#Transform 38
Transform: AffineTransform_float_3_3
Parameters: 1 0.000298034 -7.74116e-05 -0.000298062 1 -0.000178977 7.73049e-05 0.000179023 1 0.0275385 0.0746111 0.00852428
FixedParameters: 0 0 0

#Transform 39
Transform: AffineTransform_float_3_3
Parameters: 1 0.000498122 -9.6437e-05 -0.0004981 1 -0.000371952 9.7062e-05 0.000372048 1 0.0159598 0.101278 0.0503572
FixedParameters: 0 0 0

#Transform 40
Transform: AffineTransform_float_3_3
Parameters: 1 0.000498086 -9.66208e-05 -0.000498136 0.999999 -0.000740951 9.68782e-05 0.000741048 0.999999 0.0159698 0.120203 0.0441561
FixedParameters: 0 0 0

#Transform 41
Transform: AffineTransform_float_3_3
Parameters: 0.999999 0.000611766 -0.000378852 -0.000611556 1 -0.00103877 0.000377487 0.00103923 1 0.0269759 0.108732 0.0317246
FixedParameters: 0 0 0

#Transform 42
Transform: AffineTransform_float_3_3
Parameters: 1 0.000548971 -0.00029112 -0.000549203 1 -0.00039984 0.000290681 0.00040016 1 0.00697762 0.0857182 0.0189936
FixedParameters: 0 0 0

#Transform 43
Transform: AffineTransform_float_3_3
Parameters: 1 0.000589638 0.000138026 -0.000589561 1 -0.000279081 -0.000138355 0.000278918 1 -0.000885792 0.1101 0.039687
FixedParameters: 0 0 0

#Transform 44
Transform: AffineTransform_float_3_3
Parameters: 1 0.000589899 0.000141108 -0.000589865 1 -0.000118083 -0.000141247 0.000117917 1 -0.00510525 0.0930845 0.0187011
FixedParameters: 0 0 0

#Transform 45
Transform: AffineTransform_float_3_3
Parameters: 1 -8.63298e-05 -0.000480025 8.66725e-05 1 0.000356958 0.000479963 -0.000357041 1 -0.00260766 0.0550282 0.0147477
FixedParameters: 0 0 0

#Transform 46
Transform: AffineTransform_float_3_3
Parameters: 1 9.74154e-05 -2.13364e-05 -9.74519e-05 0.999999 -0.000859997 2.11688e-05 0.000860001 0.999999 -0.0122504 0.120833 0.0110777
FixedParameters: 0 0 0

#Transform 47
Transform: AffineTransform_float_3_3
Parameters: 0.999999 0.000151525 0.000718908 -0.000150977 1 -0.000381117 -0.000719023 0.000381882 0.999999 -0.0149965 0.0800069 0.0379305
FixedParameters: 0 0 0

#Transform 48
Transform: AffineTransform_float_3_3
Parameters: 1 4.33891e-05 -0.00042296 -4.34821e-05 1 -0.000109982 0.000422951 0.000110018 1 0.0332305 0.0782653 0.062675
FixedParameters: 0 0 0

#Transform 49
Transform: AffineTransform_float_3_3
Parameters: 1 8.54671e-05 2.20084e-05 -8.54377e-05 1 -0.000667002 -2.21224e-05 0.000666998 1 0.0207491 0.122676 0.0384314
FixedParameters: 0 0 0

#Transform 50
Transform: AffineTransform_float_3_3
Parameters: 1 9.03579e-05 7.38136e-05 -9.03226e-05 1 -0.000239007 -7.38567e-05 0.000238993 1 0.0193052 0.0732999 0.00968964
FixedParameters: 0 0 0

#Transform 51
Transform: AffineTransform_float_3_3
Parameters: 1 9.03491e-05 7.38244e-05 -9.03315e-05 1 -0.000119007 -7.38459e-05 0.000118993 1 -0.0184999 0.0967335 0.0340972
FixedParameters: 0 0 0

#Transform 52
Transform: AffineTransform_float_3_3
Parameters: 1 0.000196903 6.36636e-05 -0.00019683 1 -0.000578012 -6.38912e-05 0.000577987 1 0.00257121 0.102801 0.0326791
FixedParameters: 0 0 0

#Transform 53
Transform: AffineTransform_float_3_3
Parameters: 1 0.000559256 2.95478e-05 -0.000559254 1 -2.60165e-05 -2.95769e-05 2.59835e-05 1 0.0313329 0.0934932 0.0242749
FixedParameters: 0 0 0

#Transform 54
Transform: AffineTransform_float_3_3
Parameters: 1 0.000628965 2.24416e-05 -0.000628832 1 -0.000860108 -2.25277e-05 0.000859892 0.999999 0.0331683 0.152274 0.0232529
FixedParameters: 0 0 0

#Transform 55
Transform: AffineTransform_float_3_3
Parameters: 0.999999 0.000787297 -0.000351109 -0.000786681 1 -0.000673818 0.000350949 0.000674183 0.999999 0.0480039 0.0986168 0.0349692
FixedParameters: 0 0 0

#Transform 56
Transform: AffineTransform_float_3_3
Parameters: 1 0.000330689 -0.000389935 -0.00032996 1 -0.000341871 0.000389615 0.000342129 1 0.0387443 0.105026 0.0598172
FixedParameters: 0 0 0

#Transform 57
Transform: AffineTransform_float_3_3
Parameters: 1 0.000684272 -7.18595e-05 -0.000684319 0.999999 -0.000321951 7.14188e-05 0.000322049 1 0.0220329 0.13439 0.0406088
FixedParameters: 0 0 0

#Transform 58
Transform: AffineTransform_float_3_3
Parameters: 1 0.000362503 -0.000392994 -0.000362858 1 -0.000450857 0.000392667 0.000451142 1 0.0334848 0.106509 0.0415165
FixedParameters: 0 0 0

#Transform 59
Transform: AffineTransform_float_3_3
Parameters: 1 0.000379765 -0.000211679 -0.000379812 1 -0.00011192 0.000211594 0.00011208 1 0.0148899 0.103005 0.0709653
FixedParameters: 0 0 0

#Transform 60
Transform: AffineTransform_float_3_3
Parameters: 1 0.000374928 -0.000261644 -0.000375248 0.999999 -0.000610902 0.000261185 0.000611098 1 0.0123633 0.137288 0.0375055
FixedParameters: 0 0 0

#Transform 61
Transform: AffineTransform_float_3_3
Parameters: 1 0.000265065 -0.000383653 -0.000264168 1 -0.000128899 0.00038349 0.000129102 1 0.0134681 0.0960706 0.0414392
FixedParameters: 0 0 0

#Transform 62
Transform: AffineTransform_float_3_3
Parameters: 1 0.00017841 -0.000375484 -0.00017859 1 -0.000239933 0.000375398 0.000240067 1 0.026448 0.118305 0.0826546
FixedParameters: 0 0 0

#Transform 63
Transform: AffineTransform_float_3_3
Parameters: 1 0.000462251 -0.000495855 -0.000461665 1 -0.000412771 0.000495379 0.000413229 1 0.0269389 0.1507 0.0394382
FixedParameters: 0 0 0

#Transform 64
Transform: AffineTransform_float_3_3
Parameters: 0.999999 0.000915502 -0.000186806 -0.000915471 0.999999 8.2171e-05 0.000186956 -8.18288e-05 1 0.0331539 0.109194 0.0268648
FixedParameters: 0 0 0

#Transform 65
Transform: AffineTransform_float_3_3
Parameters: 1 0.000449229 -0.000401083 -0.000449362 1 -0.000165811 0.000400934 0.000165189 1 0.0333568 0.118571 0.0286391
FixedParameters: 0 0 0

#Transform 66
Transform: AffineTransform_float_3_3
Parameters: 1 0.000497113 0.000105864 -0.000497167 1 0.000251947 -0.000105613 -0.000252052 1 0.0151483 0.133042 0.0594857
FixedParameters: 0 0 0

#Transform 67
Transform: AffineTransform_float_3_3
Parameters: 1 0.000451735 -0.000373365 -0.00045212 1 -0.000515831 0.000372899 0.000516168 1 0.0231166 0.129204 0.036982
FixedParameters: 0 0 0

#Transform 68
Transform: AffineTransform_float_3_3
Parameters: 0.999999 0.000754461 -0.00013678 -0.000754553 0.999999 -0.000335897 0.000136273 0.000336103 1 0.0396416 0.131296 0.0706654
FixedParameters: 0 0 0

#Transform 69
Transform: AffineTransform_float_3_3
Parameters: 1 0.000616075 -6.9895e-06 -0.000616076 1 -7.99957e-05 6.89093e-06 8.00042e-05 1 0.0326268 0.141989 0.0908208
FixedParameters: 0 0 0

#Transform 70
Transform: AffineTransform_float_3_3
Parameters: 0.999999 0.000694694 0.000307588 -0.000695181 1 0.000792693 -0.000306486 -0.000793307 0.999999 0.0249134 0.113576 0.0757849
FixedParameters: 0 0 0

#Transform 71
Transform: AffineTransform_float_3_3
Parameters: 1 0.000795387 -0.000628619 -0.000795492 0.999999 -8.34911e-05 0.000628486 8.35087e-05 1 0.0423627 0.12767 0.0935256
FixedParameters: 0 0 0

#Transform 72
Transform: AffineTransform_float_3_3
Parameters: 0.999999 0.000627385 -0.000363143 -0.000628005 1 -0.000853866 0.000362071 0.000854134 0.999999 0.0249642 0.182357 0.0961701
FixedParameters: 0 0 0

#Transform 73
Transform: AffineTransform_float_3_3
Parameters: 0.999998 -0.000278062 -0.0016762 0.000276541 0.999999 -0.000750286 0.00167652 0.000750713 0.999999 0.0797369 0.101591 0.0939284
FixedParameters: 0 0 0

#Transform 74
Transform: AffineTransform_float_3_3
Parameters: 0.999998 0.000724632 -0.00140718 -0.000726298 0.999999 -0.00097897 0.00140666 0.000980029 0.999998 0.0518188 0.182364 0.081928
FixedParameters: 0 0 0

#Transform 75
Transform: AffineTransform_float_3_3
Parameters: 0.999999 0.000691603 -0.0013157 -0.000691152 0.999999 0.000172012 0.00131593 -0.000170988 0.999999 0.0432606 0.110311 0.11908
FixedParameters: 0 0 0

#Transform 76
Transform: AffineTransform_float_3_3
Parameters: 0.999999 0.000593826 -0.00115353 -0.000593501 0.999999 0.000572787 0.0011543 -0.000572213 0.999999 0.0451396 0.132419 0.126863
FixedParameters: 0 0 0

#Transform 77
Transform: AffineTransform_float_3_3
Parameters: 0.999999 0.00059309 -0.00114917 -0.000594182 0.999999 -0.000475215 0.00114861 0.000475784 1 0.035867 0.184568 0.105597
FixedParameters: 0 0 0

#Transform 78
Transform: AffineTransform_float_3_3
Parameters: 0.999999 0.000651453 -0.00139937 -0.00065123 0.999999 8.00138e-05 0.00139947 -7.8986e-05 0.999999 0.033143 0.126084 0.089507
FixedParameters: 0 0 0

#Transform 79
Transform: AffineTransform_float_3_3
Parameters: 0.999999 0.000585078 -0.00124044 -0.000584898 1 7.2828e-05 0.00124052 -7.21719e-05 1 0.0268082 0.145311 0.108729
FixedParameters: 0 0 0

#Transform 80
Transform: AffineTransform_float_3_3
Parameters: 0.999999 0.000678167 -0.00140198 -0.000678277 0.999999 -3.89467e-05 0.00140193 4.00532e-05 0.999999 0.0386778 0.172691 0.09034
FixedParameters: 0 0 0

#Transform 81
Transform: AffineTransform_float_3_3
Parameters: 0.999999 0.000703175 -0.00140428 -0.000703047 0.999999 4.60897e-05 0.00140434 -4.49101e-05 0.999999 0.0343795 0.13992 0.134642
FixedParameters: 0 0 0

#Transform 82
Transform: AffineTransform_float_3_3
Parameters: 0.999998 0.000851646 -0.0014182 -0.000851256 0.999999 0.00013831 0.00141843 -0.00013669 0.999999 0.0618571 0.168762 0.153756
FixedParameters: 0 0 0

#Transform 83
Transform: AffineTransform_float_3_3
Parameters: 0.999999 0.00100941 -0.0014335 -0.00101 1 -0.000236544 0.00143402 0.000238457 0.999999 0.0676355 0.2006 0.120015
FixedParameters: 0 0 0

#Transform 84
Transform: AffineTransform_float_3_3
Parameters: 0.999999 0.00103212 -0.00119719 -0.00103084 0.999999 0.000990244 0.00119833 -0.000988755 0.999999 0.0356574 0.131876 0.105769
FixedParameters: 0 0 0

#Transform 85
Transform: AffineTransform_float_3_3
Parameters: 0.999999 0.000790093 -0.000516311 -0.000789794 0.999999 0.000289408 0.000516768 -0.000288592 1 0.00193824 0.135114 0.0825587
FixedParameters: 0 0 0

#Transform 86
Transform: AffineTransform_float_3_3
Parameters: 0.999998 0.00104174 -0.00128382 -0.00104108 0.999999 0.000681346 0.00128433 -0.000679654 0.999999 0.0373228 0.124146 0.132593
FixedParameters: 0 0 0

#Transform 87
Transform: AffineTransform_float_3_3
Parameters: 0.999999 0.00114456 -0.00102975 -0.00114391 0.999999 0.000316093 0.00103048 -0.000314906 0.999999 0.00689152 0.105741 0.07416
FixedParameters: 0 0 0

#Transform 88
Transform: AffineTransform_float_3_3
Parameters: 0.999999 0.00110326 -0.00109426 -0.00110274 1 0.000237225 0.00109479 -0.000236775 1 0.0141945 0.10927 0.0940289
FixedParameters: 0 0 0

#Transform 89
Transform: AffineTransform_float_3_3
Parameters: 0.999999 0.000762146 -0.000513791 -0.000761989 0.999999 0.000153391 0.000514024 -0.000152608 1 -0.0061917 0.122547 0.0708119
FixedParameters: 0 0 0

#Transform 90
Transform: AffineTransform_float_3_3
Parameters: 0.999999 0.00105697 -0.000884139 -0.00105724 0.999999 -0.000767057 0.000883418 0.000767944 1 0.00684415 0.155875 0.0863471
FixedParameters: 0 0 0

#Transform 91
Transform: AffineTransform_float_3_3
Parameters: 1 0.000522716 -0.00105886 -0.000522859 1 -6.74375e-05 0.00105879 6.75623e-05 0.999999 -3.91129e-05 0.124071 0.10005
FixedParameters: 0 0 0

#Transform 92
Transform: AffineTransform_float_3_3
Parameters: 0.999999 0.00067002 -0.000489966 -0.000669768 0.999999 0.000257337 0.000490311 -0.000257663 1 -0.0261778 0.130597 0.135147
FixedParameters: 0 0 0

#Transform 93
Transform: AffineTransform_float_3_3
Parameters: 0.999999 0.000951491 -0.00116391 -0.000952183 1 -0.000296883 0.00116334 0.000298116 1 -0.000446835 0.159405 0.0601705
FixedParameters: 0 0 0

#Transform 94
Transform: AffineTransform_float_3_3
Parameters: 0.999999 0.00065678 -0.00103518 -0.000657398 0.999999 0.000182689 0.00103552 -0.000182311 0.999999 -0.00135662 0.124074 0.076218
FixedParameters: 0 0 0

#Transform 95
Transform: AffineTransform_float_3_3
Parameters: 0.999999 0.00079695 -0.000566922 -0.000797527 1 -0.000591642 0.000566974 0.000592359 0.999999 -0.0123561 0.197645 0.11158
FixedParameters: 0 0 0

#Transform 96
Transform: AffineTransform_float_3_3
Parameters: 0.999999 0.000712058 -0.000573722 -0.000712435 0.999999 -0.000328582 0.000573254 0.000328417 1 -0.0187429 0.157082 0.102599
FixedParameters: 0 0 0

#Transform 97
Transform: AffineTransform_float_3_3
Parameters: 0.999999 0.00071227 -0.00057346 -0.000712223 0.999999 4.04173e-05 0.000573517 -4.05827e-05 1 -0.00219916 0.151671 0.155568
FixedParameters: 0 0 0

#Transform 98
Transform: AffineTransform_float_3_3
Parameters: 0.999999 0.000711986 -0.000573811 -0.000712507 0.999999 -0.000453591 0.000573165 0.000454408 0.999999 -0.00213921 0.174341 0.079183
FixedParameters: 0 0 0

#Transform 99
Transform: AffineTransform_float_3_3
Parameters: 0.999999 0.000665231 -0.00107129 -0.000665266 0.999999 -1.62785e-05 0.00107126 1.67215e-05 0.999999 -0.0064391 0.131289 0.113989
FixedParameters: 0 0 0

#Transform 100
Transform: AffineTransform_float_3_3
Parameters: 1 0.000689988 -0.000812171 -0.000690382 0.999999 0.000370561 0.000812775 -0.000369439 0.999999 -0.0319702 0.143872 0.171813
FixedParameters: 0 0 0

#Transform 101
Transform: AffineTransform_float_3_3
Parameters: 0.999998 0.000991776 -0.00133153 -0.000992665 1 -0.000368661 0.00133179 0.000369339 0.999999 -0.0065115 0.171552 0.118945
FixedParameters: 0 0 0

#Transform 102
Transform: AffineTransform_float_3_3
Parameters: 0.999998 0.00118741 -0.0019396 -0.00118745 0.999999 -0.000291578 0.00193981 0.000293424 0.999998 0.0295744 0.160149 0.138647
FixedParameters: 0 0 0

#Transform 103
Transform: AffineTransform_float_3_3
Parameters: 0.999998 0.00100368 -0.00124279 -0.00100356 1 5.22561e-05 0.00124289 -5.07438e-05 1 0.00111718 0.177222 0.158962
FixedParameters: 0 0 0

#Transform 104
Transform: AffineTransform_float_3_3
Parameters: 0.999998 0.00102397 -0.0017737 -0.00102476 1 -0.000500166 0.00177258 0.000501834 0.999998 0.0313452 0.202189 0.149103
FixedParameters: 0 0 0

#Transform 105
Transform: AffineTransform_float_3_3
Parameters: 0.999997 0.00101078 -0.00191021 -0.0010121 0.999999 -0.000627957 0.00190984 0.000630043 0.999998 0.0449998 0.192506 0.190019
FixedParameters: 0 0 0

#Transform 106
Transform: AffineTransform_float_3_3
Parameters: 0.999998 0.00103438 -0.001667 -0.00103447 1 -0.000325258 0.00166623 0.000326742 0.999998 0.0350947 0.184786 0.174873
FixedParameters: 0 0 0

#Transform 107
Transform: AffineTransform_float_3_3
Parameters: 0.999999 0.000854275 -0.00153683 -0.000855505 1 -0.000723677 0.00153549 0.000725322 0.999998 0.0388783 0.216563 0.146903
FixedParameters: 0 0 0

#Transform 108
Transform: AffineTransform_float_3_3
Parameters: 0.999998 0.000847662 -0.00146918 -0.000847644 0.999999 6.3566e-06 0.00146919 -5.64338e-06 0.999999 0.028636 0.167186 0.137637
FixedParameters: 0 0 0

#Transform 109
Transform: AffineTransform_float_3_3
Parameters: 0.999998 0.000748666 -0.00177659 -0.000748943 0.999999 -0.000383567 0.00177691 0.000385433 0.999998 0.0154054 0.184554 0.137572
FixedParameters: 0 0 0

#Transform 110
Transform: AffineTransform_float_3_3
Parameters: 0.999999 0.000789261 -0.00164105 -0.000790329 1 -0.000628686 0.00163996 0.000629313 0.999998 0.0324931 0.211121 0.150834
FixedParameters: 0 0 0

#Transform 111
Transform: AffineTransform_float_3_3
Parameters: 0.999999 0.001047 -0.00153454 -0.00104676 1 -0.000275377 0.00153486 0.000276625 0.999999 0.0425843 0.195791 0.137731
FixedParameters: 0 0 0

#Transform 112
Transform: AffineTransform_float_3_3
Parameters: 0.999998 0.000699906 -0.00196761 -0.000700409 0.999999 -0.000127417 0.00196743 0.000128582 0.999998 0.0435172 0.168691 0.129676
FixedParameters: 0 0 0

#Transform 113
Transform: AffineTransform_float_3_3
Parameters: 0.999997 0.000790351 -0.00230184 -0.000790978 0.999999 -0.000351873 0.00230119 0.000353127 0.999998 0.0424971 0.209994 0.17363
FixedParameters: 0 0 0

#Transform 114
Transform: AffineTransform_float_3_3
Parameters: 0.999997 0.000821403 -0.00241255 -0.000823346 1 -0.000627802 0.00241242 0.000629198 0.999997 0.042753 0.217488 0.148955
FixedParameters: 0 0 0

#Transform 115
Transform: AffineTransform_float_3_3
Parameters: 0.999997 0.00057725 -0.00238098 -0.000578278 0.999999 -0.000215325 0.00238073 0.000216673 0.999997 0.0409158 0.195502 0.158313
FixedParameters: 0 0 0

#Transform 116
Transform: AffineTransform_float_3_3
Parameters: 0.999997 0.000575868 -0.00237839 -0.00057814 1 -0.000915423 0.00237814 0.000916577 0.999997 0.0462314 0.249053 0.180316
FixedParameters: 0 0 0

#Transform 117
Transform: AffineTransform_float_3_3
Parameters: 0.999997 0.00057722 -0.00238001 -0.000578496 0.999999 -0.000267326 0.0023797 0.000268673 0.999997 0.0417598 0.213844 0.157976
FixedParameters: 0 0 0

#Transform 118
Transform: AffineTransform_float_3_3
Parameters: 0.999997 0.000581647 -0.00233516 -0.000582529 0.999999 -0.000188342 0.00233494 0.000189657 0.999998 0.0486913 0.213993 0.183456
FixedParameters: 0 0 0

#Transform 119
Transform: AffineTransform_float_3_3
Parameters: 0.999997 0.000567298 -0.00248162 -0.000568154 0.999999 -0.000391293 0.00248208 0.000392708 0.999997 0.0499467 0.239984 0.182401
FixedParameters: 0 0 0

#Transform 120
Transform: AffineTransform_float_3_3
Parameters: 0.999997 0.00057706 -0.00237324 -0.000578978 1 -0.000613423 0.00237244 0.000614576 0.999997 0.047975 0.248619 0.158575
FixedParameters: 0 0 0

#Transform 121
Transform: AffineTransform_float_3_3
Parameters: 0.999997 0.000570175 -0.00245467 -0.000571442 0.999999 -0.0002573 0.00245437 0.000258699 0.999997 0.0370183 0.212032 0.192788
FixedParameters: 0 0 0

#Transform 122
Transform: AffineTransform_float_3_3
Parameters: 0.999997 0.000571541 -0.00242807 -0.000573066 1 -0.000742415 0.00242802 0.000744586 0.999997 0.0313254 0.240149 0.190008
FixedParameters: 0 0 0

#Transform 123
Transform: AffineTransform_float_3_3
Parameters: 0.999995 0.00049478 -0.00318637 -0.000501695 0.999998 -0.00220801 0.0031855 0.00220899 0.999992 0.118435 0.26307 0.153339
FixedParameters: 0 0 0

#Transform 124
Transform: AffineTransform_float_3_3
Parameters: 0.999993 -0.00168821 -0.00318535 0.00169336 0.999998 0.00140095 0.00318297 -0.00140704 0.999993 0.0857191 0.0903502 0.245498
FixedParameters: 0 0 0

#Transform 125
Transform: AffineTransform_float_3_3
Parameters: 0.999994 -0.000800657 -0.00329541 0.000794064 0.999998 -0.00189318 0.00329687 0.00189082 0.999992 0.0893745 0.235801 0.238549
FixedParameters: 0 0 0

#Transform 126
Transform: AffineTransform_float_3_3
Parameters: 0.999996 -0.000408079 -0.00273559 0.000404858 1 -0.00113484 0.00273623 0.00113416 0.999995 0.0804038 0.189912 0.223625
FixedParameters: 0 0 0

#Transform 127
Transform: AffineTransform_float_3_3
Parameters: 0.999996 -7.13777e-05 -0.00276774 6.85495e-05 1 -0.0010509 0.00276761 0.0010501 0.999995 0.0737811 0.220386 0.196487
FixedParameters: 0 0 0

#Transform 128
Transform: AffineTransform_float_3_3
Parameters: 0.999996 -7.24545e-05 -0.00276772 6.84716e-05 0.999999 -0.00143882 0.00276754 0.00143918 0.999995 0.0670861 0.229238 0.18903
FixedParameters: 0 0 0

#Transform 129
Transform: AffineTransform_float_3_3
Parameters: 0.999995 -0.000116923 -0.00322559 0.000111476 0.999998 -0.0016159 0.00322549 0.0016161 0.999993 0.0917214 0.200487 0.18959
FixedParameters: 0 0 0

#Transform 130
Transform: AffineTransform_float_3_3
Parameters: 0.999996 -7.42045e-05 -0.00277865 6.98749e-05 0.999998 -0.00169182 0.00277942 0.00169118 0.999994 0.0855234 0.232088 0.195216
FixedParameters: 0 0 0

#Transform 131
Transform: AffineTransform_float_3_3
Parameters: 0.999996 -7.77033e-05 -0.00282646 7.44043e-05 0.999999 -0.00130483 0.00282728 0.00130417 0.999995 0.0865766 0.231081 0.193195
FixedParameters: 0 0 0

#Transform 132
Transform: AffineTransform_float_3_3
Parameters: 0.999995 0.00027874 -0.00307484 -0.000284746 0.999999 -0.00180075 0.00307435 0.00180225 0.999993 0.0978006 0.244651 0.190359
FixedParameters: 0 0 0

#Transform 133
Transform: AffineTransform_float_3_3
Parameters: 0.999995 0.000394753 -0.00293702 -0.000398658 0.999999 -0.00135844 0.00293656 0.00135956 0.999995 0.0943227 0.24152 0.204671
FixedParameters: 0 0 0

#Transform 134
Transform: AffineTransform_float_3_3
Parameters: 0.999994 0.000464576 -0.00321346 -0.000471499 0.999997 -0.00203501 0.00321298 0.00203699 0.999993 0.0988442 0.277176 0.194254
FixedParameters: 0 0 0

#Transform 135
Transform: AffineTransform_float_3_3
Parameters: 0.999995 0.000230396 -0.0031413 -0.000234218 0.999999 -0.00140079 0.00314018 0.00140122 0.999994 0.091269 0.224834 0.183462
FixedParameters: 0 0 0

#Transform 136
Transform: AffineTransform_float_3_3
Parameters: 0.999996 0.000275491 -0.00302042 -0.000277147 1 -0.000273679 0.00302027 0.000274319 0.999996 0.0783456 0.177654 0.168379
FixedParameters: 0 0 0

#Transform 137
Transform: AffineTransform_float_3_3
Parameters: 0.999994 0.000230896 -0.00343395 -0.000237657 0.999998 -0.00186762 0.0034335 0.00186838 0.999993 0.0938689 0.275158 0.186598
FixedParameters: 0 0 0

#Transform 138
Transform: AffineTransform_float_3_3
Parameters: 0.999996 0.000273165 -0.00302952 -0.000275697 0.999999 -0.000761683 0.00302991 0.000762317 0.999995 0.0806863 0.227787 0.197525
FixedParameters: 0 0 0

#Transform 139
Transform: AffineTransform_float_3_3
Parameters: 0.999993 -0.000290542 -0.00356357 0.000282978 0.999998 -0.00203946 0.00356408 0.00203854 0.999991 0.139067 0.213267 0.232983
FixedParameters: 0 0 0

#Transform 140
Transform: AffineTransform_float_3_3
Parameters: 0.999994 -0.00021523 -0.00365635 0.000205113 0.999996 -0.00289411 0.00365753 0.0028929 0.999989 0.125994 0.292519 0.227551
FixedParameters: 0 0 0

#Transform 141
Transform: AffineTransform_float_3_3
Parameters: 0.999993 7.13136e-06 -0.00373228 -1.83414e-05 0.999995 -0.00298129 0.00373216 0.00298171 0.999988 0.126437 0.293732 0.226708
FixedParameters: 0 0 0

#Transform 142
Transform: AffineTransform_float_3_3
Parameters: 0.99999 0.000275751 -0.00445368 -0.000288561 0.999995 -0.00291178 0.0044528 0.00291322 0.999986 0.16497 0.297425 0.235469
FixedParameters: 0 0 0

#Transform 143
Transform: AffineTransform_float_3_3
Parameters: 0.99999 -4.34127e-05 -0.0044714 3.55703e-05 0.999999 -0.00177822 0.00447178 0.00177778 0.999989 0.136239 0.280711 0.254119
FixedParameters: 0 0 0

#Transform 144
Transform: AffineTransform_float_3_3
Parameters: 0.999988 0.000348331 -0.00476395 -0.000360313 0.999997 -0.00263525 0.00476285 0.00263676 0.999986 0.132351 0.315833 0.215844
FixedParameters: 0 0 0

#Transform 145
Transform: AffineTransform_float_3_3
Parameters: 0.999989 0.000196089 -0.0046788 -0.00020822 0.999997 -0.00258309 0.00467763 0.00258391 0.999986 0.136376 0.333276 0.209151
FixedParameters: 0 0 0

#Transform 146
Transform: AffineTransform_float_3_3
Parameters: 0.999984 8.64932e-05 -0.00578266 -0.000103265 0.999996 -0.00301592 0.00578239 0.00301608 0.999979 0.161285 0.458385 0.211195
FixedParameters: 0 0 0

#Transform 147
Transform: AffineTransform_float_3_3
Parameters: 0.999985 0.000100652 -0.00561152 -0.000119449 0.999994 -0.00346585 0.00561087 0.00346615 0.999979 0.182385 0.416576 0.252221
FixedParameters: 0 0 0

#Transform 148
Transform: AffineTransform_float_3_3
Parameters: 0.999985 0.000119795 -0.00545716 -0.000134512 0.999996 -0.00272497 0.00545606 0.00272603 0.999981 0.149455 0.336169 0.252322
FixedParameters: 0 0 0

#Transform 149
Transform: AffineTransform_float_3_3
Parameters: 0.999986 0.000629831 -0.00538685 -0.000647308 0.999994 -0.0033192 0.0053849 0.0033228 0.99998 0.14976 0.383455 0.217709
FixedParameters: 0 0 0

#Transform 150
Transform: AffineTransform_float_3_3
Parameters: 0.999985 0.000670733 -0.00532711 -0.00068604 0.999995 -0.00295712 0.00532458 0.00296088 0.999981 0.135451 0.364678 0.210929
FixedParameters: 0 0 0

#Transform 151
Transform: AffineTransform_float_3_3
Parameters: 0.999983 0.000931852 -0.00564056 -0.000947311 0.999996 -0.00272532 0.00563801 0.00273068 0.99998 0.166508 0.353485 0.177752
FixedParameters: 0 0 0
