#Insight Transform File V1.0
#Transform 0
Transform: AffineTransform_float_3_3
Parameters: 0.999978 -0.00415858 0.00502062 0.00408967 0.999897 0.0136936 -0.00507728 -0.0136733 0.999894 -0.0691002 -0.405508 0.0927288
FixedParameters: 0 0 0

#Transform 1
Transform: AffineTransform_float_3_3
Parameters: 0.999978 -0.00426607 0.00509823 0.00419913 0.999905 0.0131035 -0.00515393 -0.0130815 0.999902 -0.0674874 -0.36951 0.0746926
FixedParameters: 0 0 0

#Transform 2
Transform: AffineTransform_float_3_3
Parameters: 0.999984 -0.00396784 0.00388631 0.00391682 0.999907 0.0130974 -0.00393789 -0.0130826 0.999907 -0.0573681 -0.388364 -0.0706417
FixedParameters: 0 0 0

#Transform 3
Transform: AffineTransform_float_3_3
Parameters: 0.999959 -0.00497924 0.00747238 0.00480559 0.99972 0.0232033 -0.00758671 -0.0231667 0.999703 -0.62609 -0.752499 -0.631714
FixedParameters: 0 0 0

#Transform 4
Transform: AffineTransform_float_3_3
Parameters: 0.999975 -0.00400774 0.00595057 0.00392964 0.999907 0.0131054 -0.00600301 -0.0130816 0.999896 -0.421225 -0.372095 -0.662072
FixedParameters: 0 0 0

#Transform 5
Transform: AffineTransform_float_3_3
Parameters: 0.999994 -0.00244766 0.00246215 0.00243482 0.999984 0.00516 -0.00247493 -0.005154 0.999984 -0.139396 -0.238411 -0.302108
FixedParameters: 0 0 0

#Transform 6
Transform: AffineTransform_float_3_3
Parameters: 0.999996 -0.00258648 0.00156722 0.00257322 0.999961 0.00842714 -0.00158927 -0.00842286 0.999963 -0.115135 -0.300597 -0.25982
FixedParameters: 0 0 0

#Transform 7
Transform: AffineTransform_float_3_3
Parameters: 0.999995 -0.00281486 0.00181105 0.00280039 0.999963 0.00816218 -0.00183338 -0.00815781 0.999965 -0.133944 -0.277877 -0.2694
FixedParameters: 0 0 0

#Transform 8
Transform: AffineTransform_float_3_3
Parameters: 0.999996 -0.00230477 0.00151201 0.00229016 0.999953 0.00949457 -0.00153317 -0.00949144 0.999953 -0.119755 -0.320994 -0.315551
FixedParameters: 0 0 0

#Transform 9
Transform: AffineTransform_float_3_3
Parameters: 0.999996 -0.00254758 0.00152339 0.00253435 0.999956 0.00896896 -0.0015465 -0.00896503 0.999958 -0.11694 -0.324871 -0.309872
FixedParameters: 0 0 0

#Transform 10
Transform: AffineTransform_float_3_3
Parameters: 0.999995 -0.00260037 0.00184904 0.00258406 0.999959 0.00876589 -0.00187195 -0.00876111 0.99996 -0.132163 -0.316216 -0.303237
FixedParameters: 0 0 0

#Transform 11
Transform: AffineTransform_float_3_3
Parameters: 0.999994 -0.00263723 0.00193016 0.00262032 0.99996 0.00855514 -0.00195261 -0.00855086 0.999962 -0.140411 -0.305005 -0.292365
FixedParameters: 0 0 0

#Transform 12
Transform: AffineTransform_float_3_3
Parameters: 0.999997 -0.00233224 0.00138106 0.00231848 0.999953 0.00936627 -0.00140222 -0.00936273 0.999955 -0.074624 -0.309748 -0.227044
FixedParameters: 0 0 0

#Transform 13
Transform: AffineTransform_float_3_3
Parameters: 0.999982 -0.004801 0.0035567 0.00476947 0.99995 0.00884126 -0.00359822 -0.00882374 0.999955 -0.203727 -0.28281 -0.22158
FixedParameters: 0 0 0

#Transform 14
Transform: AffineTransform_float_3_3
Parameters: 0.999989 -0.00374222 0.00304312 0.00372918 0.999983 0.00435847 -0.00306021 -0.00434652 0.999985 -0.182721 -0.260846 -0.143467
FixedParameters: 0 0 0

#Transform 15
Transform: AffineTransform_float_3_3
Parameters: 0.999996 0.00212486 0.00191963 -0.00209978 0.999915 -0.0129191 -0.00194697 0.0129149 0.999915 -0.107104 0.482626 0.219446
FixedParameters: 0 0 0

#Transform 16
Transform: AffineTransform_float_3_3
Parameters: 0.999995 -0.00143041 0.00260499 0.00143754 0.999996 -0.00268733 -0.00260149 0.00269068 0.999993 -0.129084 0.116227 0.141436
FixedParameters: 0 0 0

#Transform 17
Transform: AffineTransform_float_3_3
Parameters: 1 -0.00101687 0.000443462 0.00101795 0.999999 -0.00118055 -0.000442059 0.00118145 0.999999 -0.0497004 0.0552558 0.0776674
FixedParameters: 0 0 0

#Transform 18
Transform: AffineTransform_float_3_3
Parameters: 0.999999 -0.000632524 0.000373119 0.000632488 0.999999 -0.00129376 -0.000371514 0.00129424 0.999999 -0.0412415 0.064942 0.00900727
FixedParameters: 0 0 0

#Transform 19
Transform: AffineTransform_float_3_3
Parameters: 1 -0.000896337 0.000423877 0.000897125 0.999999 -0.000930621 -0.000422207 0.000931379 1 -0.0388943 0.0162382 -0.0115771
FixedParameters: 0 0 0

#Transform 20
Transform: AffineTransform_float_3_3
Parameters: 1 0.000158111 -0.00104051 -0.000157383 1 0.000335133 0.00103961 -0.000334867 1 0.0448333 0.00597934 -0.0243211
FixedParameters: 0 0 0

#Transform 21
Transform: AffineTransform_float_3_3
Parameters: 1 0.000175069 -0.00111493 -0.000174153 0.999999 0.000859163 0.0011152 -0.000858836 0.999999 0.0248419 -0.0435658 -0.00431376
FixedParameters: 0 0 0

#Transform 22
Transform: AffineTransform_float_3_3
Parameters: 0.999999 0.000180094 -0.00128089 -0.000179556 1 0.000600199 0.00128108 -0.000599801 0.999999 0.0243102 -0.0325133 -0.0002941
FixedParameters: 0 0 0

#Transform 23
Transform: AffineTransform_float_3_3
Parameters: 0.999999 0.000116802 0.000715976 -0.000116332 1 -0.000328083 -0.000716053 0.000327916 0.999999 -0.0531907 0.0160211 0.0323131
FixedParameters: 0 0 0

#Transform 24
Transform: AffineTransform_float_3_3
Parameters: 1 -0.000555588 -0.000306704 0.000555698 1 0.00017983 0.000306504 -0.00018017 1 -0.0208326 -0.0251553 0.0581558
FixedParameters: 0 0 0

#Transform 25
Transform: AffineTransform_float_3_3
Parameters: 0.999999 -0.000100377 -0.00086237 9.85346e-05 0.999998 -0.00164712 0.000862729 0.00164788 0.999999 0.0164548 0.0323825 0.0928444
FixedParameters: 0 0 0

#Transform 26
Transform: AffineTransform_float_3_3
Parameters: 0.999998 -0.0013171 -0.00101695 0.00131625 0.999998 -0.00143034 0.00101878 0.00142966 0.999999 0.0191802 -0.00326905 -0.0206507
FixedParameters: 0 0 0

#Transform 27
Transform: AffineTransform_float_3_3
Parameters: 0.999998 -0.00143489 -0.00130822 0.00143331 0.999999 -0.00101285 0.00130916 0.00101015 0.999998 0.0770265 0.00987312 0.0631271
FixedParameters: 0 0 0

#Transform 28
Transform: AffineTransform_float_3_3
Parameters: 0.999999 -0.00124873 -0.000569492 0.00124872 0.999999 -1.06807e-05 0.000569518 1.03192e-05 1 0.0211242 -0.0155601 0.0978164
FixedParameters: 0 0 0

#Transform 29
Transform: AffineTransform_float_3_3
Parameters: 0.999998 -0.00144577 -0.00094087 0.00144452 0.999998 -0.000683361 0.000941844 0.000681638 1 0.00547652 0.0123107 -0.0323607
FixedParameters: 0 0 0

#Transform 30
Transform: AffineTransform_float_3_3
Parameters: 0.999999 -0.00120183 -0.000865053 0.00120203 0.999999 0.00071196 0.000864308 -0.000713041 1 0.0107082 -0.0773349 0.0112129
FixedParameters: 0 0 0

#Transform 31
Transform: AffineTransform_float_3_3
Parameters: 0.999999 -0.00116074 -0.000580083 0.00116099 0.999998 0.00113433 0.000579417 -0.00113467 0.999999 0.0132149 -0.0599153 0.0535608
FixedParameters: 0 0 0

#Transform 32
Transform: AffineTransform_float_3_3
Parameters: 0.999999 -0.000784759 -0.00051561 0.000785667 1 0.000881596 0.000514225 -0.000882405 1 0.00256335 -0.0488919 0.07855
FixedParameters: 0 0 0

#Transform 33
Transform: AffineTransform_float_3_3
Parameters: 0.999999 -0.000166608 -0.00123214 0.000169168 0.999999 0.00144476 0.00123162 -0.00144524 0.999998 0.0145597 -0.0622835 -0.0227527
FixedParameters: 0 0 0

#Transform 34
Transform: AffineTransform_float_3_3
Parameters: 0.999999 -0.000734492 -0.00056396 0.000735872 0.999998 0.00214162 0.00056178 -0.00214138 0.999997 -0.0252537 -0.086435 -0.130023
FixedParameters: 0 0 0

#Transform 35
Transform: AffineTransform_float_3_3
Parameters: 1 -0.00099746 -0.000625989 0.000999282 0.999997 0.00230838 0.000623347 -0.00230862 0.999997 -0.00721159 -0.104835 -0.0328751
FixedParameters: 0 0 0

#Transform 36
Transform: AffineTransform_float_3_3
Parameters: 0.999999 -0.000828707 0.00047603 0.000827089 0.999996 0.0026764 -0.000478431 -0.0026766 0.999997 -0.0429964 -0.1101 -0.0754186
FixedParameters: 0 0 0

#Transform 37
Transform: AffineTransform_float_3_3
Parameters: 1 -0.000643051 -6.86999e-05 0.000643328 0.999997 0.00227496 6.67729e-05 -0.00227504 0.999998 -0.0441955 -0.104323 -0.0715654
FixedParameters: 0 0 0

#Transform 38
Transform: AffineTransform_float_3_3
Parameters: 0.999999 -0.000757039 0.000107661 0.000756541 0.999998 0.00214211 -0.000109903 -0.00214189 0.999997 -0.0410519 -0.101673 -0.0370013
FixedParameters: 0 0 0

#Transform 39
Transform: AffineTransform_float_3_3
Parameters: 0.999999 -0.000740364 -0.000389059 0.000740965 0.999998 0.00214174 0.000387854 -0.00214126 0.999997 -0.0121738 -0.0960844 -0.0249965
FixedParameters: 0 0 0

#Transform 40
Transform: AffineTransform_float_3_3
Parameters: 0.999999 -0.000748771 -0.000138276 0.000749325 0.999997 0.0022429 0.000136915 -0.0022431 0.999998 -0.0230485 -0.101079 -0.00225168
FixedParameters: 0 0 0

#Transform 41
Transform: AffineTransform_float_3_3
Parameters: 0.999999 -0.000740168 -0.000389432 0.00074116 0.999996 0.00264471 0.000387482 -0.00264429 0.999997 -0.00306286 -0.118276 -0.0108959
FixedParameters: 0 0 0

#Transform 42
Transform: AffineTransform_float_3_3
Parameters: 0.999999 -0.000732512 -0.000611416 0.000733868 0.999996 0.00279955 0.000609246 -0.00280045 0.999996 0.0126416 -0.12368 -0.0568364
FixedParameters: 0 0 0

#Transform 43
Transform: AffineTransform_float_3_3
Parameters: 0.999999 -0.000737733 -0.000458526 0.000739258 0.999995 0.00282766 0.000456317 -0.00282834 0.999996 -0.0325528 -0.125669 -0.028738
FixedParameters: 0 0 0

#Transform 44
Transform: AffineTransform_float_3_3
Parameters: 1 -0.00098896 -0.000426183 0.000990332 0.999996 0.00290161 0.000423407 -0.00290139 0.999995 -0.0539813 -0.117805 -0.0148658
FixedParameters: 0 0 0

#Transform 45
Transform: AffineTransform_float_3_3
Parameters: 0.999999 -0.000755954 7.44412e-05 0.000755521 0.999996 0.00245706 -7.61558e-05 -0.00245694 0.999997 -0.092958 -0.0732309 -0.120798
FixedParameters: 0 0 0

#Transform 46
Transform: AffineTransform_float_3_3
Parameters: 1 -0.000439357 3.1658e-06 0.000439309 0.999997 0.002358 -4.23819e-06 -0.002358 0.999997 -0.064079 -0.0885912 -0.0426925
FixedParameters: 0 0 0

#Transform 47
Transform: AffineTransform_float_3_3
Parameters: 1 -0.000182512 -4.71851e-05 0.000182701 0.999998 0.00233199 4.73329e-05 -0.00233201 0.999998 -0.0521163 -0.0859502 0.0370815
FixedParameters: 0 0 0

#Transform 48
Transform: AffineTransform_float_3_3
Parameters: 1 -0.00047985 1.65489e-05 0.000479718 0.999995 0.00289501 -1.83273e-05 -0.00289499 0.999996 -0.0466642 -0.126963 -0.0206887
FixedParameters: 0 0 0

#Transform 49
Transform: AffineTransform_float_3_3
Parameters: 0.999999 -0.000841206 -0.000448896 0.000842501 0.999996 0.00263265 0.000446431 -0.00263235 0.999996 -0.0340888 -0.0950703 -0.00428416
FixedParameters: 0 0 0

#Transform 50
Transform: AffineTransform_float_3_3
Parameters: 1 0.000597037 -0.000833278 -0.00059396 0.999991 0.0041845 0.000835137 -0.0041835 0.999991 0.00508149 -0.131352 -0.00396446
FixedParameters: 0 0 0

#Transform 51
Transform: AffineTransform_float_3_3
Parameters: 1 -0.000216581 -0.000476805 0.000218695 0.999994 0.00329886 0.000476337 -0.00329913 0.999995 -0.010624 -0.095559 0.037385
FixedParameters: 0 0 0

#Transform 52
Transform: AffineTransform_float_3_3
Parameters: 1 -0.000399705 -0.00104462 0.000403099 0.999993 0.00356955 0.00104363 -0.00357045 0.999993 0.0183963 -0.119895 0.0351792
FixedParameters: 0 0 0

#Transform 53
Transform: AffineTransform_float_3_3
Parameters: 0.999999 -0.000697314 -0.000497271 0.000698204 0.999996 0.00297466 0.000495055 -0.00297535 0.999996 -0.0290576 -0.103114 -0.0302256
FixedParameters: 0 0 0

#Transform 54
Transform: AffineTransform_float_3_3
Parameters: 1 -0.000300245 -0.00111219 0.000304224 0.999994 0.00360167 0.00111089 -0.00360234 0.999993 0.00529048 -0.143679 -0.129385
FixedParameters: 0 0 0

#Transform 55
Transform: AffineTransform_float_3_3
Parameters: 1 -0.000400258 -0.00103652 0.000404078 0.999995 0.00330758 0.00103477 -0.00330742 0.999994 1.84121e-05 -0.132974 -0.0768326
FixedParameters: 0 0 0

#Transform 56
Transform: AffineTransform_float_3_3
Parameters: 0.999999 -0.000387295 -0.00142316 0.000391729 0.999996 0.00297445 0.00142171 -0.00297555 0.999994 0.0167328 -0.125019 -0.0532054
FixedParameters: 0 0 0

#Transform 57
Transform: AffineTransform_float_3_3
Parameters: 0.999999 -0.000386874 -0.00142327 0.00039115 0.999994 0.00327041 0.00142157 -0.00327058 0.999993 0.0339178 -0.132565 -0.0342506
FixedParameters: 0 0 0

#Transform 58
Transform: AffineTransform_float_3_3
Parameters: 0.999999 -0.000404149 -0.000923601 0.000407284 0.999995 0.00334063 0.000921796 -0.00334138 0.999994 0.0086631 -0.12264 -0.0637366
FixedParameters: 0 0 0

#Transform 59
Transform: AffineTransform_float_3_3
Parameters: 0.999999 -0.000755924 -0.00118064 0.000758705 0.999996 0.00291211 0.0011791 -0.0029129 0.999995 0.0165189 -0.104063 -0.193594
FixedParameters: 0 0 0

#Transform 60
Transform: AffineTransform_float_3_3
Parameters: 1 -0.000140436 -0.00110045 0.000143571 0.999996 0.00280081 0.00110056 -0.00280119 0.999996 0.0252463 -0.11929 -0.101093
FixedParameters: 0 0 0

#Transform 61
Transform: AffineTransform_float_3_3
Parameters: 0.999999 -0.000391836 -0.00129717 0.000395104 0.999996 0.00281446 0.00129583 -0.00281454 0.999995 0.028571 -0.108719 -0.0892639
FixedParameters: 0 0 0

#Transform 62
Transform: AffineTransform_float_3_3
Parameters: 0.999999 -0.000396173 -0.00118309 0.000398929 0.999997 0.0024465 0.00118205 -0.0024465 0.999997 0.0159735 -0.0963423 -0.0595834
FixedParameters: 0 0 0

#Transform 63
Transform: AffineTransform_float_3_3
Parameters: 1 -8.15423e-05 -0.0011054 8.51111e-05 0.999997 0.00251888 0.00110492 -0.00251912 0.999996 0.0307034 -0.0911258 -0.025993
FixedParameters: 0 0 0

#Transform 64
Transform: AffineTransform_float_3_3
Parameters: 0.999999 -0.00039529 -0.0012071 0.000398304 0.999997 0.00250449 0.00120602 -0.00250451 0.999996 0.00605755 -0.0684923 -0.169514
FixedParameters: 0 0 0

#Transform 65
Transform: AffineTransform_float_3_3
Parameters: 0.999999 0.000115887 -0.00140587 -0.000111531 0.999996 0.00260513 0.00140537 -0.00260487 0.999995 0.013354 -0.0771702 -0.200815
FixedParameters: 0 0 0

#Transform 66
Transform: AffineTransform_float_3_3
Parameters: 0.999998 7.5904e-05 -0.00164636 -7.06043e-05 0.999995 0.00312709 0.00164666 -0.00312691 0.999994 0.0179831 -0.112052 -0.197275
FixedParameters: 0 0 0

#Transform 67
Transform: AffineTransform_float_3_3
Parameters: 0.999998 -9.65765e-05 -0.00199358 0.000103281 0.999994 0.00344374 0.00199367 -0.00344426 0.999992 0.0340306 -0.126846 -0.205838
FixedParameters: 0 0 0

#Transform 68
Transform: AffineTransform_float_3_3
Parameters: 0.999982 -0.0018368 -0.00567458 0.00193561 0.999845 0.0174809 0.00564151 -0.0174921 0.999832 0.225436 -0.442263 -0.198241
FixedParameters: 0 0 0

#Transform 69
Transform: AffineTransform_float_3_3
Parameters: 0.99999 -0.00213148 -0.00388506 0.00216312 0.999966 0.00801854 0.00386766 -0.00802646 0.99996 0.139683 -0.288984 -0.169966
FixedParameters: 0 0 0

#Transform 70
Transform: AffineTransform_float_3_3
Parameters: 0.999997 0.000232108 -0.00268957 -0.000241081 0.999994 -0.00352049 0.00268922 0.00352051 0.99999 0.158126 -0.0824629 -0.404699
FixedParameters: 0 0 0

#Transform 71
Transform: AffineTransform_float_3_3
Parameters: 0.999999 -0.00147632 -0.000508979 0.00147618 0.999999 0.000908282 0.000508263 -0.000909721 1 0.111563 -0.108592 -0.376716
FixedParameters: 0 0 0

#Transform 72
Transform: AffineTransform_float_3_3
Parameters: 1 0.000198208 5.49329e-05 -0.000198549 0.999994 0.00340099 -5.4583e-05 -0.00340101 0.999994 -0.0970723 -0.0664035 -0.684846
FixedParameters: 0 0 0

#Transform 73
Transform: AffineTransform_float_3_3
Parameters: 0.999997 -0.00125602 0.00218761 0.00125072 0.999996 0.00255368 -0.00218982 -0.00255032 0.999995 -0.144964 -0.179218 -0.477491
FixedParameters: 0 0 0

#Transform 74
Transform: AffineTransform_float_3_3
Parameters: 0.999995 -0.00274153 -0.0015011 0.00275361 0.999962 0.00832 0.00147798 -0.00832401 0.999965 0.0982361 -0.379369 -0.301465
FixedParameters: 0 0 0

#Transform 75
Transform: AffineTransform_float_3_3
Parameters: 0.999998 -0.00185437 -0.000678464 0.00185815 0.999985 0.00526581 0.000668812 -0.00526719 0.999986 0.0298012 -0.185237 -0.382466
FixedParameters: 0 0 0

#Transform 76
Transform: AffineTransform_float_3_3
Parameters: 0.999997 -0.00136565 -0.00171956 0.00137387 0.999987 0.00478561 0.00171319 -0.00478838 0.999987 0.0634345 -0.150554 -0.419732
FixedParameters: 0 0 0

#Transform 77
Transform: AffineTransform_float_3_3
Parameters: 0.999998 -0.000940535 -0.00165169 0.000947772 0.99999 0.00435141 0.00164725 -0.00435359 0.999989 0.0356515 -0.135558 -0.469498
FixedParameters: 0 0 0

#Transform 78
Transform: AffineTransform_float_3_3
Parameters: 0.999998 -0.000837388 -0.00208553 0.000846554 0.999989 0.00462718 0.00208142 -0.00462982 0.999987 0.0457797 -0.145966 -0.501209
FixedParameters: 0 0 0

#Transform 79
Transform: AffineTransform_float_3_3
Parameters: 0.999998 -0.000903899 -0.00183801 0.000912662 0.999987 0.00487827 0.00183386 -0.00487973 0.999987 0.0442941 -0.15623 -0.49532
FixedParameters: 0 0 0

#Transform 80
Transform: AffineTransform_float_3_3
Parameters: 0.999999 -0.000859342 -0.00165383 0.000865733 0.99999 0.00439154 0.00164999 -0.00439346 0.999989 0.0374585 -0.135676 -0.493621
FixedParameters: 0 0 0

#Transform 81
Transform: AffineTransform_float_3_3
Parameters: 0.999999 -0.000792436 -0.00156343 0.000799264 0.999989 0.00445672 0.00155911 -0.00445827 0.999989 0.0349176 -0.131967 -0.489669
FixedParameters: 0 0 0

#Transform 82
Transform: AffineTransform_float_3_3
Parameters: 0.999998 -9.15199e-05 -0.00188649 0.000100067 0.999991 0.00439279 0.00188639 -0.00439321 0.999988 0.0187761 -0.135941 -0.500026
FixedParameters: 0 0 0

#Transform 83
Transform: AffineTransform_float_3_3
Parameters: 0.999998 7.05293e-07 -0.00191521 8.40221e-06 0.99999 0.00446593 0.00191492 -0.00446507 0.999988 0.0119941 -0.121563 -0.48451
FixedParameters: 0 0 0

#Transform 84
Transform: AffineTransform_float_3_3
Parameters: 0.999999 -0.000513591 -0.00175943 0.000521443 0.999991 0.00424805 0.00175781 -0.00424894 0.999989 0.0126586 -0.129687 -0.411822
FixedParameters: 0 0 0

#Transform 85
Transform: AffineTransform_float_3_3
Parameters: 0.999997 -0.00087718 -0.00205325 0.00088277 0.999996 0.00284516 0.00205105 -0.00284684 0.999994 0.0571343 -0.0412164 -0.0427174
FixedParameters: 0 0 0

#Transform 86
Transform: AffineTransform_float_3_3
Parameters: 0.999998 -0.000751951 -0.00218688 0.00075748 0.999996 0.00265029 0.00218469 -0.00265172 0.999994 0.0556773 -0.0847484 -0.22673
FixedParameters: 0 0 0

#Transform 87
Transform: AffineTransform_float_3_3
Parameters: 0.999998 -0.000510118 -0.00189399 0.000516463 0.999993 0.00353996 0.00189213 -0.00354103 0.999992 0.0412919 -0.142908 -0.231664
FixedParameters: 0 0 0

#Transform 88
Transform: AffineTransform_float_3_3
Parameters: 0.999998 -0.000518647 -0.0016274 0.000524706 0.999991 0.00403312 0.00162497 -0.00403388 0.99999 0.0423629 -0.145555 -0.21936
FixedParameters: 0 0 0

#Transform 89
Transform: AffineTransform_float_3_3
Parameters: 0.999998 -0.000793684 -0.00175111 0.000800174 0.999992 0.00388857 0.00174869 -0.00389043 0.999991 0.0442283 -0.13142 -0.181326
FixedParameters: 0 0 0

#Transform 90
Transform: AffineTransform_float_3_3
Parameters: 0.999998 -0.000873251 -0.00169514 0.000880235 0.999991 0.00416448 0.00169161 -0.00416552 0.99999 0.0464378 -0.132928 -0.193007
FixedParameters: 0 0 0

#Transform 91
Transform: AffineTransform_float_3_3
Parameters: 0.999999 -0.000516441 -0.00168344 0.000523368 0.999991 0.00416509 0.00168189 -0.00416591 0.99999 0.0632159 -0.146881 -0.179645
FixedParameters: 0 0 0

#Transform 92
Transform: AffineTransform_float_3_3
Parameters: 0.999998 -0.000502192 -0.00202376 0.000512258 0.999986 0.00522991 0.00202111 -0.00523009 0.999985 0.0867761 -0.177634 -0.155162
FixedParameters: 0 0 0

#Transform 93
Transform: AffineTransform_float_3_3
Parameters: 0.999997 -0.00049843 -0.00211281 0.000510426 0.999985 0.00546587 0.00210995 -0.00546713 0.999983 0.0818241 -0.190596 -0.189558
FixedParameters: 0 0 0

#Transform 94
Transform: AffineTransform_float_3_3
Parameters: 0.999997 -0.000486063 -0.00246644 0.000498556 0.999987 0.00518772 0.00246392 -0.00518928 0.999983 0.114978 -0.185914 -0.194305
FixedParameters: 0 0 0

#Transform 95
Transform: AffineTransform_float_3_3
Parameters: 0.999997 -0.000484965 -0.00246666 0.000498655 0.999984 0.00563369 0.00246367 -0.00563431 0.999981 0.0972909 -0.182741 -0.216451
FixedParameters: 0 0 0

#Transform 96
Transform: AffineTransform_float_3_3
Parameters: 0.999997 -0.000422572 -0.00231005 0.000433792 0.999986 0.00526292 0.00230813 -0.00526409 0.999984 0.145298 -0.174328 -0.115261
FixedParameters: 0 0 0

#Transform 97
Transform: AffineTransform_float_3_3
Parameters: 0.999993 -0.003301 -0.00187244 0.00334624 0.999687 0.024799 0.00179016 -0.024805 0.999691 -0.0813379 -0.479711 -0.593316
FixedParameters: 0 0 0

#Transform 98
Transform: AffineTransform_float_3_3
Parameters: 0.999996 -0.00272459 -0.000790653 0.00272441 0.999996 -0.000117031 0.000791285 0.000114968 0.999999 0.0316822 -0.243019 -0.339003
FixedParameters: 0 0 0

#Transform 99
Transform: AffineTransform_float_3_3
Parameters: 0.999996 -0.00153572 -0.00228357 0.0015292 0.999995 -0.00299454 0.00228796 0.00299046 0.999993 0.125925 0.106305 -0.5096
FixedParameters: 0 0 0

#Transform 100
Transform: AffineTransform_float_3_3
Parameters: 0.999994 -0.0010154 -0.00334038 0.0010299 0.99999 0.00428943 0.00333616 -0.00429258 0.999986 0.175716 -0.165055 -0.324508
FixedParameters: 0 0 0

#Transform 101
Transform: AffineTransform_float_3_3
Parameters: 0.999995 -0.000517183 -0.00332288 0.000532665 0.999988 0.00475107 0.00332038 -0.00475293 0.999983 0.163431 -0.0989284 -0.372892
FixedParameters: 0 0 0

#Transform 102
Transform: AffineTransform_float_3_3
Parameters: 0.999995 -0.000337497 -0.00331635 0.000353558 0.999989 0.00469169 0.00331463 -0.0046933 0.999983 0.153101 -0.0898213 -0.401668
FixedParameters: 0 0 0

#Transform 103
Transform: AffineTransform_float_3_3
Parameters: 0.999995 -0.000345874 -0.00317879 0.000362848 0.999987 0.00519674 0.0031766 -0.00519725 0.999981 0.147746 -0.121148 -0.427867
FixedParameters: 0 0 0

#Transform 104
Transform: AffineTransform_float_3_3
Parameters: 0.999995 -0.000516594 -0.00332297 0.000532253 0.999987 0.00492807 0.00332026 -0.00492993 0.999983 0.144328 -0.135129 -0.429511
FixedParameters: 0 0 0

#Transform 105
Transform: AffineTransform_float_3_3
Parameters: 0.999993 -0.000506206 -0.00357298 0.000524936 0.999986 0.00529297 0.00356993 -0.00529503 0.999979 0.163826 -0.142627 -0.444996
FixedParameters: 0 0 0

#Transform 106
Transform: AffineTransform_float_3_3
Parameters: 0.999995 -0.000515661 -0.00332311 0.000532187 0.999987 0.0052091 0.00332009 -0.0052109 0.999981 0.16128 -0.139169 -0.438656
FixedParameters: 0 0 0

#Transform 107
Transform: AffineTransform_float_3_3
Parameters: 0.999995 -0.000515185 -0.00332319 0.000532661 0.999985 0.00535207 0.00332001 -0.00535393 0.99998 0.161193 -0.153997 -0.407447
FixedParameters: 0 0 0

#Transform 108
Transform: AffineTransform_float_3_3
Parameters: 0.999995 -0.000468457 -0.00332142 0.000485436 0.999986 0.00527926 0.00331882 -0.00528174 0.99998 0.148441 -0.141508 -0.433468
FixedParameters: 0 0 0

#Transform 109
Transform: AffineTransform_float_3_3
Parameters: 0.999996 -0.000859023 -0.00293248 0.000874755 0.999985 0.00526833 0.00292787 -0.00527067 0.999982 0.121415 -0.140566 -0.363116
FixedParameters: 0 0 0

#Transform 110
Transform: AffineTransform_float_3_3
Parameters: 0.999995 -0.00115886 -0.00317403 0.00117407 0.999988 0.00478917 0.00316838 -0.00479283 0.999983 0.169461 -0.112724 -0.261373
FixedParameters: 0 0 0

#Transform 111
Transform: AffineTransform_float_3_3
Parameters: 0.999994 -0.00145611 -0.00335566 0.00146972 0.999991 0.00399396 0.00334955 -0.00399903 0.999986 0.128597 -0.0932862 -0.344319
FixedParameters: 0 0 0

#Transform 112
Transform: AffineTransform_float_3_3
Parameters: 0.999995 -0.000483803 -0.00332174 0.000500079 0.999988 0.00487221 0.00331944 -0.00487379 0.999982 0.172357 -0.141676 -0.279042
FixedParameters: 0 0 0

#Transform 113
Transform: AffineTransform_float_3_3
Parameters: 0.999995 0.000206084 -0.00317359 -0.000190528 0.999987 0.00512647 0.00317509 -0.00512653 0.999982 0.156788 -0.141664 -0.325382
FixedParameters: 0 0 0

#Transform 114
Transform: AffineTransform_float_3_3
Parameters: 0.999996 -0.000205734 -0.00257129 0.000219968 0.999986 0.00530735 0.00257062 -0.00530764 0.999982 0.140937 -0.13758 -0.312437
FixedParameters: 0 0 0

#Transform 115
Transform: AffineTransform_float_3_3
Parameters: 0.999997 -0.0001996 -0.00272123 0.000214679 0.999984 0.00553731 0.00272047 -0.00553769 0.999981 0.147524 -0.137359 -0.324816
FixedParameters: 0 0 0

#Transform 116
Transform: AffineTransform_float_3_3
Parameters: 0.999995 -0.000191539 -0.00295603 0.000206974 0.999986 0.00532626 0.0029554 -0.00532775 0.999982 0.135355 -0.130498 -0.321319
FixedParameters: 0 0 0

#Transform 117
Transform: AffineTransform_float_3_3
Parameters: 0.999995 -0.000192924 -0.00291307 0.000208292 0.999986 0.00539329 0.00291241 -0.00539471 0.999981 0.155724 -0.146377 -0.295612
FixedParameters: 0 0 0

#Transform 118
Transform: AffineTransform_float_3_3
Parameters: 0.999996 -0.000834974 -0.0026286 0.000840783 0.999997 0.0022577 0.00262663 -0.0022593 0.999994 0.130943 -0.0443226 -0.327127
FixedParameters: 0 0 0

#Transform 119
Transform: AffineTransform_float_3_3
Parameters: 0.999997 -0.000575856 -0.00230834 0.000579735 0.999999 0.0017126 0.00230723 -0.0017144 0.999996 0.122356 -0.0498711 -0.249898
FixedParameters: 0 0 0

#Transform 120
Transform: AffineTransform_float_3_3
Parameters: 0.999998 -0.000508921 -0.00220218 0.000513273 0.999998 0.00190281 0.0022011 -0.00190419 0.999996 0.0983869 -0.0055759 -0.331191
FixedParameters: 0 0 0

#Transform 121
Transform: AffineTransform_float_3_3
Parameters: 0.999996 -0.000269735 -0.00262684 0.000277542 0.999996 0.00301419 0.00262594 -0.00301482 0.999992 0.141889 -0.0544278 -0.261454
FixedParameters: 0 0 0

#Transform 122
Transform: AffineTransform_float_3_3
Parameters: 0.999997 -0.000416224 -0.00267708 0.00042505 0.999995 0.00334078 0.00267599 -0.00334122 0.999991 0.130054 -0.0658798 -0.268282
FixedParameters: 0 0 0

#Transform 123
Transform: AffineTransform_float_3_3
Parameters: 0.999996 -0.000410173 -0.00278038 0.000421627 0.999991 0.00422872 0.00277849 -0.00423028 0.999987 0.14978 -0.106788 -0.305837
FixedParameters: 0 0 0

#Transform 124
Transform: AffineTransform_float_3_3
Parameters: 0.999995 -0.000400797 -0.00307306 0.0004126 0.999993 0.00388262 0.00307152 -0.00388338 0.999988 0.140384 -0.0691173 -0.462296
FixedParameters: 0 0 0

#Transform 125
Transform: AffineTransform_float_3_3
Parameters: 0.999995 -0.000602912 -0.00308037 0.000615252 0.999992 0.004128 0.00307793 -0.00413 0.999987 0.164086 -0.102955 -0.341716
FixedParameters: 0 0 0

#Transform 126
Transform: AffineTransform_float_3_3
Parameters: 0.999996 -0.000506271 -0.0027027 0.000517525 0.999992 0.00412852 0.00270012 -0.00413048 0.999988 0.154579 -0.084842 -0.32114
FixedParameters: 0 0 0

#Transform 127
Transform: AffineTransform_float_3_3
Parameters: 0.999995 -0.000620248 -0.00308114 0.000632902 0.999991 0.00434094 0.00307826 -0.00434206 0.999986 0.1845 -0.111618 -0.286065
FixedParameters: 0 0 0

#Transform 128
Transform: AffineTransform_float_3_3
Parameters: 0.999995 -0.000460787 -0.0030748 0.000470551 0.999994 0.00322341 0.00307349 -0.00322459 0.99999 0.139355 -0.0901944 -0.313507
FixedParameters: 0 0 0

#Transform 129
Transform: AffineTransform_float_3_3
Parameters: 0.999996 -0.000569266 -0.00269129 0.000582318 0.999989 0.00467235 0.00268853 -0.00467364 0.999985 0.134268 -0.155957 -0.227126
FixedParameters: 0 0 0

#Transform 130
Transform: AffineTransform_float_3_3
Parameters: 0.999995 -0.000537418 -0.00291126 0.000550307 0.999989 0.00463429 0.00290878 -0.00463571 0.999985 0.164854 -0.154203 -0.224966
FixedParameters: 0 0 0

#Transform 131
Transform: AffineTransform_float_3_3
Parameters: 0.999997 -0.000735732 -0.00254422 0.000742214 0.999997 0.00226802 0.00254271 -0.00226998 0.999994 0.108088 -0.0609177 -0.301435
FixedParameters: 0 0 0

#Transform 132
Transform: AffineTransform_float_3_3
Parameters: 0.999994 -0.000705912 -0.00335033 0.000716372 0.999995 0.00306646 0.00334865 -0.00306854 0.999989 0.150072 -0.115697 -0.323269
FixedParameters: 0 0 0

#Transform 133
Transform: AffineTransform_float_3_3
Parameters: 0.999995 -0.000524126 -0.00334385 0.000533368 0.999996 0.00273607 0.00334267 -0.00273793 0.99999 0.183426 -0.0816638 -0.315997
FixedParameters: 0 0 0

#Transform 134
Transform: AffineTransform_float_3_3
Parameters: 0.999992 -0.000677813 -0.00410721 0.000692915 0.999994 0.00355293 0.0041049 -0.00355607 0.999986 0.23191 -0.0963577 -0.336677
FixedParameters: 0 0 0

#Transform 135
Transform: AffineTransform_float_3_3
Parameters: 0.999993 -0.000625151 -0.00367824 0.000639497 0.999993 0.00372545 0.00367512 -0.00372755 0.999987 0.200509 -0.0877703 -0.304986
FixedParameters: 0 0 0

#Transform 136
Transform: AffineTransform_float_3_3
Parameters: 0.999993 -0.00166202 -0.00352428 0.00168254 0.999981 0.00579695 0.00351425 -0.00580305 0.999977 0.211414 -0.181443 -0.149441
FixedParameters: 0 0 0

#Transform 137
Transform: AffineTransform_float_3_3
Parameters: 0.99999 -0.00219488 -0.00384834 0.00222305 0.999969 0.00751038 0.00383222 -0.00751862 0.999964 0.207142 -0.270835 -0.0950009
FixedParameters: 0 0 0

#Transform 138
Transform: AffineTransform_float_3_3
Parameters: 0.999997 -0.0020476 -0.00135905 0.00206595 0.999902 0.0138483 0.00133049 -0.0138517 0.999903 -0.0705286 -0.217012 -0.311298
FixedParameters: 0 0 0

#Transform 139
Transform: AffineTransform_float_3_3
Parameters: 0.999999 -0.00173424 -0.000355284 0.00173761 0.999964 0.00838246 0.000341109 -0.00838354 0.999965 0.0781525 -0.217839 -0.326118
FixedParameters: 0 0 0

#Transform 140
Transform: AffineTransform_float_3_3
Parameters: 0.999999 -0.00130034 -0.000789839 0.0013077 0.999961 0.00873898 0.000777852 -0.00874003 0.999962 0.075511 -0.211937 -0.229287
FixedParameters: 0 0 0

#Transform 141
Transform: AffineTransform_float_3_3
Parameters: 0.999998 -0.0013415 -0.0010759 0.00134959 0.999966 0.00814256 0.00106469 -0.00814444 0.999967 0.0719306 -0.183261 -0.187162
FixedParameters: 0 0 0

#Transform 142
Transform: AffineTransform_float_3_3
Parameters: 0.999999 -0.00135892 -2.89783e-05 0.00135896 0.999964 0.00829899 1.74167e-05 -0.00829899 0.999965 0.026919 -0.168933 -0.222927
FixedParameters: 0 0 0

#Transform 143
Transform: AffineTransform_float_3_3
Parameters: 0.999999 -0.00100736 -0.00100431 0.0010148 0.999968 0.00784198 0.000996197 -0.00784301 0.999969 0.0884963 -0.153368 -0.275389
FixedParameters: 0 0 0

#Transform 144
Transform: AffineTransform_float_3_3
Parameters: 0.999998 -0.000907186 -0.00165619 0.000920904 0.999967 0.00815746 0.00164886 -0.00815855 0.999966 0.123424 -0.178195 -0.298449
FixedParameters: 0 0 0

#Transform 145
Transform: AffineTransform_float_3_3
Parameters: 0.999998 -0.000991787 -0.00183295 0.00100731 0.999964 0.00842014 0.00182464 -0.00842186 0.999963 0.109822 -0.198065 -0.298928
FixedParameters: 0 0 0

#Transform 146
Transform: AffineTransform_float_3_3
Parameters: 0.999998 -0.00117496 -0.00171394 0.00118885 0.999965 0.00824798 0.001704 -0.00825002 0.999964 0.103514 -0.193037 -0.27153
FixedParameters: 0 0 0

#Transform 147
Transform: AffineTransform_float_3_3
Parameters: 0.999998 -0.00105804 -0.00130599 0.00106924 0.999966 0.00825162 0.00129711 -0.00825239 0.999965 0.114322 -0.192237 -0.26883
FixedParameters: 0 0 0

#Transform 148
Transform: AffineTransform_float_3_3
Parameters: 0.999997 -0.000710634 -0.00202561 0.00072699 0.999968 0.00804851 0.00202054 -0.00804949 0.999965 0.138162 -0.181512 -0.257485
FixedParameters: 0 0 0

#Transform 149
Transform: AffineTransform_float_3_3
Parameters: 0.999998 -0.00106598 -0.0016414 0.00107922 0.999967 0.00810625 0.0016336 -0.00810776 0.999966 0.110246 -0.190932 -0.217868
FixedParameters: 0 0 0

#Transform 150
Transform: AffineTransform_float_3_3
Parameters: 0.999997 -0.00162971 -0.00194176 0.00164532 0.999967 0.00801683 0.00192902 -0.00802018 0.999966 0.103814 -0.189915 -0.19485
FixedParameters: 0 0 0

#Transform 151
Transform: AffineTransform_float_3_3
Parameters: 0.999996 -0.00131963 -0.00224932 0.00133566 0.999974 0.00697995 0.0022403 -0.00698205 0.999973 0.123655 -0.196128 -0.204332
FixedParameters: 0 0 0
