# transform file /out/sourcedata/freesurfer/sub-v2s3x28817_ses-1/mri/transforms/cc_up.lta
# created by oesteban on Fri Mar 13 03:22:50 2026

type      = 0 # LINEAR_VOX_TO_VOX
nxforms   = 1
mean      = 131.0000 133.0000 98.0000
sigma     = 10000.0000
1 4 4
9.935096502304077e-01 -9.562544524669647e-02 6.159823760390282e-02 6.177904605865479e+00 
9.544218331575394e-02 9.954174160957336e-01 5.917476955801249e-03 8.804482460021973e+00 
-6.188181787729263e-02 -4.656612873077393e-10 9.980835318565369e-01 4.605231475830078e+01 
0.000000000000000e+00 0.000000000000000e+00 0.000000000000000e+00 1.000000000000000e+00 
src volume info
valid = 1  # volume info valid
filename = /out/sourcedata/freesurfer/sub-v2s3x28817_ses-1/mri/norm.mgz
volume = 256 256 256
voxelsize = 1.000000000000000e+00 1.000000000000000e+00 1.000000000000000e+00
xras   = -1.000000000000000e+00 0.000000000000000e+00 0.000000000000000e+00
yras   = 0.000000000000000e+00 0.000000000000000e+00 -1.000000000000000e+00
zras   = 0.000000000000000e+00 1.000000000000000e+00 0.000000000000000e+00
cras   = 6.359527587890625e+00 3.266950988769531e+01 -3.429229736328125e+00
dst volume info
valid = 1  # volume info valid
filename = /out/sourcedata/freesurfer/sub-v2s3x28817_ses-1/mri/norm.mgz
volume = 256 256 256
voxelsize = 1.000000000000000e+00 1.000000000000000e+00 1.000000000000000e+00
xras   = -1.000000000000000e+00 0.000000000000000e+00 0.000000000000000e+00
yras   = 0.000000000000000e+00 0.000000000000000e+00 -1.000000000000000e+00
zras   = 0.000000000000000e+00 1.000000000000000e+00 0.000000000000000e+00
cras   = 6.359527587890625e+00 3.266950988769531e+01 -3.429229736328125e+00
