# transform file /out/sourcedata/freesurfer/sub-v2s3x28838_ses-1/mri/transforms/cc_up.lta
# created by oesteban on Fri Mar 13 04:46:29 2026

type      = 0 # LINEAR_VOX_TO_VOX
nxforms   = 1
mean      = 130.0000 108.0000 133.0000
sigma     = 10000.0000
1 4 4
9.998326301574707e-01 -9.548915550112724e-03 -1.561185531318188e-02 8.040208220481873e-01 
9.547752328217030e-03 9.999544620513916e-01 -1.490830763941631e-04 3.978139495849609e+01 
1.561256777495146e-02 0.000000000000000e+00 9.998782277107239e-01 9.855984449386597e-01 
0.000000000000000e+00 0.000000000000000e+00 0.000000000000000e+00 1.000000000000000e+00 
src volume info
valid = 1  # volume info valid
filename = /out/sourcedata/freesurfer/sub-v2s3x28838_ses-1/mri/norm.mgz
volume = 256 256 256
voxelsize = 1.000000000000000e+00 1.000000000000000e+00 1.000000000000000e+00
xras   = -1.000000000000000e+00 0.000000000000000e+00 0.000000000000000e+00
yras   = 0.000000000000000e+00 0.000000000000000e+00 -1.000000000000000e+00
zras   = 0.000000000000000e+00 1.000000000000000e+00 0.000000000000000e+00
cras   = -1.560989379882812e+00 1.724336242675781e+01 -6.573104858398438e+00
dst volume info
valid = 1  # volume info valid
filename = /out/sourcedata/freesurfer/sub-v2s3x28838_ses-1/mri/norm.mgz
volume = 256 256 256
voxelsize = 1.000000000000000e+00 1.000000000000000e+00 1.000000000000000e+00
xras   = -1.000000000000000e+00 0.000000000000000e+00 0.000000000000000e+00
yras   = 0.000000000000000e+00 0.000000000000000e+00 -1.000000000000000e+00
zras   = 0.000000000000000e+00 1.000000000000000e+00 0.000000000000000e+00
cras   = -1.560989379882812e+00 1.724336242675781e+01 -6.573104858398438e+00
