#Insight Transform File V1.0
#Transform 0
Transform: AffineTransform_float_3_3
Parameters: 0.999999 0.00110305 -0.00075428 -0.00110529 0.999994 -0.00307515 0.000750185 0.00307585 0.999995 0.0122245 -0.081527 -0.262402
FixedParameters: 0 0 0

#Transform 1
Transform: AffineTransform_float_3_3
Parameters: 0.999998 0.00113641 -0.00118064 -0.00114153 0.999991 -0.00420176 0.00117646 0.00420224 0.99999 0.0153141 -0.0574713 -0.156547
FixedParameters: 0 0 0

#Transform 2
Transform: AffineTransform_float_3_3
Parameters: 0.999996 0.00180037 -0.00193684 -0.00180797 0.99999 -0.00404157 0.00192921 0.00404442 0.999989 0.0589178 0.0428213 -0.151323
FixedParameters: 0 0 0

#Transform 3
Transform: AffineTransform_float_3_3
Parameters: 0.999998 0.00154368 -0.00140469 -0.00154985 0.99999 -0.00430793 0.00139761 0.00431007 0.99999 -0.0143288 0.112109 -0.0258004
FixedParameters: 0 0 0

#Transform 4
Transform: AffineTransform_float_3_3
Parameters: 0.999997 0.00158688 -0.00188872 -0.00159892 0.999981 -0.00595994 0.00187939 0.00596305 0.99998 0.0584128 0.111642 -0.158
FixedParameters: 0 0 0

#Transform 5
Transform: AffineTransform_float_3_3
Parameters: 0.999997 0.000757311 -0.00202224 -0.000769455 0.999982 -0.00590628 0.00201765 0.00590771 0.99998 0.0462088 0.0910131 -0.217533
FixedParameters: 0 0 0

#Transform 6
Transform: AffineTransform_float_3_3
Parameters: 0.999999 0.000482951 -0.000788391 -0.000488231 0.999981 -0.0061366 0.000784854 0.0061364 0.999981 0.0292596 -0.0210836 -0.0815228
FixedParameters: 0 0 0

#Transform 7
Transform: AffineTransform_float_3_3
Parameters: 0.999999 -7.34281e-05 -0.00123112 6.69534e-05 0.999985 -0.00544595 0.00123092 0.00544605 0.999985 0.0349239 -0.0188901 -0.0594543
FixedParameters: 0 0 0

#Transform 8
Transform: AffineTransform_float_3_3
Parameters: 0.999998 0.000133749 -0.00171756 -0.000143295 0.999986 -0.00516647 0.00171701 0.00516653 0.999985 0.0780812 0.0418099 0.0121559
FixedParameters: 0 0 0

#Transform 9
Transform: AffineTransform_float_3_3
Parameters: 0.999999 0.00136445 -0.000517497 -0.00136617 0.99999 -0.00439142 0.000511174 0.00439159 0.999991 0.0645859 -0.000689895 -0.0749393
FixedParameters: 0 0 0

#Transform 10
Transform: AffineTransform_float_3_3
Parameters: 0.999999 0.000781242 0.000238696 -0.000780469 0.999995 -0.00310219 -0.000241422 0.00310181 0.999995 0.0121575 -0.0777343 -0.0432653
FixedParameters: 0 0 0

#Transform 11
Transform: AffineTransform_float_3_3
Parameters: 0.999999 0.00066841 -0.000554025 -0.000670508 0.999992 -0.00406277 0.000551282 0.00406323 0.999991 0.0406915 0.00892473 -0.0425628
FixedParameters: 0 0 0

#Transform 12
Transform: AffineTransform_float_3_3
Parameters: 1 0.00105747 -0.000468779 -0.00105941 0.999993 -0.00372564 0.000464717 0.00372636 0.999993 0.0488534 0.00633363 -0.133322
FixedParameters: 0 0 0

#Transform 13
Transform: AffineTransform_float_3_3
Parameters: 1 0.000541691 0.000394961 -0.000539305 0.999988 -0.00499422 -0.000397114 0.00499379 0.999988 0.0407112 0.0792603 -0.108524
FixedParameters: 0 0 0

#Transform 14
Transform: AffineTransform_float_3_3
Parameters: 1 4.61138e-05 -9.56672e-06 -4.61717e-05 0.999996 -0.003075 9.28294e-06 0.003075 0.999996 0.0295368 -0.00667914 -0.128447
FixedParameters: 0 0 0

#Transform 15
Transform: AffineTransform_float_3_3
Parameters: 1 -0.000400135 0.000528976 0.000401318 0.999998 -0.00218579 -0.000528078 0.00218621 0.999998 -0.000720944 -0.104733 -0.122935
FixedParameters: 0 0 0

#Transform 16
Transform: AffineTransform_float_3_3
Parameters: 0.999999 -0.000465421 -0.000563844 0.000462426 0.999992 -0.00416328 0.000565452 0.00416372 0.999991 0.0404032 -0.0221738 -0.105704
FixedParameters: 0 0 0

#Transform 17
Transform: AffineTransform_float_3_3
Parameters: 0.999999 -0.000542785 -0.00111382 0.000539585 0.999995 -0.00315147 0.00111569 0.00315053 0.999995 0.0781558 -0.0893743 -0.334964
FixedParameters: 0 0 0

#Transform 18
Transform: AffineTransform_float_3_3
Parameters: 0.999999 4.84163e-05 -0.000744861 -4.99849e-05 1 -0.00105296 0.000744757 0.00105304 0.999999 0.0711477 -0.1077 -0.274048
FixedParameters: 0 0 0

#Transform 19
Transform: AffineTransform_float_3_3
Parameters: 1 -0.00039066 -4.19764e-05 0.000390349 0.999998 -0.00205202 4.25885e-05 0.00205198 0.999998 0.0226426 -0.0286472 0.0722885
FixedParameters: 0 0 0

#Transform 20
Transform: AffineTransform_float_3_3
Parameters: 1 4.88323e-05 0.00025672 -4.85941e-05 1 -0.000464012 -0.000256766 0.000463987 1 -0.00936983 0.0325178 0.0204166
FixedParameters: 0 0 0

#Transform 21
Transform: AffineTransform_float_3_3
Parameters: 1 2.09507e-05 -0.000462214 -2.05115e-05 1 0.000475009 0.000462234 -0.00047499 1 0.0475546 0.0114805 -0.0372757
FixedParameters: 0 0 0

#Transform 22
Transform: AffineTransform_float_3_3
Parameters: 0.999999 0.00077053 -0.00135398 -0.000768098 0.999998 0.00173106 0.00135494 -0.00172994 0.999997 0.0474766 -0.0921783 -0.0940351
FixedParameters: 0 0 0

#Transform 23
Transform: AffineTransform_float_3_3
Parameters: 0.999999 0.000762672 -0.00112011 -0.000762128 0.999999 0.000242873 0.00112048 -0.000242127 0.999999 0.0382015 -0.0837236 -0.0522581
FixedParameters: 0 0 0

#Transform 24
Transform: AffineTransform_float_3_3
Parameters: 1 0.000804475 -0.000815421 -0.000804906 1 -0.000264461 0.000814995 0.000264539 0.999999 0.0272132 -0.074616 -0.0891154
FixedParameters: 0 0 0

#Transform 25
Transform: AffineTransform_float_3_3
Parameters: 1 0.000463831 -0.000475535 -0.000463467 0.999999 -0.000658779 0.000474787 0.00065922 0.999999 -0.00825555 -0.122159 -0.0562972
FixedParameters: 0 0 0

#Transform 26
Transform: AffineTransform_float_3_3
Parameters: 1 0.000805009 -0.000810622 -0.000805745 1 -0.000454464 0.00080989 0.000454535 0.999999 0.0138271 -0.0920434 -0.075226
FixedParameters: 0 0 0

#Transform 27
Transform: AffineTransform_float_3_3
Parameters: 0.999999 0.00100599 -0.000753274 -0.00100748 0.999998 -0.00182922 0.000751434 0.00182978 0.999998 0.0557775 -0.11505 -0.130256
FixedParameters: 0 0 0

#Transform 28
Transform: AffineTransform_float_3_3
Parameters: 1 0.00100226 0.000104915 -0.00100266 0.999999 -0.00149724 -0.000105798 0.00149676 0.999999 0.0286027 -0.0783916 -0.0822144
FixedParameters: 0 0 0

#Transform 29
Transform: AffineTransform_float_3_3
Parameters: 0.999999 0.00150767 0.000173319 -0.00150784 0.999997 -0.00157442 -0.000175948 0.00157458 0.999998 0.0278729 -0.018775 -0.0202558
FixedParameters: 0 0 0

#Transform 30
Transform: AffineTransform_float_3_3
Parameters: 0.999996 0.00254548 -0.00022449 -0.0025456 0.999995 -0.00151184 0.000220754 0.00151216 0.999999 0.0920281 -0.0760861 -0.124598
FixedParameters: 0 0 0

#Transform 31
Transform: AffineTransform_float_3_3
Parameters: 0.999998 0.00161059 7.90325e-05 -0.00161091 0.999998 -0.00162542 -8.11601e-05 0.00162558 0.999998 0.0777616 -0.0845941 -0.131493
FixedParameters: 0 0 0

#Transform 32
Transform: AffineTransform_float_3_3
Parameters: 0.999998 0.0019342 0.000717943 -0.00193224 0.999995 -0.00235856 -0.000722824 0.00235743 0.999997 0.0315433 -0.0442742 -0.0661618
FixedParameters: 0 0 0

#Transform 33
Transform: AffineTransform_float_3_3
Parameters: 0.999999 0.00136354 0.000316869 -0.0013627 0.999996 -0.00222943 -0.000319837 0.00222857 0.999998 0.0561491 -0.0062154 -0.0736686
FixedParameters: 0 0 0

#Transform 34
Transform: AffineTransform_float_3_3
Parameters: 0.999998 0.00161542 -0.000108877 -0.00161543 0.999998 -0.00064496 0.000107784 0.000645038 1 0.0451512 -0.00622915 -0.087891
FixedParameters: 0 0 0

#Transform 35
Transform: AffineTransform_float_3_3
Parameters: 0.999999 0.00174611 -0.000323149 -0.00174646 0.999998 -0.000755709 0.000321499 0.00075629 0.999999 0.0601063 0.0118583 -0.0580076
FixedParameters: 0 0 0

#Transform 36
Transform: AffineTransform_float_3_3
Parameters: 0.999999 0.00176285 -0.00020343 -0.00176308 0.999996 -0.00194878 0.00020052 0.00194922 0.999998 0.0299029 0.0562887 -0.0671587
FixedParameters: 0 0 0

#Transform 37
Transform: AffineTransform_float_3_3
Parameters: 0.999999 0.00140347 -0.000152042 -0.00140361 0.999998 -0.00134592 0.000150245 0.00134608 0.999999 0.0469754 0.00517585 -0.0750501
FixedParameters: 0 0 0

#Transform 38
Transform: AffineTransform_float_3_3
Parameters: 1 0.00110271 -0.000172684 -0.00110307 0.999999 -0.00147195 0.000170428 0.00147205 0.999999 0.031376 -0.00291196 -0.0373384
FixedParameters: 0 0 0

#Transform 39
Transform: AffineTransform_float_3_3
Parameters: 1 0.00110311 -0.0001697 -0.00110363 0.999996 -0.00235781 0.000166478 0.00235818 0.999997 0.0414668 0.0275481 -0.0331569
FixedParameters: 0 0 0

#Transform 40
Transform: AffineTransform_float_3_3
Parameters: 0.999998 0.0016866 -0.000350214 -0.00168767 0.999996 -0.00251269 0.000346687 0.00251332 0.999997 0.0743559 -0.00610359 -0.069936
FixedParameters: 0 0 0

#Transform 41
Transform: AffineTransform_float_3_3
Parameters: 0.999999 0.00126172 -0.000660006 -0.00126348 0.999994 -0.00336629 0.000656182 0.00336672 0.999994 0.0833014 0.021425 -0.0880274
FixedParameters: 0 0 0

#Transform 42
Transform: AffineTransform_float_3_3
Parameters: 0.999998 0.00151252 -0.000736731 -0.00151451 0.999993 -0.003173 0.000731802 0.00317399 0.999995 0.0915 0.0201818 -0.0930229
FixedParameters: 0 0 0

#Transform 43
Transform: AffineTransform_float_3_3
Parameters: 0.999999 0.00147727 -0.000986806 -0.00148029 0.999994 -0.00289066 0.000982933 0.00289234 0.999995 0.0908298 0.0459595 -0.107157
FixedParameters: 0 0 0

#Transform 44
Transform: AffineTransform_float_3_3
Parameters: 0.999997 0.00138518 -0.00163732 -0.00139012 0.999994 -0.00288969 0.00163271 0.0028923 0.999994 0.0793137 0.0730933 0.0269829
FixedParameters: 0 0 0

#Transform 45
Transform: AffineTransform_float_3_3
Parameters: 0.999999 0.000985976 0.000219279 -0.000985178 0.999999 -0.00149937 -0.000221245 0.00149963 0.999999 -0.0146094 -0.009549 0.0556885
FixedParameters: 0 0 0

#Transform 46
Transform: AffineTransform_float_3_3
Parameters: 1 0.000330392 0.000291146 -0.00032989 0.999999 -0.000860095 -0.000291714 0.000859903 0.999999 0.00734369 -0.0325448 -0.0608324
FixedParameters: 0 0 0

#Transform 47
Transform: AffineTransform_float_3_3
Parameters: 0.999999 -0.000734112 0.000334618 0.000733948 0.999999 0.000449264 -0.000334288 -0.000449736 1 0.00826673 -0.109489 -0.0705896
FixedParameters: 0 0 0

#Transform 48
Transform: AffineTransform_float_3_3
Parameters: 1 -0.000125394 0.000317347 0.000125865 0.999999 -0.00074196 -0.000317161 0.000742039 0.999999 -0.00526656 -0.090372 -0.104384
FixedParameters: 0 0 0

#Transform 49
Transform: AffineTransform_float_3_3
Parameters: 1 -4.0305e-05 -0.000150869 3.98993e-05 0.999999 -0.00134401 0.000150977 0.00134399 0.999999 -0.00351467 -0.104279 0.00221035
FixedParameters: 0 0 0

#Transform 50
Transform: AffineTransform_float_3_3
Parameters: 1 -2.32438e-05 -2.90642e-05 2.31838e-05 1 -0.001032 2.91121e-05 0.001032 1 0.0299676 -0.0558848 -0.0129833
FixedParameters: 0 0 0

#Transform 51
Transform: AffineTransform_float_3_3
Parameters: 1 0.00116274 -0.000220264 -0.0011628 0.999999 -0.000446861 0.000220216 0.000446139 1 0.0513319 -0.0122295 0.0113131
FixedParameters: 0 0 0

#Transform 52
Transform: AffineTransform_float_3_3
Parameters: 1 0.000182747 0.000473387 -0.000182712 1 -3.60865e-05 -0.0004734 3.59135e-05 1 0.0634607 0.0263879 -0.192588
FixedParameters: 0 0 0

#Transform 53
Transform: AffineTransform_float_3_3
Parameters: 1 0.000587832 0.000822371 -0.000587196 0.999998 -0.00150735 -0.000822877 0.00150665 0.999999 0.0421817 -0.00426373 -0.174495
FixedParameters: 0 0 0

#Transform 54
Transform: AffineTransform_float_3_3
Parameters: 0.999999 0.000149134 0.00150289 -0.000146387 0.999997 -0.00223195 -0.001503 0.00223205 0.999997 0.0107829 -0.0117819 -0.081445
FixedParameters: 0 0 0

#Transform 55
Transform: AffineTransform_float_3_3
Parameters: 0.999999 -8.22966e-05 0.00128922 8.6253e-05 0.999997 -0.00273976 -0.00128934 0.00274025 0.999996 -0.00984144 -0.035063 -0.0146813
FixedParameters: 0 0 0

#Transform 56
Transform: AffineTransform_float_3_3
Parameters: 1 -2.50832e-05 -0.000271153 2.48471e-05 0.999998 -0.00226201 0.000271129 0.002262 0.999998 0.0450412 -0.0353812 -0.040942
FixedParameters: 0 0 0

#Transform 57
Transform: AffineTransform_float_3_3
Parameters: 1 -8.78358e-05 -0.000652123 8.59225e-05 0.999998 -0.00222606 0.000652373 0.00222595 0.999998 0.0721773 -0.0612344 -0.0812277
FixedParameters: 0 0 0

#Transform 58
Transform: AffineTransform_float_3_3
Parameters: 1 0.000362555 0.000158025 -0.000361904 0.999998 -0.00204906 -0.00015951 0.00204894 0.999998 0.0731121 0.0587141 -0.0601876
FixedParameters: 0 0 0

#Transform 59
Transform: AffineTransform_float_3_3
Parameters: 1 0.000257272 -0.00058686 -0.000258565 0.999995 -0.00290883 0.000586076 0.00290817 0.999995 0.0544461 0.1041 -0.0761695
FixedParameters: 0 0 0

#Transform 60
Transform: AffineTransform_float_3_3
Parameters: 0.999999 0.00122032 -0.000226108 -0.00122024 0.999993 -0.00355786 0.00022224 0.00355814 0.999993 0.078533 0.0909557 -0.0379581
FixedParameters: 0 0 0

#Transform 61
Transform: AffineTransform_float_3_3
Parameters: 0.999999 0.000683358 0.000770406 -0.000680468 0.999994 -0.00362055 -0.000772951 0.00362046 0.999993 0.0657381 0.0657552 -0.0064644
FixedParameters: 0 0 0

#Transform 62
Transform: AffineTransform_float_3_3
Parameters: 1 -0.000145259 0.000227818 0.000146977 0.999991 -0.00407496 -0.000227617 0.00407503 0.999991 0.121257 0.0978098 0.003909
FixedParameters: 0 0 0

#Transform 63
Transform: AffineTransform_float_3_3
Parameters: 1 0.000193828 0.000360233 -0.000192797 0.999992 -0.00398907 -0.00036051 0.00398893 0.999992 0.0701242 0.0484299 0.0201944
FixedParameters: 0 0 0

#Transform 64
Transform: AffineTransform_float_3_3
Parameters: 1 0.000476126 -0.000118101 -0.000476627 0.999995 -0.00329608 0.000116942 0.00329592 0.999994 0.100415 0.0418396 0.0628691
FixedParameters: 0 0 0

#Transform 65
Transform: AffineTransform_float_3_3
Parameters: 1 9.7551e-05 -0.00039079 -0.000100148 0.99999 -0.00459596 0.000389744 0.00459604 0.99999 0.107674 0.12692 0.0792605
FixedParameters: 0 0 0

#Transform 66
Transform: AffineTransform_float_3_3
Parameters: 1 -0.000333762 -0.000975519 0.000328605 0.99999 -0.00460032 0.000977026 0.00459968 0.999989 0.0896269 0.107115 0.212822
FixedParameters: 0 0 0

#Transform 67
Transform: AffineTransform_float_3_3
Parameters: 0.999999 -0.000570507 -0.00157949 0.00056045 0.99998 -0.00622562 0.00158318 0.00622438 0.99998 0.106719 0.169613 0.256985
FixedParameters: 0 0 0

#Transform 68
Transform: AffineTransform_float_3_3
Parameters: 0.999999 -0.000111035 -0.00155614 0.000101445 0.999982 -0.00598803 0.00155717 0.00598797 0.999981 0.0943353 0.157881 0.190785
FixedParameters: 0 0 0

#Transform 69
Transform: AffineTransform_float_3_3
Parameters: 0.999999 0.000389117 -0.00120011 -0.000396128 0.999982 -0.0059874 0.00119742 0.00598861 0.999982 0.144513 0.210185 0.137502
FixedParameters: 0 0 0

#Transform 70
Transform: AffineTransform_float_3_3
Parameters: 0.999999 0.000350789 -0.000683262 -0.000354505 0.999983 -0.00592676 0.000681504 0.00592724 0.999982 0.0928512 0.231795 0.154748
FixedParameters: 0 0 0

#Transform 71
Transform: AffineTransform_float_3_3
Parameters: 0.999999 0.00127095 -0.000445984 -0.00127227 0.999994 -0.00322055 0.000441618 0.00322045 0.999995 0.133481 0.14712 0.109027
FixedParameters: 0 0 0

#Transform 72
Transform: AffineTransform_float_3_3
Parameters: 0.999999 -0.000106342 -0.00085355 0.000102086 0.999988 -0.00481295 0.000854004 0.00481304 0.999988 0.146968 0.255896 0.180606
FixedParameters: 0 0 0

#Transform 73
Transform: AffineTransform_float_3_3
Parameters: 1 0.000122436 -0.000441888 -0.000124625 0.999988 -0.00487595 0.0004414 0.00487606 0.999988 0.0837594 0.156644 0.195787
FixedParameters: 0 0 0

#Transform 74
Transform: AffineTransform_float_3_3
Parameters: 1 0.000482715 0.00035693 -0.000480786 0.999987 -0.00507417 -0.000359563 0.00507383 0.999987 0.0640321 0.207374 0.0585954
FixedParameters: 0 0 0

#Transform 75
Transform: AffineTransform_float_3_3
Parameters: 1 0.000582398 -0.000305243 -0.000584314 0.999985 -0.00546782 0.000301698 0.00546818 0.999985 0.09476 0.218627 0.0510509
FixedParameters: 0 0 0

#Transform 76
Transform: AffineTransform_float_3_3
Parameters: 1 0.000273513 -7.89643e-05 -0.000273171 0.999982 -0.00589597 7.75848e-05 0.00589602 0.999982 0.0758624 0.195585 0.0993781
FixedParameters: 0 0 0

#Transform 77
Transform: AffineTransform_float_3_3
Parameters: 1 0.000376601 0.00038569 -0.000373688 0.999975 -0.00707714 -0.000387616 0.00707685 0.999975 0.0793801 0.210143 0.0973714
FixedParameters: 0 0 0

#Transform 78
Transform: AffineTransform_float_3_3
Parameters: 0.999999 0.00143882 -9.98792e-05 -0.00143977 0.999962 -0.008605 8.71322e-05 0.008605 0.999963 0.0628806 0.307084 0.0389673
FixedParameters: 0 0 0

#Transform 79
Transform: AffineTransform_float_3_3
Parameters: 0.999999 0.000703288 -0.000275648 -0.000706141 0.999961 -0.00880381 0.000270036 0.00880419 0.999961 0.0615354 0.294703 0.0471827
FixedParameters: 0 0 0

#Transform 80
Transform: AffineTransform_float_3_3
Parameters: 1 0.000583429 0.000389808 -0.000580191 0.999973 -0.00722422 -0.000393841 0.00722377 0.999974 0.0814201 0.146472 0.0859748
FixedParameters: 0 0 0

#Transform 81
Transform: AffineTransform_float_3_3
Parameters: 1 0.000357117 0.00041292 -0.000354331 0.999978 -0.00662115 -0.000415238 0.00662085 0.999978 0.0931339 0.154656 0.108045
FixedParameters: 0 0 0

#Transform 82
Transform: AffineTransform_float_3_3
Parameters: 1 0.000961816 0.000507103 -0.000958425 0.999979 -0.00640051 -0.000512901 0.00640049 0.99998 0.0859392 0.180822 0.0669984
FixedParameters: 0 0 0

#Transform 83
Transform: AffineTransform_float_3_3
Parameters: 0.999999 0.000799944 -0.000176574 -0.000800426 0.999981 -0.006202 0.000171463 0.006202 0.999981 0.0835746 0.206086 0.0180975
FixedParameters: 0 0 0

#Transform 84
Transform: AffineTransform_float_3_3
Parameters: 1 0.000530611 -0.000386054 -0.000533102 0.999969 -0.0078338 0.00038127 0.00783421 0.999969 0.105791 0.232223 0.115027
FixedParameters: 0 0 0

#Transform 85
Transform: AffineTransform_float_3_3
Parameters: 1 0.000875438 -0.000336557 -0.000877718 0.999969 -0.00784071 0.000329469 0.00784129 0.999969 0.116736 0.234204 0.0784428
FixedParameters: 0 0 0

#Transform 86
Transform: AffineTransform_float_3_3
Parameters: 0.999999 0.000698818 -0.00026547 -0.000701328 0.999966 -0.00823382 0.000259747 0.00823418 0.999966 0.118664 0.229108 -0.015397
FixedParameters: 0 0 0

#Transform 87
Transform: AffineTransform_float_3_3
Parameters: 0.999999 0.000665994 -0.000490584 -0.000669694 0.999972 -0.00754181 0.000485051 0.00754219 0.999971 0.112474 0.20973 0.0268464
FixedParameters: 0 0 0

#Transform 88
Transform: AffineTransform_float_3_3
Parameters: 1 0.000286348 -0.000308682 -0.000288684 0.999972 -0.00746791 0.000306094 0.00746809 0.999972 0.0923777 0.253647 -0.0605429
FixedParameters: 0 0 0

#Transform 89
Transform: AffineTransform_float_3_3
Parameters: 1 9.02849e-05 -0.0001558 -9.07553e-05 0.999966 -0.00832899 0.000155008 0.00832902 0.999966 0.0955101 0.26641 -0.0222749
FixedParameters: 0 0 0

#Transform 90
Transform: AffineTransform_float_3_3
Parameters: 1 0.000225549 -0.000170669 -0.00022615 0.999965 -0.00842197 0.000168571 0.00842205 0.999965 0.0994017 0.251895 -0.034478
FixedParameters: 0 0 0

#Transform 91
Transform: AffineTransform_float_3_3
Parameters: 1 0.000387778 5.89783e-05 -0.000387275 0.999961 -0.00888616 -6.27566e-05 0.00888584 0.99996 0.107491 0.268534 -0.0518222
FixedParameters: 0 0 0

#Transform 92
Transform: AffineTransform_float_3_3
Parameters: 0.999999 0.000933567 -0.00096954 -0.000941958 0.999962 -0.00864308 0.000962273 0.00864393 0.999962 0.140464 0.318528 -0.00753032
FixedParameters: 0 0 0

#Transform 93
Transform: AffineTransform_float_3_3
Parameters: 0.999999 0.00168162 0.000730619 -0.00167355 0.999929 -0.0118024 -0.000750741 0.0118016 0.99993 0.0770233 0.402259 -0.106999
FixedParameters: 0 0 0

#Transform 94
Transform: AffineTransform_float_3_3
Parameters: 1 0.000543799 -9.58238e-05 -0.000545073 0.999935 -0.0113249 8.94351e-05 0.011325 0.999936 0.0681732 0.344345 -0.0990121
FixedParameters: 0 0 0

#Transform 95
Transform: AffineTransform_float_3_3
Parameters: 1 0.00102563 -0.000656242 -0.00103337 0.999928 -0.0119053 0.000643781 0.0119057 0.999929 0.0746916 0.386119 -0.0494493
FixedParameters: 0 0 0

#Transform 96
Transform: AffineTransform_float_3_3
Parameters: 1 2.40948e-07 -0.000193189 -2.77512e-06 0.999931 -0.011695 0.000192879 0.011695 0.999931 0.0659071 0.357948 -0.0665457
FixedParameters: 0 0 0

#Transform 97
Transform: AffineTransform_float_3_3
Parameters: 1 4.40774e-05 -0.000486968 -5.00679e-05 0.999933 -0.011515 0.000487179 0.011515 0.999933 0.0903031 0.326628 -0.106575
FixedParameters: 0 0 0

#Transform 98
Transform: AffineTransform_float_3_3
Parameters: 0.999999 0.000493914 -0.00144488 -0.000510714 0.999927 -0.0120473 0.00143837 0.0120477 0.999926 0.136992 0.397067 -0.105436
FixedParameters: 0 0 0

#Transform 99
Transform: AffineTransform_float_3_3
Parameters: 0.999999 -0.000106403 -0.000883086 9.3154e-05 0.99989 -0.014782 0.000884251 0.014782 0.999891 0.114561 0.471734 -0.421485
FixedParameters: 0 0 0

#Transform 100
Transform: AffineTransform_float_3_3
Parameters: 1 0.00107618 -0.00019308 -0.00107825 0.999899 -0.0141729 0.000178255 0.0141731 0.999899 0.127113 0.359017 -0.350499
FixedParameters: 0 0 0

#Transform 101
Transform: AffineTransform_float_3_3
Parameters: 1 0.000622138 -0.000996913 -0.000635162 0.999912 -0.0132374 0.000988526 0.0132376 0.999912 0.120284 0.357908 -0.260053
FixedParameters: 0 0 0

#Transform 102
Transform: AffineTransform_float_3_3
Parameters: 0.999995 0.000791029 -0.00281292 -0.000827286 0.999913 -0.0131963 0.00280247 0.0131987 0.999909 0.161148 0.409349 -0.100998
FixedParameters: 0 0 0

#Transform 103
Transform: AffineTransform_float_3_3
Parameters: 0.999997 0.000947421 -0.00255743 -0.000981301 0.999914 -0.0131142 0.00254471 0.0131168 0.999911 0.161418 0.441404 -0.105619
FixedParameters: 0 0 0

#Transform 104
Transform: AffineTransform_float_3_3
Parameters: 0.999997 0.00180214 -0.00153625 -0.00182514 0.999885 -0.0150853 0.00150863 0.0150887 0.999885 0.167509 0.561898 -0.162308
FixedParameters: 0 0 0

#Transform 105
Transform: AffineTransform_float_3_3
Parameters: 1 0.000740322 -0.000816924 -0.0007518 0.999907 -0.0135684 0.000807327 0.0135686 0.999907 0.145173 0.485248 -0.0202737
FixedParameters: 0 0 0

#Transform 106
Transform: AffineTransform_float_3_3
Parameters: 0.999999 0.00076543 -0.000506192 -0.0007726 0.999907 -0.0136096 0.000495468 0.0136104 0.999908 0.160206 0.468268 0.0225041
FixedParameters: 0 0 0

#Transform 107
Transform: AffineTransform_float_3_3
Parameters: 0.999999 0.000953387 4.22208e-05 -0.000953448 0.99996 -0.00882404 -5.08482e-05 0.00882395 0.999961 0.18291 0.332894 -0.0199287
FixedParameters: 0 0 0

#Transform 108
Transform: AffineTransform_float_3_3
Parameters: 0.999999 0.00075086 0.000286766 -0.000747342 0.999937 -0.0111852 -0.000296041 0.0111848 0.999938 0.133893 0.395073 -0.0140503
FixedParameters: 0 0 0

#Transform 109
Transform: AffineTransform_float_3_3
Parameters: 0.999999 0.00136022 -0.000647975 -0.00136763 0.999944 -0.0104772 0.000633702 0.0104778 0.999945 0.183242 0.36016 0.0198456
FixedParameters: 0 0 0

#Transform 110
Transform: AffineTransform_float_3_3
Parameters: 0.999997 0.0023527 -0.000244545 -0.0023552 0.999941 -0.0106589 0.000219263 0.0106591 0.999943 0.149314 0.341516 -0.00316134
FixedParameters: 0 0 0

#Transform 111
Transform: AffineTransform_float_3_3
Parameters: 0.999998 0.00191586 -0.00121189 -0.0019298 0.999929 -0.0117658 0.00118989 0.0117682 0.99993 0.168651 0.362095 0.024284
FixedParameters: 0 0 0

#Transform 112
Transform: AffineTransform_float_3_3
Parameters: 0.999999 0.00149171 -0.00108492 -0.00150521 0.999925 -0.0121515 0.00106694 0.0121535 0.999925 0.168579 0.395409 0.0865956
FixedParameters: 0 0 0

#Transform 113
Transform: AffineTransform_float_3_3
Parameters: 0.999999 0.00139003 -0.000448265 -0.00139528 0.999944 -0.0105317 0.000433513 0.0105323 0.999944 0.12902 0.360913 0.0634077
FixedParameters: 0 0 0

#Transform 114
Transform: AffineTransform_float_3_3
Parameters: 1 0.00111107 -0.000390608 -0.00111558 0.999922 -0.0124207 0.000377396 0.0124213 0.999923 0.123891 0.408552 0.0734623
FixedParameters: 0 0 0

#Transform 115
Transform: AffineTransform_float_3_3
Parameters: 0.999998 0.00183116 -0.000761571 -0.00183935 0.999933 -0.0114149 0.000740636 0.0114161 0.999934 0.109422 0.378516 0.0478837
FixedParameters: 0 0 0

#Transform 116
Transform: AffineTransform_float_3_3
Parameters: 1 0.000343576 -0.000573443 -0.000350048 0.999934 -0.0114618 0.000569621 0.0114612 0.999934 0.105106 0.373217 0.0797798
FixedParameters: 0 0 0

#Transform 117
Transform: AffineTransform_float_3_3
Parameters: 0.999999 0.000530705 0.000670478 -0.00052224 0.999932 -0.0116554 -0.000676699 0.0116546 0.999932 0.0740099 0.358632 0.0964014
FixedParameters: 0 0 0

#Transform 118
Transform: AffineTransform_float_3_3
Parameters: 0.999998 0.00118796 0.00120311 -0.00117278 0.999926 -0.0121333 -0.00121767 0.0121327 0.999926 0.103903 0.337324 -0.0110402
FixedParameters: 0 0 0

#Transform 119
Transform: AffineTransform_float_3_3
Parameters: 0.999999 0.000982999 0.000829401 -0.000972867 0.999924 -0.0122788 -0.000840872 0.0122772 0.999925 0.102601 0.333249 -0.0564632
FixedParameters: 0 0 0

#Transform 120
Transform: AffineTransform_float_3_3
Parameters: 0.999998 0.00152946 0.00125238 -0.00151392 0.999922 -0.012353 -0.00127165 0.012351 0.999923 0.0899045 0.329884 -0.0182832
FixedParameters: 0 0 0

#Transform 121
Transform: AffineTransform_float_3_3
Parameters: 0.999999 0.00101166 0.000770282 -0.00100168 0.999922 -0.0124718 -0.000782986 0.0124712 0.999922 0.099067 0.324816 -0.0764327
FixedParameters: 0 0 0

#Transform 122
Transform: AffineTransform_float_3_3
Parameters: 0.999998 0.00148033 0.000849324 -0.0014694 0.999914 -0.0130053 -0.000867935 0.0130047 0.999915 0.133769 0.34084 -0.0648015
FixedParameters: 0 0 0

#Transform 123
Transform: AffineTransform_float_3_3
Parameters: 0.999998 0.00179296 0.00113182 -0.00177694 0.999908 -0.0134791 -0.00115568 0.0134779 0.999909 0.11935 0.348825 -0.0183706
FixedParameters: 0 0 0

#Transform 124
Transform: AffineTransform_float_3_3
Parameters: 0.999998 0.00187726 0.000342317 -0.00187285 0.999902 -0.013919 -0.000368516 0.013918 0.999903 0.101196 0.359969 -0.0149756
FixedParameters: 0 0 0

#Transform 125
Transform: AffineTransform_float_3_3
Parameters: 0.999997 0.00234552 6.23887e-05 -0.00234367 0.999894 -0.0143395 -9.62589e-05 0.0143395 0.999897 0.117474 0.373903 -0.049063
FixedParameters: 0 0 0

#Transform 126
Transform: AffineTransform_float_3_3
Parameters: 0.999997 0.00219906 -2.92425e-05 -0.00219901 0.999889 -0.0146892 -3.11812e-06 0.0146888 0.999892 0.139505 0.377436 -0.123931
FixedParameters: 0 0 0

#Transform 127
Transform: AffineTransform_float_3_3
Parameters: 0.999997 0.00214628 -0.00037287 -0.0021514 0.999892 -0.0145315 0.000340984 0.0145315 0.999895 0.151725 0.366725 -0.164337
FixedParameters: 0 0 0

#Transform 128
Transform: AffineTransform_float_3_3
Parameters: 0.999997 0.00216448 -0.000254259 -0.00216702 0.999892 -0.0145318 0.000223007 0.0145323 0.999895 0.142313 0.375935 -0.0906929
FixedParameters: 0 0 0

#Transform 129
Transform: AffineTransform_float_3_3
Parameters: 0.999997 0.00218992 -8.91336e-05 -0.00219067 0.999885 -0.0149571 5.57182e-05 0.0149569 0.999888 0.118732 0.391172 -0.091475
FixedParameters: 0 0 0

#Transform 130
Transform: AffineTransform_float_3_3
Parameters: 0.999995 0.00287449 -0.00138792 -0.00288915 0.99994 -0.0105465 0.00135745 0.0105505 0.999943 0.140441 0.328828 -0.18145
FixedParameters: 0 0 0

#Transform 131
Transform: AffineTransform_float_3_3
Parameters: 0.999994 0.00206181 -0.002534 -0.00208984 0.999936 -0.0111958 0.00251082 0.0112012 0.999934 0.13209 0.214671 -0.509805
FixedParameters: 0 0 0

#Transform 132
Transform: AffineTransform_float_3_3
Parameters: 0.999993 0.00251762 -0.0029867 -0.00255912 0.999899 -0.0139374 0.00295159 0.0139445 0.999898 0.154395 0.334475 -0.334771
FixedParameters: 0 0 0

#Transform 133
Transform: AffineTransform_float_3_3
Parameters: 0.99999 0.00289477 -0.00358804 -0.00294608 0.999893 -0.0143595 0.0035455 0.0143695 0.99989 0.177308 0.340115 -0.338256
FixedParameters: 0 0 0

#Transform 134
Transform: AffineTransform_float_3_3
Parameters: 0.999987 0.0036539 -0.00357013 -0.00370705 0.999878 -0.0151473 0.00351467 0.0151597 0.999879 0.210162 0.361973 -0.374067
FixedParameters: 0 0 0

#Transform 135
Transform: AffineTransform_float_3_3
Parameters: 0.999989 0.00377643 -0.00276837 -0.00381939 0.999871 -0.0156134 0.00270944 0.0156236 0.999874 0.176318 0.480759 -0.337589
FixedParameters: 0 0 0

#Transform 136
Transform: AffineTransform_float_3_3
Parameters: 0.999985 0.0039579 -0.00359741 -0.00401937 0.999842 -0.0173124 0.00352738 0.0173266 0.999843 0.202882 0.506073 -0.423449
FixedParameters: 0 0 0

#Transform 137
Transform: AffineTransform_float_3_3
Parameters: 0.999987 0.00379128 -0.00333775 -0.00385814 0.99979 -0.020169 0.00326104 0.020181 0.999791 0.149355 0.47692 -0.414254
FixedParameters: 0 0 0

#Transform 138
Transform: AffineTransform_float_3_3
Parameters: 0.999987 0.00455345 -0.0023543 -0.00460178 0.999774 -0.0207718 0.00225944 0.0207822 0.999781 0.140368 0.60655 -0.177021
FixedParameters: 0 0 0

#Transform 139
Transform: AffineTransform_float_3_3
Parameters: 0.999984 0.00495898 -0.00269288 -0.0050132 0.99977 -0.0208303 0.00258938 0.0208437 0.999779 0.161721 0.600307 -0.30872
FixedParameters: 0 0 0

#Transform 140
Transform: AffineTransform_float_3_3
Parameters: 0.999986 0.00461182 -0.00255019 -0.00466521 0.999768 -0.0210176 0.00245194 0.0210294 0.999776 0.157298 0.545191 -0.252848
FixedParameters: 0 0 0

#Transform 141
Transform: AffineTransform_float_3_3
Parameters: 0.999986 0.00460895 -0.00256169 -0.0046631 0.999756 -0.0215825 0.00246199 0.0215945 0.999764 0.153355 0.584802 -0.249801
FixedParameters: 0 0 0

#Transform 142
Transform: AffineTransform_float_3_3
Parameters: 0.999986 0.00487156 -0.00218213 -0.00491383 0.9998 -0.0193701 0.00208786 0.019381 0.99981 0.15442 0.530274 -0.251707
FixedParameters: 0 0 0

#Transform 143
Transform: AffineTransform_float_3_3
Parameters: 0.999986 0.00498435 -0.00204084 -0.00502218 0.999804 -0.0191417 0.00194485 0.0191523 0.999814 0.154454 0.490938 -0.292138
FixedParameters: 0 0 0

#Transform 144
Transform: AffineTransform_float_3_3
Parameters: 0.999987 0.00472041 -0.00188673 -0.00475552 0.99981 -0.0189448 0.00179724 0.0189542 0.999818 0.123823 0.508288 -0.215442
FixedParameters: 0 0 0

#Transform 145
Transform: AffineTransform_float_3_3
Parameters: 0.999987 0.0048085 -0.00203607 -0.00484782 0.999799 -0.0194889 0.00194145 0.0194991 0.999808 0.145044 0.511082 -0.255601
FixedParameters: 0 0 0

#Transform 146
Transform: AffineTransform_float_3_3
Parameters: 0.999986 0.00460944 -0.00260043 -0.00465565 0.999827 -0.0179903 0.00251717 0.0180017 0.999835 0.150957 0.441798 -0.209544
FixedParameters: 0 0 0

#Transform 147
Transform: AffineTransform_float_3_3
Parameters: 0.999985 0.00532407 -0.00127765 -0.00534671 0.999816 -0.0184295 0.00117875 0.0184366 0.999829 0.101681 0.474822 -0.0225076
FixedParameters: 0 0 0

#Transform 148
Transform: AffineTransform_float_3_3
Parameters: 0.999988 0.00500094 -0.000106459 -0.00500282 0.999827 -0.0178924 1.72557e-05 0.0178926 0.99984 0.0641288 0.444805 -0.0186854
FixedParameters: 0 0 0

#Transform 149
Transform: AffineTransform_float_3_3
Parameters: 0.999983 0.00538998 -0.00187422 -0.00542183 0.999832 -0.0175481 0.00177889 0.017558 0.999845 0.135031 0.423525 -0.0770661
FixedParameters: 0 0 0

#Transform 150
Transform: AffineTransform_float_3_3
Parameters: 0.999983 0.0055182 -0.00199656 -0.00555299 0.999824 -0.0179013 0.00189744 0.0179117 0.999838 0.139356 0.41925 -0.0889793
FixedParameters: 0 0 0

#Transform 151
Transform: AffineTransform_float_3_3
Parameters: 0.999984 0.00547164 -0.0015328 -0.00549869 0.999827 -0.0177368 0.00143557 0.0177452 0.999842 0.124064 0.382654 -0.114916
FixedParameters: 0 0 0
