# transform file /out/sourcedata/freesurfer/sub-v2s3x28813_ses-1/mri/transforms/cc_up.lta
# created by oesteban on Fri Mar 13 03:12:55 2026

type      = 0 # LINEAR_VOX_TO_VOX
nxforms   = 1
mean      = 130.0000 122.0000 113.0000
sigma     = 10000.0000
1 4 4
9.993487000465393e-01 -1.235227938741446e-02 3.390555828809738e-02 -2.663907051086426e+00 
1.234517712146044e-02 9.999236464500427e-01 4.188428865745664e-04 2.437809371948242e+01 
-3.390814736485481e-02 2.910383045673370e-11 9.994249343872070e-01 2.241291236877441e+01 
0.000000000000000e+00 0.000000000000000e+00 0.000000000000000e+00 1.000000000000000e+00 
src volume info
valid = 1  # volume info valid
filename = /out/sourcedata/freesurfer/sub-v2s3x28813_ses-1/mri/norm.mgz
volume = 256 256 256
voxelsize = 1.000000000000000e+00 1.000000000000000e+00 1.000000000000000e+00
xras   = -1.000000000000000e+00 0.000000000000000e+00 0.000000000000000e+00
yras   = 0.000000000000000e+00 0.000000000000000e+00 -1.000000000000000e+00
zras   = 0.000000000000000e+00 1.000000000000000e+00 0.000000000000000e+00
cras   = 1.609802246093750e-01 3.948791503906250e+01 1.020758056640625e+01
dst volume info
valid = 1  # volume info valid
filename = /out/sourcedata/freesurfer/sub-v2s3x28813_ses-1/mri/norm.mgz
volume = 256 256 256
voxelsize = 1.000000000000000e+00 1.000000000000000e+00 1.000000000000000e+00
xras   = -1.000000000000000e+00 0.000000000000000e+00 0.000000000000000e+00
yras   = 0.000000000000000e+00 0.000000000000000e+00 -1.000000000000000e+00
zras   = 0.000000000000000e+00 1.000000000000000e+00 0.000000000000000e+00
cras   = 1.609802246093750e-01 3.948791503906250e+01 1.020758056640625e+01
