#Insight Transform File V1.0
#Transform 0
Transform: AffineTransform_float_3_3
Parameters: 0.999998 0.000995789 -0.00129721 -0.000994626 0.999999 0.00110512 0.00129796 -0.00110388 0.999999 0.0653154 -0.141382 -0.0887885
FixedParameters: 0 0 0

#Transform 1
Transform: AffineTransform_float_3_3
Parameters: 1 0.000595562 -0.00105822 -0.000593554 0.999999 0.000836397 0.00105824 -0.000835602 0.999999 0.061204 -0.12508 -0.161021
FixedParameters: 0 0 0

#Transform 2
Transform: AffineTransform_float_3_3
Parameters: 1 0.000654468 8.65129e-05 -0.000654491 0.999996 0.00292518 -8.46265e-05 -0.00292483 0.999995 0.0257011 -0.122023 -0.0696687
FixedParameters: 0 0 0

#Transform 3
Transform: AffineTransform_float_3_3
Parameters: 1 0.00069524 -8.07063e-05 -0.000695288 0.999999 -0.000302944 8.0285e-05 0.000303056 1 0.0271476 -0.113104 -0.111173
FixedParameters: 0 0 0

#Transform 4
Transform: AffineTransform_float_3_3
Parameters: 1 -0.00109934 -7.85752e-05 0.00109826 0.999958 -0.0091021 8.83897e-05 0.00910191 0.999959 -0.00189017 0.175812 -0.0248235
FixedParameters: 0 0 0

#Transform 5
Transform: AffineTransform_float_3_3
Parameters: 1 -0.000803871 -0.000800061 0.000798684 0.999982 -0.0059407 0.000804469 0.0059403 0.999982 0.0209283 0.0258661 0.0318653
FixedParameters: 0 0 0

#Transform 6
Transform: AffineTransform_float_3_3
Parameters: 0.999997 -0.00232117 -0.000799895 0.00230167 0.999717 -0.0236722 0.000854442 0.0236698 0.999719 0.0115266 0.649071 0.290963
FixedParameters: 0 0 0

#Transform 7
Transform: AffineTransform_float_3_3
Parameters: 0.999999 -0.000759689 6.14212e-05 0.00076006 0.999925 -0.0122027 -5.13596e-05 0.0122033 0.999925 0.0242889 0.450347 0.125206
FixedParameters: 0 0 0

#Transform 8
Transform: AffineTransform_float_3_3
Parameters: 0.999998 -0.00145961 0.000675319 0.0014686 0.99992 -0.0126387 -0.000656708 0.0126393 0.999919 0.0108553 0.468736 -0.0912664
FixedParameters: 0 0 0

#Transform 9
Transform: AffineTransform_float_3_3
Parameters: 1 -0.000493755 -0.000982218 0.000486012 0.999976 -0.00688454 0.000986272 0.00688446 0.999976 0.051059 0.21466 -0.000266525
FixedParameters: 0 0 0

#Transform 10
Transform: AffineTransform_float_3_3
Parameters: 0.999999 0.000929658 -2.65222e-05 -0.00093041 0.999981 -0.00611798 2.12075e-05 0.00611802 0.999982 0.0324672 0.15123 0.0169661
FixedParameters: 0 0 0

#Transform 11
Transform: AffineTransform_float_3_3
Parameters: 1 9.94006e-05 0.00012153 -9.83084e-05 0.999985 -0.00547201 -0.000121641 0.00547199 0.999985 0.0260092 0.153658 -0.0229312
FixedParameters: 0 0 0

#Transform 12
Transform: AffineTransform_float_3_3
Parameters: 0.999999 0.000203595 -0.000868469 -0.00020734 0.999987 -0.00495405 0.000867625 0.00495395 0.999988 0.0724255 0.13416 0.00696413
FixedParameters: 0 0 0

#Transform 13
Transform: AffineTransform_float_3_3
Parameters: 1 -0.000186465 -0.000421411 0.000183994 0.999991 -0.00436114 0.000422294 0.00436187 0.999991 0.0501607 0.158479 0.00881779
FixedParameters: 0 0 0

#Transform 14
Transform: AffineTransform_float_3_3
Parameters: 1 9.66382e-05 0.000365082 -9.4601e-05 0.999996 -0.00278804 -0.000365615 0.00278797 0.999996 0.0237762 0.121965 0.0176947
FixedParameters: 0 0 0

#Transform 15
Transform: AffineTransform_float_3_3
Parameters: 1 6.82569e-05 0.000440437 -6.63682e-05 0.999994 -0.00324403 -0.000441112 0.00324397 0.999994 0.0109268 0.151628 -0.00209576
FixedParameters: 0 0 0

#Transform 16
Transform: AffineTransform_float_3_3
Parameters: 0.999999 -0.000413002 -0.000698102 0.000411359 0.999996 -0.00273529 0.000699862 0.00273471 0.999996 0.0401243 0.135131 0.0253831
FixedParameters: 0 0 0

#Transform 17
Transform: AffineTransform_float_3_3
Parameters: 1 -0.000347289 -0.000966539 0.000345657 0.999997 -0.00209562 0.000966526 0.00209538 0.999998 0.0536743 0.107644 0.00661866
FixedParameters: 0 0 0

#Transform 18
Transform: AffineTransform_float_3_3
Parameters: 0.999999 -0.000261432 -0.000794428 0.000259341 0.999998 -0.00192621 0.00079567 0.00192579 0.999998 0.0265376 0.0768124 -0.00917414
FixedParameters: 0 0 0

#Transform 19
Transform: AffineTransform_float_3_3
Parameters: 1 -3.15787e-05 -9.41689e-05 3.12924e-05 0.999999 -0.001519 9.42644e-05 0.001519 0.999999 -0.0310445 0.0415227 0.0139814
FixedParameters: 0 0 0

#Transform 20
Transform: AffineTransform_float_3_3
Parameters: 1 -0.000346456 -2.3074e-05 0.000346664 0.999999 -0.000658008 2.25589e-05 0.000657992 1 -0.0317584 0.027235 0.0267919
FixedParameters: 0 0 0

#Transform 21
Transform: AffineTransform_float_3_3
Parameters: 0.999999 -0.000287122 0.00130725 0.000287036 1 3.31436e-05 -0.00130727 -3.28563e-05 0.999999 -0.0604531 -0.0421055 -0.0322314
FixedParameters: 0 0 0

#Transform 22
Transform: AffineTransform_float_3_3
Parameters: 0.999998 0.00167653 0.0009096 -0.00167803 0.999997 0.00188488 -0.000906921 -0.00188612 0.999998 0.00571369 -0.196914 -0.0943041
FixedParameters: 0 0 0

#Transform 23
Transform: AffineTransform_float_3_3
Parameters: 0.999999 0.00142677 0.000674449 -0.00143056 0.999987 0.0049675 -0.000667785 -0.0049685 0.999987 -0.00865912 -0.224549 -0.0203419
FixedParameters: 0 0 0

#Transform 24
Transform: AffineTransform_float_3_3
Parameters: 0.999999 0.0013275 4.92503e-05 -0.00132695 0.999974 0.00708223 -3.94286e-05 -0.00708277 0.999975 0.0179032 -0.202651 0.0254819
FixedParameters: 0 0 0

#Transform 25
Transform: AffineTransform_float_3_3
Parameters: 0.999999 0.00126776 0.000285074 -0.00126933 0.999982 0.00575164 -0.000277278 -0.00575236 0.999984 0.00871933 -0.179316 0.0016313
FixedParameters: 0 0 0

#Transform 26
Transform: AffineTransform_float_3_3
Parameters: 0.999999 0.0012815 0.000230377 -0.0012823 0.999985 0.005447 -0.000223208 -0.005448 0.999985 0.0199204 -0.196068 -0.0346966
FixedParameters: 0 0 0

#Transform 27
Transform: AffineTransform_float_3_3
Parameters: 0.999999 0.000889987 0.000261955 -0.000891431 0.999985 0.005529 -0.000257933 -0.005529 0.999984 0.00736603 -0.215206 -0.0662771
FixedParameters: 0 0 0

#Transform 28
Transform: AffineTransform_float_3_3
Parameters: 0.999999 0.000805202 0.000460543 -0.000807362 0.999989 0.00470981 -0.000457566 -0.0047092 0.999989 -0.00346651 -0.208696 -0.0505694
FixedParameters: 0 0 0

#Transform 29
Transform: AffineTransform_float_3_3
Parameters: 1 -0.000351454 8.6081e-05 0.000351919 0.999999 -0.00131497 -8.61272e-05 0.00131503 0.999999 0.0332234 -0.00686995 -0.174543
FixedParameters: 0 0 0

#Transform 30
Transform: AffineTransform_float_3_3
Parameters: 0.999998 -0.001544 0.00134451 0.00155325 0.999976 -0.00672904 -0.00133406 0.00673095 0.999976 -0.0514312 0.365076 -0.241154
FixedParameters: 0 0 0

#Transform 31
Transform: AffineTransform_float_3_3
Parameters: 0.999998 -0.0012671 0.00164111 0.00127469 0.999988 -0.00469427 -0.00163521 0.00469573 0.999988 -0.0677028 0.350776 -0.18333
FixedParameters: 0 0 0

#Transform 32
Transform: AffineTransform_float_3_3
Parameters: 0.999999 -0.000672537 0.00135507 0.000678083 0.999992 -0.00411232 -0.00135192 0.00411369 0.999991 -0.0145361 0.332477 -0.266403
FixedParameters: 0 0 0

#Transform 33
Transform: AffineTransform_float_3_3
Parameters: 0.999999 -0.000542215 0.000815659 0.000545602 0.99999 -0.00431873 -0.000812886 0.00431827 0.99999 0.0126368 0.303259 -0.209113
FixedParameters: 0 0 0

#Transform 34
Transform: AffineTransform_float_3_3
Parameters: 0.999999 -0.000807635 0.0012494 0.000812353 0.999991 -0.00403416 -0.00124624 0.00403483 0.999991 -0.0182959 0.296056 -0.229328
FixedParameters: 0 0 0

#Transform 35
Transform: AffineTransform_float_3_3
Parameters: 1 -0.00086661 0.000736851 0.000869197 0.999994 -0.0034163 -0.000733578 0.00341669 0.999994 -0.0194045 0.265088 -0.220079
FixedParameters: 0 0 0

#Transform 36
Transform: AffineTransform_float_3_3
Parameters: 1 -0.000407147 0.000251811 0.000407151 0.999998 -0.0019419 -0.000250468 0.0019421 0.999998 -0.00939322 0.21465 -0.0866842
FixedParameters: 0 0 0

#Transform 37
Transform: AffineTransform_float_3_3
Parameters: 0.999999 0.000211691 0.000727056 -0.000212955 0.999999 0.00153784 -0.000726165 -0.00153815 0.999998 -0.0453334 0.0830763 0.0344858
FixedParameters: 0 0 0

#Transform 38
Transform: AffineTransform_float_3_3
Parameters: 0.999999 0.000119692 0.000970298 -0.000119255 0.999999 -0.000725405 -0.00097071 0.000725596 1 -0.0601803 0.129021 -0.0150645
FixedParameters: 0 0 0

#Transform 39
Transform: AffineTransform_float_3_3
Parameters: 1 0.000223375 0.000620564 -0.000222464 0.999998 -0.00170937 -0.000620593 0.00170863 0.999999 -0.042569 0.103537 -0.00569953
FixedParameters: 0 0 0

#Transform 40
Transform: AffineTransform_float_3_3
Parameters: 0.999999 -0.000970868 -0.000340575 0.000970563 0.999999 -0.000796099 0.000341149 0.000795901 0.999999 -0.0145599 0.101068 0.00323396
FixedParameters: 0 0 0

#Transform 41
Transform: AffineTransform_float_3_3
Parameters: 0.999999 -0.000852226 -0.000311951 0.000852007 0.999999 -0.000350323 0.000312549 0.000350677 1 -0.0119687 0.100345 -0.0129064
FixedParameters: 0 0 0

#Transform 42
Transform: AffineTransform_float_3_3
Parameters: 1 -0.00119364 -0.000233859 0.00119366 0.999999 -0.000482048 0.000234039 0.000481953 1 -0.0211172 0.050737 -0.0525302
FixedParameters: 0 0 0

#Transform 43
Transform: AffineTransform_float_3_3
Parameters: 0.999999 -0.000643136 0.000680176 0.000644194 0.999997 -0.00203156 -0.000679008 0.00203244 0.999997 -0.0164814 0.0911836 -0.0657892
FixedParameters: 0 0 0

#Transform 44
Transform: AffineTransform_float_3_3
Parameters: 0.999999 -0.000551083 0.000554408 0.000553696 0.999989 -0.00456487 -0.000552023 0.00456413 0.99999 -0.00873355 0.247182 -0.0897626
FixedParameters: 0 0 0

#Transform 45
Transform: AffineTransform_float_3_3
Parameters: 1 -9.9418e-05 -0.000301655 9.46849e-05 0.999862 -0.016615 0.000304131 0.016615 0.999862 0.0498221 0.679075 -0.184969
FixedParameters: 0 0 0

#Transform 46
Transform: AffineTransform_float_3_3
Parameters: 0.999999 -0.0012536 0.000244616 0.0012554 0.999972 -0.00736641 -0.000235828 0.00736659 0.999973 -0.0109477 0.396636 -0.180144
FixedParameters: 0 0 0

#Transform 47
Transform: AffineTransform_float_3_3
Parameters: 0.999999 -0.00115334 0.000908299 0.00115902 0.999983 -0.0056999 -0.000901404 0.00570111 0.999983 -0.0381862 0.357248 -0.140228
FixedParameters: 0 0 0

#Transform 48
Transform: AffineTransform_float_3_3
Parameters: 1 -0.000153299 -0.000399044 0.000154154 1 -0.000146062 0.000399328 0.000145939 1 0.0409289 0.211785 -0.0859736
FixedParameters: 0 0 0

#Transform 49
Transform: AffineTransform_float_3_3
Parameters: 0.999998 -0.00165901 0.00104703 0.00166066 0.999997 -0.00183615 -0.00104456 0.00183785 0.999998 -0.074282 0.241271 -0.0750647
FixedParameters: 0 0 0

#Transform 50
Transform: AffineTransform_float_3_3
Parameters: 0.999999 -0.000724604 0.000718287 0.000725876 0.999999 -0.000719421 -0.000718214 0.000719577 0.999999 -0.0457552 0.210562 -0.0696867
FixedParameters: 0 0 0

#Transform 51
Transform: AffineTransform_float_3_3
Parameters: 1 -0.000835237 0.000691296 0.000835694 1 -0.000860423 -0.000691067 0.000861578 1 -0.0504116 0.180188 0.0253921
FixedParameters: 0 0 0

#Transform 52
Transform: AffineTransform_float_3_3
Parameters: 1 -0.00048811 0.00109699 0.000486519 0.999999 0.00116753 -0.00109789 -0.00116646 0.999998 -0.074254 0.109337 0.0388928
FixedParameters: 0 0 0

#Transform 53
Transform: AffineTransform_float_3_3
Parameters: 0.999998 -0.000116373 0.00187532 0.000115945 1 -0.000145246 -0.00187552 0.000144755 0.999998 -0.120077 0.104743 0.0456017
FixedParameters: 0 0 0

#Transform 54
Transform: AffineTransform_float_3_3
Parameters: 0.999998 -0.000591754 0.00151238 0.000589951 0.999999 0.000596661 -0.00151308 -0.000595337 0.999998 -0.0952453 0.0773253 0.0350296
FixedParameters: 0 0 0

#Transform 55
Transform: AffineTransform_float_3_3
Parameters: 0.999999 -0.000616621 0.00161018 0.000614236 1 0.00104276 -0.00161122 -0.00104124 0.999998 -0.082843 0.0717294 0.0163363
FixedParameters: 0 0 0

#Transform 56
Transform: AffineTransform_float_3_3
Parameters: 0.999998 -0.000827692 0.00139335 0.000826008 1 0.000952978 -0.00139469 -0.000952022 0.999999 -0.078325 0.0715705 -0.000621972
FixedParameters: 0 0 0

#Transform 57
Transform: AffineTransform_float_3_3
Parameters: 0.999998 -0.00169586 0.00124151 0.00169519 0.999999 -0.000119782 -0.00124134 0.000122219 0.999999 -0.0867845 0.0339375 0.00315033
FixedParameters: 0 0 0

#Transform 58
Transform: AffineTransform_float_3_3
Parameters: 0.999862 -0.00264567 0.0164366 0.00416491 0.99565 -0.093082 -0.0161195 0.0931381 0.995523 0.0651622 0.454067 -1.00914
FixedParameters: 0 0 0

#Transform 59
Transform: AffineTransform_float_3_3
Parameters: 0.999992 0.000505309 0.00412257 -0.000258782 0.998223 -0.0595875 -0.00414529 0.0595856 0.998215 0.176122 0.864909 -0.76051
FixedParameters: 0 0 0

#Transform 60
Transform: AffineTransform_float_3_3
Parameters: 0.999991 -0.00026875 0.00440729 0.00031366 0.999948 -0.010162 -0.0044041 0.010163 0.999938 0.00118311 0.385315 -0.131977
FixedParameters: 0 0 0

#Transform 61
Transform: AffineTransform_float_3_3
Parameters: 0.999992 0.000956056 0.00388034 -0.000946352 0.999996 -0.00253102 -0.00388244 0.00252798 0.999989 -0.0134319 0.187674 -0.0661308
FixedParameters: 0 0 0

#Transform 62
Transform: AffineTransform_float_3_3
Parameters: 0.999996 0.00168782 0.0022653 -0.00169277 0.999996 0.00199895 -0.00226268 -0.00200305 0.999996 0.0761683 0.0105344 -0.0420483
FixedParameters: 0 0 0

#Transform 63
Transform: AffineTransform_float_3_3
Parameters: 0.999995 0.0014814 0.00278954 -0.00148517 0.999998 0.00128235 -0.00278696 -0.00128665 0.999996 0.0406262 -0.0255943 -0.0638128
FixedParameters: 0 0 0

#Transform 64
Transform: AffineTransform_float_3_3
Parameters: 0.999996 0.00215693 0.00193103 -0.00216482 0.999988 0.00423907 -0.00192195 -0.00424293 0.999989 0.0566298 -0.206705 -0.0124167
FixedParameters: 0 0 0

#Transform 65
Transform: AffineTransform_float_3_3
Parameters: 0.999996 0.00205198 0.00202009 -0.0020682 0.999968 0.0078091 -0.00200374 -0.00781291 0.999968 0.0589542 -0.281049 -0.0915281
FixedParameters: 0 0 0

#Transform 66
Transform: AffineTransform_float_3_3
Parameters: 0.999994 0.00202352 0.00283249 -0.00204325 0.999972 0.00721315 -0.00281754 -0.00721886 0.99997 0.0136315 -0.226943 -0.0799383
FixedParameters: 0 0 0

#Transform 67
Transform: AffineTransform_float_3_3
Parameters: 0.999995 0.00186531 0.0027935 -0.00188682 0.999969 0.00763149 -0.00277925 -0.00763751 0.999967 -0.00573824 -0.253587 -0.116966
FixedParameters: 0 0 0

#Transform 68
Transform: AffineTransform_float_3_3
Parameters: 0.999996 0.0014525 0.0026856 -0.00146879 0.99998 0.00614885 -0.00267692 -0.00615314 0.999977 0.00122306 -0.183315 -0.0342995
FixedParameters: 0 0 0

#Transform 69
Transform: AffineTransform_float_3_3
Parameters: 0.999994 0.00206528 0.00271194 -0.00208321 0.999975 0.00679757 -0.00269763 -0.00680343 0.999973 -0.00974026 -0.217881 -0.0687445
FixedParameters: 0 0 0

#Transform 70
Transform: AffineTransform_float_3_3
Parameters: 0.999995 0.00176467 0.00261883 -0.00178374 0.999971 0.00739808 -0.00260527 -0.00740292 0.99997 0.0022054 -0.245086 -0.0682911
FixedParameters: 0 0 0

#Transform 71
Transform: AffineTransform_float_3_3
Parameters: 0.999995 0.00207729 0.00233802 -0.00209187 0.999979 0.00623238 -0.00232494 -0.00623763 0.999978 0.0241315 -0.226472 -0.0443472
FixedParameters: 0 0 0

#Transform 72
Transform: AffineTransform_float_3_3
Parameters: 0.999997 0.00131696 0.00238168 -0.00133719 0.999962 0.00853261 -0.00237051 -0.00853538 0.99996 0.011961 -0.287437 -0.0743501
FixedParameters: 0 0 0

#Transform 73
Transform: AffineTransform_float_3_3
Parameters: 0.999996 0.00134314 0.00227319 -0.00136445 0.999956 0.00928671 -0.00226146 -0.0092893 0.999955 0.0174002 -0.308013 -0.0582384
FixedParameters: 0 0 0

#Transform 74
Transform: AffineTransform_float_3_3
Parameters: 0.999996 0.00178799 0.00215239 -0.00180796 0.999956 0.00922115 -0.00213604 -0.00922485 0.999955 0.0333203 -0.294322 -0.0743137
FixedParameters: 0 0 0

#Transform 75
Transform: AffineTransform_float_3_3
Parameters: 0.999996 0.00181887 0.00227745 -0.00183779 0.999965 0.00815785 -0.00226272 -0.00816215 0.999964 0.0284138 -0.279188 -0.0800862
FixedParameters: 0 0 0

#Transform 76
Transform: AffineTransform_float_3_3
Parameters: 0.999995 0.00199672 0.0025261 -0.00201585 0.999967 0.0078279 -0.00251029 -0.00783311 0.999967 0.00904959 -0.296157 -0.0801688
FixedParameters: 0 0 0

#Transform 77
Transform: AffineTransform_float_3_3
Parameters: 0.999994 0.0019766 0.00260788 -0.00199566 0.99997 0.00752101 -0.00259263 -0.00752599 0.999968 4.89949e-05 -0.260554 -0.0503955
FixedParameters: 0 0 0

#Transform 78
Transform: AffineTransform_float_3_3
Parameters: 0.999995 0.00186381 0.00228745 -0.00188071 0.999969 0.00757673 -0.00227224 -0.00758126 0.999968 0.0269695 -0.252448 -0.0488858
FixedParameters: 0 0 0

#Transform 79
Transform: AffineTransform_float_3_3
Parameters: 0.999995 0.00152304 0.00272895 -0.00154484 0.999968 0.00791254 -0.00271591 -0.00791646 0.999965 0.00362505 -0.298227 -0.0643928
FixedParameters: 0 0 0

#Transform 80
Transform: AffineTransform_float_3_3
Parameters: 0.999996 0.00155593 0.00260983 -0.00157306 0.999976 0.00672464 -0.0025988 -0.00672836 0.999974 0.0324775 -0.255675 -0.0852714
FixedParameters: 0 0 0

#Transform 81
Transform: AffineTransform_float_3_3
Parameters: 0.999997 0.00198295 0.00147839 -0.00199692 0.999957 0.00909843 -0.00146066 -0.00910158 0.999958 0.0797324 -0.272711 -0.237377
FixedParameters: 0 0 0

#Transform 82
Transform: AffineTransform_float_3_3
Parameters: 0.999997 0.00181696 0.00167168 -0.00182886 0.999971 0.00741326 -0.00165901 -0.00741574 0.999971 0.0410269 -0.243478 -0.0551273
FixedParameters: 0 0 0

#Transform 83
Transform: AffineTransform_float_3_3
Parameters: 0.999997 0.000778114 0.00207699 -0.000786981 0.99999 0.00435197 -0.0020741 -0.00435303 0.999988 0.0631063 -0.211334 -0.11691
FixedParameters: 0 0 0

#Transform 84
Transform: AffineTransform_float_3_3
Parameters: 0.999997 0.00153667 0.00189482 -0.00155244 0.999967 0.00801014 -0.00188299 -0.00801286 0.999966 0.0394524 -0.318682 -0.0113863
FixedParameters: 0 0 0

#Transform 85
Transform: AffineTransform_float_3_3
Parameters: 0.999991 0.00276091 0.00329213 -0.002778 0.999981 0.00535586 -0.00327756 -0.00536515 0.999981 -0.00098379 -0.133496 -0.0824648
FixedParameters: 0 0 0

#Transform 86
Transform: AffineTransform_float_3_3
Parameters: 0.99999 0.00236606 0.00359426 -0.00238445 0.999984 0.00512019 -0.00358188 -0.0051288 0.99998 -0.02387 -0.151614 -0.0884557
FixedParameters: 0 0 0

#Transform 87
Transform: AffineTransform_float_3_3
Parameters: 0.999986 0.00334762 0.00404616 -0.00336949 0.99998 0.00542563 -0.00402795 -0.00543938 0.999977 -0.0163533 -0.186186 -0.125499
FixedParameters: 0 0 0

#Transform 88
Transform: AffineTransform_float_3_3
Parameters: 0.999971 0.0052065 0.00566235 -0.00523407 0.999974 0.00499269 -0.0056359 -0.0050213 0.999971 -0.0564148 -0.211501 -0.141175
FixedParameters: 0 0 0

#Transform 89
Transform: AffineTransform_float_3_3
Parameters: 0.999987 0.0031618 0.00415245 -0.00318462 0.99998 0.00551781 -0.00413543 -0.0055312 0.999976 -0.0411315 -0.146965 -0.0679059
FixedParameters: 0 0 0

#Transform 90
Transform: AffineTransform_float_3_3
Parameters: 0.99999 0.00255498 0.0036751 -0.00257651 0.99998 0.00583148 -0.00366052 -0.00584052 0.999976 -0.0250279 -0.15747 -0.0815851
FixedParameters: 0 0 0

#Transform 91
Transform: AffineTransform_float_3_3
Parameters: 0.999989 0.00332851 0.00315587 -0.00334483 0.999981 0.00523438 -0.00313844 -0.00524462 0.999981 0.000575989 -0.149137 -0.0571284
FixedParameters: 0 0 0

#Transform 92
Transform: AffineTransform_float_3_3
Parameters: 0.999991 0.00281656 0.00297769 -0.00283156 0.999982 0.00520485 -0.00296289 -0.00521315 0.999982 -0.00192943 -0.142913 -0.0560957
FixedParameters: 0 0 0

#Transform 93
Transform: AffineTransform_float_3_3
Parameters: 0.999992 0.00276005 0.00295145 -0.00277629 0.999982 0.00529632 -0.00293696 -0.00530368 0.999981 -0.00926768 -0.124927 -0.0117222
FixedParameters: 0 0 0

#Transform 94
Transform: AffineTransform_float_3_3
Parameters: 0.999993 0.00263396 0.00284112 -0.00264728 0.999984 0.00490281 -0.00282812 -0.00491019 0.999984 -0.0056345 -0.115277 -0.0237356
FixedParameters: 0 0 0

#Transform 95
Transform: AffineTransform_float_3_3
Parameters: 0.999996 0.001684 0.00235494 -0.00167144 0.999985 -0.00532796 -0.00236354 0.00532405 0.999983 0.0696187 -0.180235 -0.173557
FixedParameters: 0 0 0

#Transform 96
Transform: AffineTransform_float_3_3
Parameters: 1 0.00049172 -0.000300036 -0.000504177 0.999093 -0.0425799 0.000279147 0.0425801 0.999093 0.116199 1.07198 0.27947
FixedParameters: 0 0 0

#Transform 97
Transform: AffineTransform_float_3_3
Parameters: 0.999997 0.00201902 -0.000676117 -0.00202976 0.999877 -0.0155723 0.000644308 0.0155737 0.999879 0.0794003 0.728892 0.0407239
FixedParameters: 0 0 0

#Transform 98
Transform: AffineTransform_float_3_3
Parameters: 0.999997 0.00202982 -0.00152114 -0.00204001 0.999977 -0.00642398 0.00150757 0.00642702 0.999979 0.129821 0.317848 -0.100782
FixedParameters: 0 0 0

#Transform 99
Transform: AffineTransform_float_3_3
Parameters: 0.999997 0.0022717 -0.00103184 -0.00227634 0.999987 -0.0045225 0.00102168 0.00452451 0.99999 0.100205 0.234194 -0.16792
FixedParameters: 0 0 0

#Transform 100
Transform: AffineTransform_float_3_3
Parameters: 0.999996 0.00263862 -0.00086883 -0.0026435 0.999979 -0.00597104 0.000853027 0.00597297 0.999982 0.0832593 0.35497 -0.111247
FixedParameters: 0 0 0

#Transform 101
Transform: AffineTransform_float_3_3
Parameters: 0.999994 0.00302954 -0.00132856 -0.00302723 0.999994 0.00160678 0.00133367 -0.00160222 0.999998 0.0718688 0.0128586 0.0291781
FixedParameters: 0 0 0

#Transform 102
Transform: AffineTransform_float_3_3
Parameters: 0.999994 0.00324318 -0.000798012 -0.00324292 0.999994 0.000165568 0.000799079 -0.00016343 0.999999 0.0566156 0.0709249 -0.000396401
FixedParameters: 0 0 0

#Transform 103
Transform: AffineTransform_float_3_3
Parameters: 0.999994 0.00334671 -0.000770187 -0.00334651 0.999994 0.000920562 0.000772951 -0.000918439 1 0.0578056 -0.00654683 -0.0291039
FixedParameters: 0 0 0

#Transform 104
Transform: AffineTransform_float_3_3
Parameters: 0.999994 0.00329265 -0.000849421 -0.0032915 0.999994 0.00125878 0.000853339 -0.00125622 0.999999 0.0599894 -0.0230194 -0.0174498
FixedParameters: 0 0 0

#Transform 105
Transform: AffineTransform_float_3_3
Parameters: 0.999994 0.00355151 -0.000719957 -0.00355153 0.999994 0.000840774 0.00072253 -0.000838229 1 0.0649428 0.000652885 -0.0362182
FixedParameters: 0 0 0

#Transform 106
Transform: AffineTransform_float_3_3
Parameters: 0.999993 0.00353861 -0.000606769 -0.00353846 0.999994 0.000532593 0.00060835 -0.000530408 0.999999 0.0339083 -0.00713074 -0.0339458
FixedParameters: 0 0 0

#Transform 107
Transform: AffineTransform_float_3_3
Parameters: 0.999993 0.00351683 -0.00116141 -0.00351461 0.999992 0.00169413 0.00116774 -0.00168987 0.999998 0.0594601 -0.0235479 0.0157041
FixedParameters: 0 0 0

#Transform 108
Transform: AffineTransform_float_3_3
Parameters: 0.999995 0.00306761 -0.000484118 -0.00306601 0.999992 0.00216636 0.000491097 -0.00216464 0.999998 0.0403753 0.00774483 0.0103963
FixedParameters: 0 0 0

#Transform 109
Transform: AffineTransform_float_3_3
Parameters: 0.999994 0.00330129 -0.000482037 -0.00329995 0.999992 0.00242276 0.000489541 -0.00242124 0.999997 0.0456279 -0.0471111 -0.00197856
FixedParameters: 0 0 0

#Transform 110
Transform: AffineTransform_float_3_3
Parameters: 0.999995 0.00296617 0.000264044 -0.00296748 0.99999 0.00338527 -0.000254141 -0.00338673 0.999994 0.0046166 -0.0614157 -0.0797116
FixedParameters: 0 0 0

#Transform 111
Transform: AffineTransform_float_3_3
Parameters: 0.999996 0.00274643 0.000388553 -0.00274781 0.999991 0.0030027 -0.000380058 -0.0030043 0.999996 0.013468 -0.0499807 -0.0856405
FixedParameters: 0 0 0

#Transform 112
Transform: AffineTransform_float_3_3
Parameters: 0.999997 0.00219801 5.51599e-05 -0.00219746 0.999997 0.00154663 -5.12758e-05 -0.00154636 0.999999 0.0289805 0.0455724 -0.050644
FixedParameters: 0 0 0

#Transform 113
Transform: AffineTransform_float_3_3
Parameters: 0.999998 0.00169602 0.000290335 -0.00169632 0.999995 0.00258597 -0.000286418 -0.00258603 0.999996 0.0319853 -0.0556751 -0.234552
FixedParameters: 0 0 0

#Transform 114
Transform: AffineTransform_float_3_3
Parameters: 0.999997 0.00212723 0.000197809 -0.00212777 0.999992 0.00318811 -0.000191278 -0.00318889 0.999995 0.0353933 -0.0674934 -0.154625
FixedParameters: 0 0 0

#Transform 115
Transform: AffineTransform_float_3_3
Parameters: 0.999996 0.00282357 0.000513982 -0.00282475 0.999989 0.00373455 -0.000503565 -0.00373645 0.999993 0.00430758 -0.107034 -0.0724134
FixedParameters: 0 0 0

#Transform 116
Transform: AffineTransform_float_3_3
Parameters: 0.999995 0.00289974 0.000448167 -0.00290155 0.999989 0.0036317 -0.000437044 -0.0036333 0.999994 0.00162432 -0.128002 -0.07076
FixedParameters: 0 0 0

#Transform 117
Transform: AffineTransform_float_3_3
Parameters: 0.999996 0.00277018 0.000727807 -0.00277247 0.999986 0.00456916 -0.000715835 -0.00457084 0.999989 -0.00694729 -0.171723 -0.0863289
FixedParameters: 0 0 0

#Transform 118
Transform: AffineTransform_float_3_3
Parameters: 0.999995 0.00304064 0.00125911 -0.00305134 0.999965 0.0078463 -0.00123486 -0.0078507 0.999968 -0.0346466 -0.283515 -0.0199473
FixedParameters: 0 0 0

#Transform 119
Transform: AffineTransform_float_3_3
Parameters: 0.999994 0.00319591 0.00085485 -0.00320291 0.999964 0.00783546 -0.000829951 -0.00783854 0.999969 -0.0105358 -0.29013 0.00739345
FixedParameters: 0 0 0

#Transform 120
Transform: AffineTransform_float_3_3
Parameters: 0.999996 0.00286317 -0.000332446 -0.00286128 0.99997 0.00713785 0.000351974 -0.00713716 0.999974 0.0318464 -0.241934 0.0563706
FixedParameters: 0 0 0

#Transform 121
Transform: AffineTransform_float_3_3
Parameters: 0.999996 0.00302764 -0.000294147 -0.00302554 0.999977 0.00600679 0.000311594 -0.00600622 0.999982 0.0339826 -0.202038 0.116152
FixedParameters: 0 0 0

#Transform 122
Transform: AffineTransform_float_3_3
Parameters: 0.999994 0.00313699 0.00179259 -0.00314597 0.999982 0.00507661 -0.00177697 -0.00508239 0.999985 0.0441267 -0.182777 -0.0193652
FixedParameters: 0 0 0

#Transform 123
Transform: AffineTransform_float_3_3
Parameters: 0.999995 0.00310385 0.00109914 -0.0031098 0.999983 0.00491771 -0.00108387 -0.00492129 0.999987 0.00676563 -0.191442 0.0143819
FixedParameters: 0 0 0

#Transform 124
Transform: AffineTransform_float_3_3
Parameters: 0.999992 0.00266496 0.00281864 -0.00268857 0.99996 0.00846278 -0.00279524 -0.00847021 0.99996 -0.0798351 -0.282781 0.0292843
FixedParameters: 0 0 0

#Transform 125
Transform: AffineTransform_float_3_3
Parameters: 0.999986 0.00212311 0.00496924 -0.00215881 0.999972 0.00717865 -0.00495342 -0.00718934 0.999962 -0.0980671 -0.213836 0.00990855
FixedParameters: 0 0 0

#Transform 126
Transform: AffineTransform_float_3_3
Parameters: 0.999992 0.00123009 0.00376331 -0.00125557 0.999976 0.006801 -0.00375451 -0.006806 0.99997 -0.0164188 -0.205791 0.0411083
FixedParameters: 0 0 0

#Transform 127
Transform: AffineTransform_float_3_3
Parameters: 0.999996 0.00214727 0.00178106 -0.00216011 0.99997 0.00735947 -0.00176565 -0.00736353 0.999971 0.0437521 -0.220413 0.0408543
FixedParameters: 0 0 0

#Transform 128
Transform: AffineTransform_float_3_3
Parameters: 1 0.000581685 0.00104199 -0.00058992 0.999971 0.00756133 -0.00103849 -0.00756167 0.999971 0.130884 -0.239732 0.0268935
FixedParameters: 0 0 0

#Transform 129
Transform: AffineTransform_float_3_3
Parameters: 0.999996 0.00198255 0.00202714 -0.0019992 0.999964 0.00818898 -0.00201109 -0.00819302 0.999965 0.0131147 -0.314619 0.0512886
FixedParameters: 0 0 0

#Transform 130
Transform: AffineTransform_float_3_3
Parameters: 0.999995 0.00175738 0.00287579 -0.00177547 0.99998 0.00609982 -0.00286449 -0.00610418 0.999977 -0.0404645 -0.186181 0.0724976
FixedParameters: 0 0 0

#Transform 131
Transform: AffineTransform_float_3_3
Parameters: 0.999995 0.00214632 0.00233809 -0.00216639 0.999961 0.00856215 -0.00231894 -0.00856684 0.99996 -0.0265297 -0.269706 0.0809923
FixedParameters: 0 0 0

#Transform 132
Transform: AffineTransform_float_3_3
Parameters: 0.999993 0.00283821 0.00216416 -0.00285527 0.999963 0.0081618 -0.00214103 -0.0081682 0.999964 -0.00540064 -0.264723 0.0534929
FixedParameters: 0 0 0

#Transform 133
Transform: AffineTransform_float_3_3
Parameters: 0.999996 0.00232954 0.00190305 -0.00234097 0.999979 0.00606804 -0.00188833 -0.00607196 0.99998 -0.00573069 -0.163373 0.100916
FixedParameters: 0 0 0

#Transform 134
Transform: AffineTransform_float_3_3
Parameters: 0.999993 0.0026055 0.00263442 -0.00262405 0.999972 0.00693249 -0.00261641 -0.00693951 0.999973 -0.041745 -0.187135 0.0625147
FixedParameters: 0 0 0

#Transform 135
Transform: AffineTransform_float_3_3
Parameters: 0.999979 0.00545642 0.00331102 -0.00548697 0.999943 0.00918328 -0.00326075 -0.00920073 0.999952 -0.0434579 -0.287967 0.0333025
FixedParameters: 0 0 0

#Transform 136
Transform: AffineTransform_float_3_3
Parameters: 0.99999 0.00323334 0.00288129 -0.00325796 0.99996 0.0083264 -0.00285447 -0.00833561 0.999962 -0.0590821 -0.206891 0.0792813
FixedParameters: 0 0 0

#Transform 137
Transform: AffineTransform_float_3_3
Parameters: 0.999993 0.00250342 0.0028243 -0.00252228 0.999975 0.00664922 -0.00280792 -0.00665578 0.999974 -0.0530128 -0.159291 0.0929631
FixedParameters: 0 0 0

#Transform 138
Transform: AffineTransform_float_3_3
Parameters: 0.999993 0.00238371 0.00282612 -0.0024007 0.999979 0.00601155 -0.00281172 -0.00601745 0.999978 -0.0475727 -0.14317 0.0856214
FixedParameters: 0 0 0

#Transform 139
Transform: AffineTransform_float_3_3
Parameters: 0.999993 0.00222027 0.00299246 -0.00224051 0.999974 0.00678718 -0.00297778 -0.00679382 0.999973 -0.0579126 -0.173296 0.125599
FixedParameters: 0 0 0

#Transform 140
Transform: AffineTransform_float_3_3
Parameters: 0.999992 0.00218539 0.00313019 -0.00220668 0.999974 0.00681297 -0.00311561 -0.00682002 0.999971 -0.0650643 -0.151351 0.110689
FixedParameters: 0 0 0

#Transform 141
Transform: AffineTransform_float_3_3
Parameters: 0.999993 0.00165204 0.00335389 -0.00167956 0.999964 0.00830256 -0.00333992 -0.00830844 0.99996 -0.11642 -0.350084 0.051167
FixedParameters: 0 0 0

#Transform 142
Transform: AffineTransform_float_3_3
Parameters: 0.999994 0.00204117 0.00285431 -0.00206362 0.999967 0.00789005 -0.00283801 -0.00789596 0.999965 -0.0839519 -0.257832 -0.026764
FixedParameters: 0 0 0

#Transform 143
Transform: AffineTransform_float_3_3
Parameters: 0.999993 0.00266484 0.00265478 -0.00268637 0.999962 0.00822423 -0.00263315 -0.00823078 0.999963 -0.0547373 -0.296227 -0.0733543
FixedParameters: 0 0 0

#Transform 144
Transform: AffineTransform_float_3_3
Parameters: 0.999992 0.00334086 0.00194187 -0.00335535 0.999963 0.0078107 -0.00191557 -0.00781729 0.999967 -0.00678685 -0.213993 0.0469594
FixedParameters: 0 0 0

#Transform 145
Transform: AffineTransform_float_3_3
Parameters: 0.999994 0.00272969 0.00244912 -0.00274957 0.999963 0.00813367 -0.00242645 -0.00814033 0.999964 -0.0535271 -0.183469 0.100218
FixedParameters: 0 0 0

#Transform 146
Transform: AffineTransform_float_3_3
Parameters: 0.999993 0.00287261 0.00246088 -0.00289269 0.99996 0.00848259 -0.00243654 -0.00849042 0.999961 -0.0666156 -0.247483 0.0855291
FixedParameters: 0 0 0

#Transform 147
Transform: AffineTransform_float_3_3
Parameters: 0.999993 0.00283512 0.00216345 -0.00285206 0.999967 0.00757258 -0.00214225 -0.00757942 0.999969 -0.0570653 -0.190003 0.114372
FixedParameters: 0 0 0

#Transform 148
Transform: AffineTransform_float_3_3
Parameters: 0.999995 0.0024572 0.00204158 -0.00247564 0.999955 0.00923147 -0.00201915 -0.00923655 0.999956 -0.0554996 -0.259118 0.077459
FixedParameters: 0 0 0

#Transform 149
Transform: AffineTransform_float_3_3
Parameters: 0.999995 0.00263507 0.00208469 -0.00265247 0.999961 0.00849922 -0.00206212 -0.00850478 0.999962 -0.0602549 -0.232956 0.0744951
FixedParameters: 0 0 0

#Transform 150
Transform: AffineTransform_float_3_3
Parameters: 0.999995 0.00245956 0.00203874 -0.00247617 0.999965 0.00807647 -0.00201858 -0.00808154 0.999966 -0.0553509 -0.202284 0.0819145
FixedParameters: 0 0 0

#Transform 151
Transform: AffineTransform_float_3_3
Parameters: 0.999991 0.00297324 0.00309497 -0.00300031 0.999956 0.00893428 -0.00306764 -0.00894374 0.999956 -0.097327 -0.254965 0.0476402
FixedParameters: 0 0 0
