# transform file /out/sourcedata/freesurfer/sub-v2s3x28807_ses-1/mri/transforms/cc_up.lta
# created by oesteban on Fri Mar 13 02:41:27 2026

type      = 0 # LINEAR_VOX_TO_VOX
nxforms   = 1
mean      = 129.0000 125.0000 110.0000
sigma     = 10000.0000
1 4 4
9.908281564712524e-01 9.334534406661987e-03 -1.348051428794861e-01 1.391382694244385e+01 
-9.249323047697544e-03 9.999564290046692e-01 1.258398173376918e-03 2.506045150756836e+01 
1.348110139369965e-01 0.000000000000000e+00 9.908713698387146e-01 6.642303943634033e+00 
0.000000000000000e+00 0.000000000000000e+00 0.000000000000000e+00 1.000000000000000e+00 
src volume info
valid = 1  # volume info valid
filename = /out/sourcedata/freesurfer/sub-v2s3x28807_ses-1/mri/norm.mgz
volume = 256 256 256
voxelsize = 1.000000000000000e+00 1.000000000000000e+00 1.000000000000000e+00
xras   = -1.000000000000000e+00 0.000000000000000e+00 0.000000000000000e+00
yras   = 0.000000000000000e+00 0.000000000000000e+00 -1.000000000000000e+00
zras   = 0.000000000000000e+00 1.000000000000000e+00 0.000000000000000e+00
cras   = -1.080455017089844e+01 4.649818420410156e+01 3.883590698242188e+00
dst volume info
valid = 1  # volume info valid
filename = /out/sourcedata/freesurfer/sub-v2s3x28807_ses-1/mri/norm.mgz
volume = 256 256 256
voxelsize = 1.000000000000000e+00 1.000000000000000e+00 1.000000000000000e+00
xras   = -1.000000000000000e+00 0.000000000000000e+00 0.000000000000000e+00
yras   = 0.000000000000000e+00 0.000000000000000e+00 -1.000000000000000e+00
zras   = 0.000000000000000e+00 1.000000000000000e+00 0.000000000000000e+00
cras   = -1.080455017089844e+01 4.649818420410156e+01 3.883590698242188e+00
