# transform file /out/sourcedata/freesurfer/sub-v2s3x28803_ses-1/mri/transforms/cc_up.lta
# created by oesteban on Fri Mar 13 02:36:04 2026

type      = 0 # LINEAR_VOX_TO_VOX
nxforms   = 1
mean      = 126.0000 105.0000 120.0000
sigma     = 10000.0000
1 4 4
9.909653067588806e-01 -1.329524666070938e-01 -1.764808036386967e-02 2.031471252441406e+01 
1.329313814640045e-01 9.911224246025085e-01 -2.367372391745448e-03 2.564133071899414e+01 
1.780615560710430e-02 2.328306436538696e-10 9.998415112495422e-01 4.820059776306152e+00 
0.000000000000000e+00 0.000000000000000e+00 0.000000000000000e+00 1.000000000000000e+00 
src volume info
valid = 1  # volume info valid
filename = /out/sourcedata/freesurfer/sub-v2s3x28803_ses-1/mri/norm.mgz
volume = 256 256 256
voxelsize = 1.000000000000000e+00 1.000000000000000e+00 1.000000000000000e+00
xras   = -1.000000000000000e+00 0.000000000000000e+00 0.000000000000000e+00
yras   = 0.000000000000000e+00 0.000000000000000e+00 -1.000000000000000e+00
zras   = 0.000000000000000e+00 1.000000000000000e+00 0.000000000000000e+00
cras   = -4.515838623046875e-01 3.071514892578125e+01 -7.148345947265625e+00
dst volume info
valid = 1  # volume info valid
filename = /out/sourcedata/freesurfer/sub-v2s3x28803_ses-1/mri/norm.mgz
volume = 256 256 256
voxelsize = 1.000000000000000e+00 1.000000000000000e+00 1.000000000000000e+00
xras   = -1.000000000000000e+00 0.000000000000000e+00 0.000000000000000e+00
yras   = 0.000000000000000e+00 0.000000000000000e+00 -1.000000000000000e+00
zras   = 0.000000000000000e+00 1.000000000000000e+00 0.000000000000000e+00
cras   = -4.515838623046875e-01 3.071514892578125e+01 -7.148345947265625e+00
