# transform file /out/sourcedata/freesurfer/sub-v2s3x28832_ses-1/mri/transforms/cc_up.lta
# created by oesteban on Fri Mar 13 04:18:07 2026

type      = 0 # LINEAR_VOX_TO_VOX
nxforms   = 1
mean      = 127.0000 113.0000 101.0000
sigma     = 10000.0000
1 4 4
9.947309494018555e-01 3.695129230618477e-02 -9.563037753105164e-02 6.400477886199951e+00 
-3.678170964121819e-02 9.993171691894531e-01 3.536080708727241e-03 3.839511489868164e+01 
9.569572657346725e-02 0.000000000000000e+00 9.954106807708740e-01 1.828032684326172e+01 
0.000000000000000e+00 0.000000000000000e+00 0.000000000000000e+00 1.000000000000000e+00 
src volume info
valid = 1  # volume info valid
filename = /out/sourcedata/freesurfer/sub-v2s3x28832_ses-1/mri/norm.mgz
volume = 256 256 256
voxelsize = 1.000000000000000e+00 1.000000000000000e+00 1.000000000000000e+00
xras   = -1.000000000000000e+00 0.000000000000000e+00 0.000000000000000e+00
yras   = 0.000000000000000e+00 0.000000000000000e+00 -1.000000000000000e+00
zras   = 0.000000000000000e+00 1.000000000000000e+00 0.000000000000000e+00
cras   = -2.335807800292969e+00 5.598428344726562e+01 -8.122741699218750e+00
dst volume info
valid = 1  # volume info valid
filename = /out/sourcedata/freesurfer/sub-v2s3x28832_ses-1/mri/norm.mgz
volume = 256 256 256
voxelsize = 1.000000000000000e+00 1.000000000000000e+00 1.000000000000000e+00
xras   = -1.000000000000000e+00 0.000000000000000e+00 0.000000000000000e+00
yras   = 0.000000000000000e+00 0.000000000000000e+00 -1.000000000000000e+00
zras   = 0.000000000000000e+00 1.000000000000000e+00 0.000000000000000e+00
cras   = -2.335807800292969e+00 5.598428344726562e+01 -8.122741699218750e+00
