# transform file /out/sourcedata/freesurfer/sub-v2s3x28800_ses-1/mri/transforms/cc_up.lta
# created by oesteban on Fri Mar 13 02:21:14 2026

type      = 0 # LINEAR_VOX_TO_VOX
nxforms   = 1
mean      = 133.0000 112.0000 114.0000
sigma     = 10000.0000
1 4 4
9.992572665214539e-01 3.754737600684166e-02 8.664582855999470e-03 -6.543190479278564e+00 
-3.754596412181854e-02 9.992947578430176e-01 -3.255619085393846e-04 4.503078460693359e+01 
-8.670696988701820e-03 0.000000000000000e+00 9.999624490737915e-01 2.214342880249023e+01 
0.000000000000000e+00 0.000000000000000e+00 0.000000000000000e+00 1.000000000000000e+00 
src volume info
valid = 1  # volume info valid
filename = /out/sourcedata/freesurfer/sub-v2s3x28800_ses-1/mri/norm.mgz
volume = 256 256 256
voxelsize = 1.000000000000000e+00 1.000000000000000e+00 1.000000000000000e+00
xras   = -1.000000000000000e+00 0.000000000000000e+00 0.000000000000000e+00
yras   = 0.000000000000000e+00 0.000000000000000e+00 -1.000000000000000e+00
zras   = 0.000000000000000e+00 1.000000000000000e+00 0.000000000000000e+00
cras   = 4.158409118652344e+00 3.393452453613281e+01 4.186141967773438e+00
dst volume info
valid = 1  # volume info valid
filename = /out/sourcedata/freesurfer/sub-v2s3x28800_ses-1/mri/norm.mgz
volume = 256 256 256
voxelsize = 1.000000000000000e+00 1.000000000000000e+00 1.000000000000000e+00
xras   = -1.000000000000000e+00 0.000000000000000e+00 0.000000000000000e+00
yras   = 0.000000000000000e+00 0.000000000000000e+00 -1.000000000000000e+00
zras   = 0.000000000000000e+00 1.000000000000000e+00 0.000000000000000e+00
cras   = 4.158409118652344e+00 3.393452453613281e+01 4.186141967773438e+00
