#Insight Transform File V1.0
#Transform 0
Transform: AffineTransform_float_3_3
Parameters: 0.999884 0.00264794 0.0149874 -0.00401238 0.995773 0.091767 -0.0146805 -0.091817 0.995667 -0.100849 -2.66771 -1.31741
FixedParameters: 0 0 0

#Transform 1
Transform: AffineTransform_float_3_3
Parameters: 0.999921 0.00246135 0.0123202 -0.00353395 0.996133 0.087782 -0.0120569 -0.087818 0.996064 -0.0254552 -2.55201 -1.30082
FixedParameters: 0 0 0

#Transform 2
Transform: AffineTransform_float_3_3
Parameters: 0.999952 0.000124595 0.00986291 -0.000969981 0.996308 0.0858434 -0.00981605 -0.0858496 0.99626 -0.0425399 -2.54017 -0.258788
FixedParameters: 0 0 0

#Transform 3
Transform: AffineTransform_float_3_3
Parameters: 0.999967 0.00197475 0.00786808 -0.00262456 0.996512 0.0834109 -0.00767572 -0.0834291 0.996484 -0.0388547 -2.4078 -0.665403
FixedParameters: 0 0 0

#Transform 4
Transform: AffineTransform_float_3_3
Parameters: 0.999974 0.00101848 0.00710571 -0.00160092 0.996592 0.0824739 -0.00699713 -0.082483 0.996567 -0.0419886 -2.39233 -0.24873
FixedParameters: 0 0 0

#Transform 5
Transform: AffineTransform_float_3_3
Parameters: 0.999979 0.0012352 0.00636596 -0.00169721 0.997327 0.0730616 -0.00625885 -0.0730714 0.997307 -0.0840064 -2.18126 0.940382
FixedParameters: 0 0 0

#Transform 6
Transform: AffineTransform_float_3_3
Parameters: 0.999978 0.00188742 0.00639831 -0.00234448 0.99738 0.0723116 -0.00624409 -0.0723243 0.997361 -0.079492 -1.93071 0.650909
FixedParameters: 0 0 0

#Transform 7
Transform: AffineTransform_float_3_3
Parameters: 0.999977 0.00066599 0.00683837 -0.00105412 0.998377 0.0569443 -0.00678969 -0.0569507 0.998354 -0.080653 -1.50567 0.246125
FixedParameters: 0 0 0

#Transform 8
Transform: AffineTransform_float_3_3
Parameters: 0.999985 0.000220266 0.005335 -0.000536718 0.998229 0.0594893 -0.00531221 -0.0594908 0.998215 -0.132624 -1.65881 1.1226
FixedParameters: 0 0 0

#Transform 9
Transform: AffineTransform_float_3_3
Parameters: 0.999981 -8.4387e-05 0.00628276 -0.000162874 0.999229 0.0392622 -0.00628097 -0.0392627 0.999209 -0.148035 -0.988607 0.243648
FixedParameters: 0 0 0

#Transform 10
Transform: AffineTransform_float_3_3
Parameters: 0.999993 -0.000486239 0.00376193 0.000359656 0.999434 0.0336577 -0.00377591 -0.0336563 0.999427 -0.0355798 -0.967611 0.447295
FixedParameters: 0 0 0

#Transform 11
Transform: AffineTransform_float_3_3
Parameters: 0.999998 0.000906542 0.00190319 -0.000984024 0.999153 0.0411472 -0.00186369 -0.0411488 0.999151 -0.0380995 -1.23874 0.79194
FixedParameters: 0 0 0

#Transform 12
Transform: AffineTransform_float_3_3
Parameters: 0.999997 0.000244772 0.00219005 -0.000320069 0.99941 0.0343451 -0.00218009 -0.0343449 0.999408 -0.0348127 -1.04511 0.586526
FixedParameters: 0 0 0

#Transform 13
Transform: AffineTransform_float_3_3
Parameters: 0.999996 -0.000262609 0.00275084 0.000220513 0.999883 0.0152571 -0.00275479 -0.0152568 0.99988 -0.0723927 -0.553233 0.142689
FixedParameters: 0 0 0

#Transform 14
Transform: AffineTransform_float_3_3
Parameters: 0.999998 0.00127119 0.00107958 -0.00126599 0.999986 -0.00510426 -0.00108623 0.00510274 0.999986 0.0072352 0.3541 -0.11093
FixedParameters: 0 0 0

#Transform 15
Transform: AffineTransform_float_3_3
Parameters: 0.999999 -0.000946043 -0.00109073 0.000941091 0.999988 -0.00482805 0.00109553 0.00482695 0.999988 0.0799218 0.216183 -0.17927
FixedParameters: 0 0 0

#Transform 16
Transform: AffineTransform_float_3_3
Parameters: 0.999997 -0.00232231 -0.000396739 0.00232201 0.999997 -0.00070954 0.000398048 0.000708461 0.999999 -0.000560098 -0.0165229 -0.021215
FixedParameters: 0 0 0

#Transform 17
Transform: AffineTransform_float_3_3
Parameters: 0.999999 -0.00142644 -0.000228949 0.00142604 0.999999 -0.0011622 0.000231272 0.0011618 1 -0.0310633 0.0993684 -0.0336175
FixedParameters: 0 0 0

#Transform 18
Transform: AffineTransform_float_3_3
Parameters: 0.999999 -0.000637033 -0.00123893 0.000641679 0.999994 0.00323306 0.00123738 -0.00323393 0.999994 0.0468114 -0.136267 -0.0905868
FixedParameters: 0 0 0

#Transform 19
Transform: AffineTransform_float_3_3
Parameters: 0.999999 -0.000945837 -0.00156558 0.000948931 0.999996 0.00237936 0.00156353 -0.00238064 0.999996 0.0555506 -0.111574 -0.164449
FixedParameters: 0 0 0

#Transform 20
Transform: AffineTransform_float_3_3
Parameters: 0.999999 -0.00118516 -0.00100294 0.00118772 0.999994 0.00301879 0.000999355 -0.0030202 0.999995 0.025522 -0.131616 -0.0905754
FixedParameters: 0 0 0

#Transform 21
Transform: AffineTransform_float_3_3
Parameters: 0.999998 -0.00136241 -0.000892987 0.00136603 0.999991 0.0041409 0.000887251 -0.00414211 0.999991 0.0171336 -0.176359 -0.144303
FixedParameters: 0 0 0

#Transform 22
Transform: AffineTransform_float_3_3
Parameters: 0.999998 -0.00113425 -0.00124207 0.00113598 0.999997 0.00204856 0.00124 -0.00204944 0.999998 0.0260681 -0.0937529 -0.264986
FixedParameters: 0 0 0

#Transform 23
Transform: AffineTransform_float_3_3
Parameters: 0.999999 -0.000493668 -0.00126765 0.000502472 0.999977 0.00686335 0.00126474 -0.00686365 0.999975 0.0784785 -0.197472 -0.146029
FixedParameters: 0 0 0

#Transform 24
Transform: AffineTransform_float_3_3
Parameters: 0.999976 0.00170741 0.00663285 -0.00203837 0.998741 0.0501263 -0.00653825 -0.0501386 0.998721 -0.08394 -1.3238 -0.577144
FixedParameters: 0 0 0

#Transform 25
Transform: AffineTransform_float_3_3
Parameters: 0.999992 0.000318163 0.00413572 -0.000507779 0.998942 0.0459852 -0.0041174 -0.0459878 0.998933 0.000686158 -1.23264 -0.405291
FixedParameters: 0 0 0

#Transform 26
Transform: AffineTransform_float_3_3
Parameters: 0.999998 0.000120661 0.00158631 -0.000201427 0.998698 0.0510136 -0.00157853 -0.0510134 0.998697 0.0551387 -1.26007 -0.304716
FixedParameters: 0 0 0

#Transform 27
Transform: AffineTransform_float_3_3
Parameters: 0.999994 0.000815369 0.00318224 -0.000996731 0.998361 0.0572176 -0.00312969 -0.0572204 0.998357 0.0133966 -1.49793 -0.652853
FixedParameters: 0 0 0

#Transform 28
Transform: AffineTransform_float_3_3
Parameters: 0.999991 0.00169495 0.00403868 -0.00192748 0.998298 0.0582891 -0.00393327 -0.0582968 0.998291 -0.00878458 -1.64171 -0.928393
FixedParameters: 0 0 0

#Transform 29
Transform: AffineTransform_float_3_3
Parameters: 0.999987 0.000473031 0.0050787 -0.000784234 0.998108 0.0614843 -0.00503952 -0.0614867 0.998095 -0.0524665 -1.82792 -0.87556
FixedParameters: 0 0 0

#Transform 30
Transform: AffineTransform_float_3_3
Parameters: 0.999961 -0.00181529 0.00855984 0.00118779 0.997346 0.0727891 -0.00866989 -0.0727768 0.99731 -0.139927 -2.26797 -0.960917
FixedParameters: 0 0 0

#Transform 31
Transform: AffineTransform_float_3_3
Parameters: 0.999958 -0.00217302 0.00896569 0.00152436 0.997424 0.0717124 -0.00909855 -0.0716955 0.997385 -0.165887 -2.31775 -1.04863
FixedParameters: 0 0 0

#Transform 32
Transform: AffineTransform_float_3_3
Parameters: 0.999962 -0.00187712 0.00843499 0.0012634 0.997391 0.0721686 -0.00854796 -0.0721553 0.997356 -0.136159 -2.32639 -1.05483
FixedParameters: 0 0 0

#Transform 33
Transform: AffineTransform_float_3_3
Parameters: 0.999961 -0.00202334 0.00864949 0.00140688 0.997501 0.0706381 -0.00877079 -0.070623 0.997465 -0.139315 -2.24231 -1.07301
FixedParameters: 0 0 0

#Transform 34
Transform: AffineTransform_float_3_3
Parameters: 0.99997 -0.0018022 0.00754464 0.00124203 0.997292 0.0735429 -0.00765685 -0.073531 0.997263 -0.0467647 -2.3622 -1.15682
FixedParameters: 0 0 0

#Transform 35
Transform: AffineTransform_float_3_3
Parameters: 0.999995 0.00279629 0.00141135 -0.00289679 0.997031 0.0769457 -0.00119256 -0.0769502 0.997034 0.304914 -2.33417 -1.36126
FixedParameters: 0 0 0

#Transform 36
Transform: AffineTransform_float_3_3
Parameters: 0.999995 0.00181932 0.00266527 -0.00201245 0.997217 0.0745289 -0.00252249 -0.0745331 0.997215 0.243504 -2.28398 -1.0253
FixedParameters: 0 0 0

#Transform 37
Transform: AffineTransform_float_3_3
Parameters: 0.999994 0.000908548 0.00350409 -0.00115128 0.997547 0.0699897 -0.003432 -0.0699933 0.997542 0.189897 -2.09825 -0.993014
FixedParameters: 0 0 0

#Transform 38
Transform: AffineTransform_float_3_3
Parameters: 0.999986 0.00159805 0.00516011 -0.00192035 0.998016 0.0629368 -0.00504903 -0.0629452 0.998004 0.101991 -1.8553 -1.17249
FixedParameters: 0 0 0

#Transform 39
Transform: AffineTransform_float_3_3
Parameters: 0.999972 0.00226919 0.00705262 -0.00263979 0.998595 0.0529314 -0.006922 -0.0529486 0.998573 0.019588 -1.39762 -1.05826
FixedParameters: 0 0 0

#Transform 40
Transform: AffineTransform_float_3_3
Parameters: 0.999975 0.00220819 0.00661548 -0.0025461 0.99867 0.0514893 -0.00649302 -0.0515047 0.998652 0.0376412 -1.37746 -1.04512
FixedParameters: 0 0 0

#Transform 41
Transform: AffineTransform_float_3_3
Parameters: 0.999977 0.00292101 0.00608715 -0.0032491 0.998506 0.0545471 -0.00591851 -0.054565 0.998493 -0.000102463 -1.6263 -1.12307
FixedParameters: 0 0 0

#Transform 42
Transform: AffineTransform_float_3_3
Parameters: 0.999981 0.00224143 0.00564315 -0.00251569 0.998788 0.0491684 -0.00552559 -0.0491806 0.998774 -0.0128305 -1.55689 -0.900235
FixedParameters: 0 0 0

#Transform 43
Transform: AffineTransform_float_3_3
Parameters: 0.999959 0.000304484 0.00898332 -0.000652787 0.999247 0.0387976 -0.00896545 -0.0388024 0.999207 -0.313943 -1.49221 -0.67118
FixedParameters: 0 0 0

#Transform 44
Transform: AffineTransform_float_3_3
Parameters: 0.999938 0.000448626 0.0111061 -0.00103189 0.998616 0.0525961 -0.0110673 -0.0526039 0.998554 -0.352528 -1.71889 -0.934081
FixedParameters: 0 0 0

#Transform 45
Transform: AffineTransform_float_3_3
Parameters: 0.999932 -0.000213779 0.0116388 -0.000474863 0.99825 0.0591389 -0.0116317 -0.0591402 0.998182 -0.357772 -1.91407 -1.20111
FixedParameters: 0 0 0

#Transform 46
Transform: AffineTransform_float_3_3
Parameters: 0.999959 -0.000224149 0.00912153 -0.000280216 0.998475 0.0552003 -0.00911961 -0.0552007 0.998434 -0.242718 -1.84965 -1.23633
FixedParameters: 0 0 0

#Transform 47
Transform: AffineTransform_float_3_3
Parameters: 0.99994 0.000274741 0.0110034 -0.000864338 0.998558 0.0536701 -0.0109724 -0.0536769 0.998498 -0.290688 -1.71773 -1.1061
FixedParameters: 0 0 0

#Transform 48
Transform: AffineTransform_float_3_3
Parameters: 0.999933 0.0022827 0.01135 -0.00284369 0.998765 0.0496198 -0.0112233 -0.0496482 0.998704 -0.285364 -1.54865 -1.08976
FixedParameters: 0 0 0

#Transform 49
Transform: AffineTransform_float_3_3
Parameters: 0.999921 0.00146111 0.0124386 -0.00197869 0.999128 0.0417004 -0.012367 -0.0417216 0.999052 -0.335089 -1.40356 -1.1301
FixedParameters: 0 0 0

#Transform 50
Transform: AffineTransform_float_3_3
Parameters: 0.99997 0.00085274 0.00768647 -0.00122403 0.998829 0.0483846 -0.00763661 -0.0483924 0.998799 -0.198118 -1.52275 -1.31469
FixedParameters: 0 0 0

#Transform 51
Transform: AffineTransform_float_3_3
Parameters: 0.999965 -0.000492442 0.0084393 0.000293248 0.999722 0.0235486 -0.00844916 -0.0235454 0.999687 -0.146038 -0.75404 -1.17548
FixedParameters: 0 0 0

#Transform 52
Transform: AffineTransform_float_3_3
Parameters: 0.999992 0.000945578 0.00403066 -0.00102198 0.99982 0.0189462 -0.00401174 -0.0189498 0.999812 0.105437 -0.480535 -1.21607
FixedParameters: 0 0 0

#Transform 53
Transform: AffineTransform_float_3_3
Parameters: 0.999999 0.00080382 0.000935096 -0.0008161 0.999918 0.0127632 -0.000925031 -0.0127638 0.999918 0.204859 -0.39755 -1.06023
FixedParameters: 0 0 0

#Transform 54
Transform: AffineTransform_float_3_3
Parameters: 0.999986 0.0014862 0.00507615 -0.00150808 0.999989 0.00441709 -0.005069 -0.00442491 0.999977 -0.146949 -0.276773 -0.688319
FixedParameters: 0 0 0

#Transform 55
Transform: AffineTransform_float_3_3
Parameters: 0.999953 0.00274189 -0.00923499 -0.00293553 0.999776 -0.0209832 0.00917511 0.0210098 0.999738 0.14911 0.391919 -1.70931
FixedParameters: 0 0 0

#Transform 56
Transform: AffineTransform_float_3_3
Parameters: 0.999996 0.00304607 -3.82944e-05 -0.0030466 0.999965 -0.00772039 1.54417e-05 0.00772061 0.99997 0.122779 0.442952 -1.14615
FixedParameters: 0 0 0

#Transform 57
Transform: AffineTransform_float_3_3
Parameters: 0.999996 0.0023384 0.00116873 -0.00233595 0.999995 -0.00169353 -0.00117281 0.00169147 0.999998 -0.0503156 -0.0687517 -1.31679
FixedParameters: 0 0 0

#Transform 58
Transform: AffineTransform_float_3_3
Parameters: 0.999996 0.00220761 0.00139187 -0.0022065 0.999998 -0.000447851 -0.00139284 0.000444149 0.999999 -0.0153869 -0.1493 -1.22435
FixedParameters: 0 0 0

#Transform 59
Transform: AffineTransform_float_3_3
Parameters: 0.999996 0.000461293 0.00279579 -0.000474653 0.999988 0.00496626 -0.00279331 -0.00496674 0.999984 -0.0532632 -0.259163 -1.09534
FixedParameters: 0 0 0

#Transform 60
Transform: AffineTransform_float_3_3
Parameters: 0.99998 -0.000586593 0.00620403 0.000391641 0.999506 0.0314346 -0.00621945 -0.0314314 0.999486 -0.0799073 -1.10577 -1.11381
FixedParameters: 0 0 0

#Transform 61
Transform: AffineTransform_float_3_3
Parameters: 0.999956 0.000243227 0.00937011 -0.000905971 0.99749 0.0707891 -0.00932864 -0.0707948 0.997447 -0.0745518 -2.37225 -1.6465
FixedParameters: 0 0 0

#Transform 62
Transform: AffineTransform_float_3_3
Parameters: 0.999939 -0.00122701 0.0109589 0.00049265 0.997764 0.0668256 -0.0110167 -0.0668164 0.997705 -0.0518181 -2.54839 -2.4536
FixedParameters: 0 0 0

#Transform 63
Transform: AffineTransform_float_3_3
Parameters: 0.999453 -0.00612805 0.0324921 0.00517508 0.999556 0.0293283 -0.0326577 -0.0291436 0.999041 -0.268823 -1.54127 -3.6437
FixedParameters: 0 0 0

#Transform 64
Transform: AffineTransform_float_3_3
Parameters: 0.999478 -0.0063156 0.0317019 0.00700474 0.99974 -0.0217048 -0.0315564 0.0219152 0.999261 -0.366048 0.0849405 -3.81043
FixedParameters: 0 0 0

#Transform 65
Transform: AffineTransform_float_3_3
Parameters: 0.999999 -0.000219597 0.00175936 0.000221245 1 -0.00103174 -0.00175917 0.00103226 0.999998 0.116218 0.314081 -1.49563
FixedParameters: 0 0 0

#Transform 66
Transform: AffineTransform_float_3_3
Parameters: 0.999976 0.00469502 0.00495856 -0.00455973 0.999629 -0.0268291 -0.00508303 0.0268059 0.999627 0.0618173 0.841201 -2.79201
FixedParameters: 0 0 0

#Transform 67
Transform: AffineTransform_float_3_3
Parameters: 0.999392 0.0301045 0.0175767 -0.0227933 0.945814 -0.32391 -0.0263752 0.323312 0.945925 1.11059 3.98372 -0.22571
FixedParameters: 0 0 0

#Transform 68
Transform: AffineTransform_float_3_3
Parameters: 0.999808 0.00347715 0.0192911 -0.00533116 0.995275 0.0969461 -0.0188622 -0.0970309 0.995103 0.056224 -4.18668 -3.12766
FixedParameters: 0 0 0

#Transform 69
Transform: AffineTransform_float_3_3
Parameters: 0.999943 0.00444375 0.0096465 -0.00516455 0.997091 0.07605 -0.00928065 -0.0760959 0.997057 0.14054 -3.58318 -2.96306
FixedParameters: 0 0 0

#Transform 70
Transform: AffineTransform_float_3_3
Parameters: 0.999987 0.00410352 -0.00298207 -0.00386166 0.997004 0.0772497 0.00329034 -0.0772363 0.997007 0.419305 -3.3353 -3.50196
FixedParameters: 0 0 0

#Transform 71
Transform: AffineTransform_float_3_3
Parameters: 0.999989 0.00389103 -0.00253602 -0.00370809 0.997642 0.0685355 0.00279667 -0.0685246 0.997646 0.426198 -3.01575 -3.33792
FixedParameters: 0 0 0

#Transform 72
Transform: AffineTransform_float_3_3
Parameters: 0.999984 0.00564037 -0.000574403 -0.00559084 0.99781 0.0659042 0.000944758 -0.0658998 0.997826 0.372843 -2.77351 -3.2306
FixedParameters: 0 0 0

#Transform 73
Transform: AffineTransform_float_3_3
Parameters: 0.999982 0.00588508 0.000522162 -0.00590607 0.997948 0.0637472 -0.000146074 -0.0637487 0.997966 0.349254 -2.67949 -3.21244
FixedParameters: 0 0 0

#Transform 74
Transform: AffineTransform_float_3_3
Parameters: 0.999982 0.00589666 0.000971766 -0.00594535 0.998105 0.0612465 -0.000609583 -0.0612515 0.998123 0.324121 -2.63708 -3.20835
FixedParameters: 0 0 0

#Transform 75
Transform: AffineTransform_float_3_3
Parameters: 0.999988 0.00477348 -0.000275912 -0.00474554 0.997901 0.0645865 0.000584228 -0.0645845 0.997912 0.38257 -2.74647 -3.25767
FixedParameters: 0 0 0

#Transform 76
Transform: AffineTransform_float_3_3
Parameters: 0.999986 0.00514416 0.000319554 -0.00515353 0.997666 0.068089 3.18296e-05 -0.06809 0.997679 0.36145 -2.83086 -3.35641
FixedParameters: 0 0 0

#Transform 77
Transform: AffineTransform_float_3_3
Parameters: 0.999987 0.00488776 0.00159315 -0.00498838 0.997461 0.0710446 -0.00124148 -0.0710514 0.997471 0.298476 -2.95202 -3.48822
FixedParameters: 0 0 0

#Transform 78
Transform: AffineTransform_float_3_3
Parameters: 0.999987 0.00488766 0.00159347 -0.00498846 0.997456 0.0711096 -0.00124116 -0.0711164 0.997467 0.29854 -2.95916 -3.42146
FixedParameters: 0 0 0

#Transform 79
Transform: AffineTransform_float_3_3
Parameters: 0.999986 0.00535469 0.000833053 -0.00540067 0.99735 0.0725595 -0.000441838 -0.0725625 0.997364 0.34274 -2.99844 -3.42359
FixedParameters: 0 0 0

#Transform 80
Transform: AffineTransform_float_3_3
Parameters: 0.999985 0.00529328 0.00152176 -0.0053873 0.997492 0.0705677 -0.00114406 -0.0705752 0.997505 0.317805 -2.94757 -3.33982
FixedParameters: 0 0 0

#Transform 81
Transform: AffineTransform_float_3_3
Parameters: 0.999985 0.00522064 0.00162178 -0.00532282 0.997448 0.0711983 -0.00124606 -0.0712057 0.99746 0.304252 -2.93594 -3.28145
FixedParameters: 0 0 0

#Transform 82
Transform: AffineTransform_float_3_3
Parameters: 0.999985 0.00525908 0.00143182 -0.00534839 0.997419 0.0716013 -0.00105204 -0.0716078 0.997432 0.331105 -2.9027 -3.30109
FixedParameters: 0 0 0

#Transform 83
Transform: AffineTransform_float_3_3
Parameters: 0.999851 -0.000484445 0.0172923 -0.00105513 0.996035 0.088957 -0.0172671 -0.0889621 0.995886 -0.0591286 -3.42244 -3.06291
FixedParameters: 0 0 0

#Transform 84
Transform: AffineTransform_float_3_3
Parameters: 0.99987 0.00120628 0.0160836 -0.00209185 0.998476 0.0551446 -0.0159933 -0.0551714 0.998349 -0.00571985 -2.42684 -2.62753
FixedParameters: 0 0 0

#Transform 85
Transform: AffineTransform_float_3_3
Parameters: 0.999847 -0.00050878 0.0174714 -0.000137369 0.999318 0.0369427 -0.0174779 -0.0369393 0.999164 -0.113891 -1.82522 -2.42441
FixedParameters: 0 0 0

#Transform 86
Transform: AffineTransform_float_3_3
Parameters: 0.999877 0.00243841 0.0155376 -0.00292787 0.999497 0.0315742 -0.0154526 -0.0316158 0.999381 -0.0044759 -1.54735 -2.37407
FixedParameters: 0 0 0

#Transform 87
Transform: AffineTransform_float_3_3
Parameters: 0.99991 0.00261619 0.0132113 -0.00314869 0.999177 0.0404492 -0.0130953 -0.0404869 0.999095 0.0584661 -1.89549 -2.51634
FixedParameters: 0 0 0

#Transform 88
Transform: AffineTransform_float_3_3
Parameters: 0.999919 0.00237162 0.0125585 -0.00290484 0.999086 0.042644 -0.0124464 -0.042677 0.999011 0.0738208 -1.89533 -2.62106
FixedParameters: 0 0 0

#Transform 89
Transform: AffineTransform_float_3_3
Parameters: 0.999906 0.00351072 0.0132013 -0.00418958 0.998653 0.0517324 -0.0130017 -0.0517827 0.998574 0.0692458 -2.1739 -2.7613
FixedParameters: 0 0 0

#Transform 90
Transform: AffineTransform_float_3_3
Parameters: 0.999908 0.0029515 0.0131875 -0.00362503 0.998672 0.0513793 -0.0130188 -0.0514227 0.998592 0.00644815 -2.23407 -2.72458
FixedParameters: 0 0 0

#Transform 91
Transform: AffineTransform_float_3_3
Parameters: 0.99994 0.00275103 0.0105417 -0.00337927 0.99819 0.060037 -0.0103579 -0.060069 0.998141 0.136775 -2.40443 -2.96711
FixedParameters: 0 0 0

#Transform 92
Transform: AffineTransform_float_3_3
Parameters: 0.999957 0.00227181 0.00900413 -0.00293299 0.997249 0.0740676 -0.00881158 -0.0740905 0.997213 0.154728 -2.93743 -3.17251
FixedParameters: 0 0 0

#Transform 93
Transform: AffineTransform_float_3_3
Parameters: 0.99998 0.00143508 0.00624879 -0.00190862 0.997072 0.0764385 -0.00612089 -0.0764495 0.997055 0.206915 -3.04283 -3.25707
FixedParameters: 0 0 0

#Transform 94
Transform: AffineTransform_float_3_3
Parameters: 0.999968 0.00105128 0.00792839 -0.00165537 0.997056 0.0766607 -0.00782446 -0.0766713 0.997025 0.142911 -3.02505 -3.30363
FixedParameters: 0 0 0

#Transform 95
Transform: AffineTransform_float_3_3
Parameters: 0.999977 0.00154202 0.00663947 -0.00203481 0.997189 0.07491 -0.0065047 -0.0749221 0.997168 0.211088 -2.98471 -3.25937
FixedParameters: 0 0 0

#Transform 96
Transform: AffineTransform_float_3_3
Parameters: 0.999974 0.00158934 0.00696901 -0.0020904 0.99736 0.0725877 -0.00683493 -0.0726003 0.997337 0.235981 -2.86503 -3.15023
FixedParameters: 0 0 0

#Transform 97
Transform: AffineTransform_float_3_3
Parameters: 0.999967 0.00244581 0.00765329 -0.00294454 0.997823 0.0658717 -0.00747598 -0.0658913 0.997799 0.237534 -2.63681 -3.08056
FixedParameters: 0 0 0

#Transform 98
Transform: AffineTransform_float_3_3
Parameters: 0.999977 0.00171603 0.00647328 -0.00213793 0.997829 0.0658215 -0.00634689 -0.0658346 0.997811 0.275829 -2.68887 -3.14602
FixedParameters: 0 0 0

#Transform 99
Transform: AffineTransform_float_3_3
Parameters: 0.999981 0.00144835 0.00608899 -0.00184985 0.997782 0.066539 -0.00597835 -0.0665489 0.997765 0.284968 -2.70216 -3.18692
FixedParameters: 0 0 0

#Transform 100
Transform: AffineTransform_float_3_3
Parameters: 0.999979 0.0014062 0.0063141 -0.00182835 0.99773 0.0673087 -0.00620474 -0.0673183 0.997712 0.27376 -2.74907 -3.19597
FixedParameters: 0 0 0

#Transform 101
Transform: AffineTransform_float_3_3
Parameters: 0.999974 0.00178298 0.00706289 -0.0022475 0.997798 0.0662843 -0.00692875 -0.0662987 0.997776 0.246277 -2.64019 -3.16143
FixedParameters: 0 0 0

#Transform 102
Transform: AffineTransform_float_3_3
Parameters: 0.99996 0.00298046 0.00852114 -0.00353662 0.997812 0.0660282 -0.0083054 -0.0660559 0.997782 0.189818 -2.61391 -3.16419
FixedParameters: 0 0 0

#Transform 103
Transform: AffineTransform_float_3_3
Parameters: 0.999879 0.00768536 0.0135107 -0.00854883 0.997842 0.0650941 -0.0129809 -0.0652019 0.997788 0.016848 -2.47583 -3.05821
FixedParameters: 0 0 0

#Transform 104
Transform: AffineTransform_float_3_3
Parameters: 0.999872 0.00672256 0.0145683 -0.00764061 0.997927 0.0638987 -0.0141084 -0.0640023 0.99785 0.0153702 -2.44875 -2.95371
FixedParameters: 0 0 0

#Transform 105
Transform: AffineTransform_float_3_3
Parameters: 0.999884 0.00608625 0.0139702 -0.00696447 0.997945 0.0636912 -0.0135539 -0.0637807 0.997871 0.0487573 -2.48 -2.94094
FixedParameters: 0 0 0

#Transform 106
Transform: AffineTransform_float_3_3
Parameters: 0.999887 0.00615696 0.0137077 -0.00698541 0.998098 0.0612487 -0.013305 -0.0613373 0.998028 0.0536976 -2.40446 -2.91497
FixedParameters: 0 0 0

#Transform 107
Transform: AffineTransform_float_3_3
Parameters: 0.999875 0.00766841 0.0138366 -0.00791096 0.999814 0.0176013 -0.0136983 -0.0177087 0.999749 0.0359715 -1.03449 -2.3287
FixedParameters: 0 0 0

#Transform 108
Transform: AffineTransform_float_3_3
Parameters: 0.999847 0.00774808 0.0156496 -0.0081496 0.999634 0.025766 -0.0154439 -0.025889 0.999545 -0.0382024 -1.20014 -2.31538
FixedParameters: 0 0 0

#Transform 109
Transform: AffineTransform_float_3_3
Parameters: 0.99983 0.00830604 0.0164592 -0.00896076 0.999156 0.0400935 -0.016112 -0.0402335 0.99906 -0.0149015 -1.58354 -2.50229
FixedParameters: 0 0 0

#Transform 110
Transform: AffineTransform_float_3_3
Parameters: 0.999834 0.00924108 0.0156995 -0.00981382 0.999274 0.0368169 -0.0153483 -0.0369651 0.999198 0.0513493 -1.48343 -2.50813
FixedParameters: 0 0 0

#Transform 111
Transform: AffineTransform_float_3_3
Parameters: 0.999827 0.00914285 0.0162289 -0.0097129 0.999327 0.0353943 -0.0158942 -0.0355458 0.999242 0.0226044 -1.43192 -2.52122
FixedParameters: 0 0 0

#Transform 112
Transform: AffineTransform_float_3_3
Parameters: 0.999834 0.00828696 0.0162689 -0.00886262 0.999325 0.0356551 -0.0159623 -0.0357939 0.999232 0.00822041 -1.48569 -2.47384
FixedParameters: 0 0 0

#Transform 113
Transform: AffineTransform_float_3_3
Parameters: 0.999859 0.00635587 0.0155827 -0.00698308 0.999154 0.0405303 -0.0153126 -0.0406337 0.999056 0.0187488 -1.75655 -2.40021
FixedParameters: 0 0 0

#Transform 114
Transform: AffineTransform_float_3_3
Parameters: 0.999848 0.00690764 0.0159711 -0.00795374 0.997766 0.0663337 -0.0154768 -0.0664513 0.99767 0.0641517 -2.44975 -2.77756
FixedParameters: 0 0 0

#Transform 115
Transform: AffineTransform_float_3_3
Parameters: 0.999858 0.00637258 0.0155928 -0.00739879 0.997749 0.0666517 -0.0151328 -0.0667573 0.997655 0.0576425 -2.49342 -2.8863
FixedParameters: 0 0 0

#Transform 116
Transform: AffineTransform_float_3_3
Parameters: 0.999874 0.00531006 0.0149973 -0.00637203 0.99741 0.0716371 -0.0145786 -0.0717238 0.997318 0.0703923 -2.62834 -2.96901
FixedParameters: 0 0 0

#Transform 117
Transform: AffineTransform_float_3_3
Parameters: 0.99988 0.0053929 0.0144738 -0.00637605 0.997612 0.0687705 -0.0140677 -0.0688544 0.997527 0.0975278 -2.51 -2.89988
FixedParameters: 0 0 0

#Transform 118
Transform: AffineTransform_float_3_3
Parameters: 0.999888 0.0051171 0.0140559 -0.00610306 0.997456 0.0710111 -0.013657 -0.0710888 0.997376 0.110711 -2.61446 -2.98071
FixedParameters: 0 0 0

#Transform 119
Transform: AffineTransform_float_3_3
Parameters: 0.999894 0.00525162 0.0135909 -0.00619799 0.997487 0.0705782 -0.0131858 -0.0706548 0.997413 0.115231 -2.66591 -2.88226
FixedParameters: 0 0 0

#Transform 120
Transform: AffineTransform_float_3_3
Parameters: 0.999899 0.00560525 0.0130201 -0.00651634 0.997456 0.0709835 -0.0125894 -0.0710607 0.997393 0.144979 -2.68802 -2.76118
FixedParameters: 0 0 0

#Transform 121
Transform: AffineTransform_float_3_3
Parameters: 0.999928 0.00626523 0.0102479 -0.00697244 0.997488 0.0704931 -0.00978089 -0.0705588 0.997459 0.262099 -2.7054 -2.87811
FixedParameters: 0 0 0

#Transform 122
Transform: AffineTransform_float_3_3
Parameters: 0.999923 0.00556481 0.0110764 -0.00630711 0.997655 0.0681531 -0.0106708 -0.0682169 0.997614 0.199028 -2.67321 -2.84369
FixedParameters: 0 0 0

#Transform 123
Transform: AffineTransform_float_3_3
Parameters: 0.999916 0.00570954 0.0116901 -0.00644548 0.997936 0.0638861 -0.0113019 -0.0639558 0.997888 0.187759 -2.49586 -2.76875
FixedParameters: 0 0 0

#Transform 124
Transform: AffineTransform_float_3_3
Parameters: 0.999912 0.0063053 0.0117235 -0.00694551 0.998442 0.055372 -0.0113564 -0.055448 0.998398 0.212208 -2.14452 -2.70834
FixedParameters: 0 0 0

#Transform 125
Transform: AffineTransform_float_3_3
Parameters: 0.999911 0.00611162 0.0118606 -0.00680304 0.998224 0.0591879 -0.0114781 -0.0592632 0.998176 0.188874 -2.34198 -2.75367
FixedParameters: 0 0 0

#Transform 126
Transform: AffineTransform_float_3_3
Parameters: 0.99991 0.00579944 0.0121016 -0.00648289 0.998342 0.0572043 -0.0117499 -0.0572778 0.998289 0.131612 -2.24519 -2.6977
FixedParameters: 0 0 0

#Transform 127
Transform: AffineTransform_float_3_3
Parameters: 0.999906 0.00586041 0.0123796 -0.0065503 0.998384 0.0564424 -0.0120281 -0.0565185 0.998329 0.142641 -2.22497 -2.62512
FixedParameters: 0 0 0

#Transform 128
Transform: AffineTransform_float_3_3
Parameters: 0.999916 0.00531682 0.0118722 -0.00599438 0.998313 0.0577491 -0.0115446 -0.0578149 0.99826 0.178727 -2.29083 -2.64969
FixedParameters: 0 0 0

#Transform 129
Transform: AffineTransform_float_3_3
Parameters: 0.999924 0.00489098 0.0113303 -0.00552205 0.998393 0.0564014 -0.0110362 -0.0564596 0.998344 0.189098 -2.22838 -2.76395
FixedParameters: 0 0 0

#Transform 130
Transform: AffineTransform_float_3_3
Parameters: 0.999931 0.0052389 0.0104531 -0.00581755 0.998409 0.0560741 -0.0101424 -0.0561308 0.998372 0.224964 -2.2478 -2.75257
FixedParameters: 0 0 0

#Transform 131
Transform: AffineTransform_float_3_3
Parameters: 0.999936 0.00519793 0.0100577 -0.00573995 0.998489 0.0546342 -0.00975807 -0.0546888 0.998456 0.232385 -2.18154 -2.74864
FixedParameters: 0 0 0

#Transform 132
Transform: AffineTransform_float_3_3
Parameters: 0.999944 0.00527141 0.00919812 -0.00575508 0.998557 0.0533906 -0.00890282 -0.0534404 0.998532 0.258008 -2.14866 -2.81479
FixedParameters: 0 0 0

#Transform 133
Transform: AffineTransform_float_3_3
Parameters: 0.999961 0.00423539 0.0077629 -0.00464778 0.998536 0.0538941 -0.00752353 -0.0539279 0.998517 0.264684 -2.22075 -2.8175
FixedParameters: 0 0 0

#Transform 134
Transform: AffineTransform_float_3_3
Parameters: 0.999946 0.00499405 0.00913405 -0.00546328 0.998628 0.0520782 -0.00886168 -0.0521257 0.998601 0.248343 -2.04698 -2.8007
FixedParameters: 0 0 0

#Transform 135
Transform: AffineTransform_float_3_3
Parameters: 0.999934 0.00592717 0.0098368 -0.00639041 0.99884 0.0477267 -0.00954305 -0.0477863 0.998812 0.242537 -1.91734 -2.71394
FixedParameters: 0 0 0

#Transform 136
Transform: AffineTransform_float_3_3
Parameters: 0.999919 0.00487961 0.011701 -0.00544692 0.998786 0.0489533 -0.0114479 -0.0490127 0.998733 0.140186 -2.03331 -2.53118
FixedParameters: 0 0 0

#Transform 137
Transform: AffineTransform_float_3_3
Parameters: 0.999908 0.00435442 0.012852 -0.00488999 0.99911 0.041894 -0.0126581 -0.041952 0.99904 0.100065 -1.74363 -2.4478
FixedParameters: 0 0 0

#Transform 138
Transform: AffineTransform_float_3_3
Parameters: 0.999913 0.00467931 0.0123267 -0.00519015 0.999115 0.0417427 -0.0121211 -0.0418033 0.999052 0.106839 -1.76145 -2.53954
FixedParameters: 0 0 0

#Transform 139
Transform: AffineTransform_float_3_3
Parameters: 0.999918 0.00411366 0.0121302 -0.00462224 0.999099 0.0421752 -0.0119455 -0.0422279 0.999037 0.130175 -1.79862 -2.50253
FixedParameters: 0 0 0

#Transform 140
Transform: AffineTransform_float_3_3
Parameters: 0.999917 0.00510872 0.011769 -0.00559994 0.999099 0.0420878 -0.0115434 -0.0421503 0.999045 0.132161 -1.90328 -2.35765
FixedParameters: 0 0 0

#Transform 141
Transform: AffineTransform_float_3_3
Parameters: 0.999928 0.00414713 0.0113034 -0.00455617 0.999326 0.0364412 -0.0111445 -0.0364899 0.999272 0.125058 -1.74626 -2.29205
FixedParameters: 0 0 0

#Transform 142
Transform: AffineTransform_float_3_3
Parameters: 0.999948 0.00379987 0.00940815 -0.00411052 0.999439 0.033214 -0.00927629 -0.033251 0.999404 0.1399 -1.57529 -2.41227
FixedParameters: 0 0 0

#Transform 143
Transform: AffineTransform_float_3_3
Parameters: 0.999958 0.00491987 0.00774791 -0.00514183 0.99957 0.0288698 -0.00760284 -0.0289082 0.999554 0.220118 -1.37628 -2.43844
FixedParameters: 0 0 0

#Transform 144
Transform: AffineTransform_float_3_3
Parameters: 0.999922 0.00645872 0.0106315 -0.00676348 0.999559 0.0289042 -0.01044 -0.0289738 0.999526 0.137873 -1.33909 -2.34126
FixedParameters: 0 0 0

#Transform 145
Transform: AffineTransform_float_3_3
Parameters: 0.999973 0.00210051 0.00697392 -0.00236311 0.999285 0.037747 -0.00688941 -0.037763 0.999263 0.255674 -1.81605 -2.40802
FixedParameters: 0 0 0

#Transform 146
Transform: AffineTransform_float_3_3
Parameters: 0.999935 0.0043547 0.0105154 -0.00486018 0.998811 0.0485113 -0.0102917 -0.0485597 0.998767 0.179127 -2.00205 -2.53905
FixedParameters: 0 0 0

#Transform 147
Transform: AffineTransform_float_3_3
Parameters: 0.999931 0.00501922 0.0106747 -0.00562092 0.998351 0.0571287 -0.01037 -0.0571843 0.998309 0.203225 -2.31396 -2.67822
FixedParameters: 0 0 0

#Transform 148
Transform: AffineTransform_float_3_3
Parameters: 0.999963 0.005074 0.00704338 -0.00547848 0.998265 0.05863 -0.00673347 -0.058667 0.998255 0.285451 -2.33909 -2.79036
FixedParameters: 0 0 0

#Transform 149
Transform: AffineTransform_float_3_3
Parameters: 0.999924 0.00624188 0.0106476 -0.00684712 0.99831 0.0577155 -0.0102694 -0.0577845 0.998276 0.202518 -2.19141 -2.70901
FixedParameters: 0 0 0

#Transform 150
Transform: AffineTransform_float_3_3
Parameters: 0.999905 0.00716544 0.0118248 -0.00787843 0.998084 0.0613752 -0.0113629 -0.0614618 0.998044 0.19629 -2.2944 -2.71336
FixedParameters: 0 0 0

#Transform 151
Transform: AffineTransform_float_3_3
Parameters: 0.999893 0.00673894 0.0129854 -0.00756825 0.997861 0.0649322 -0.0125197 -0.0650239 0.997805 0.141645 -2.29616 -2.82217
FixedParameters: 0 0 0
