# transform file /out/sourcedata/freesurfer/sub-v2s3x28799_ses-1/mri/transforms/cc_up.lta
# created by oesteban on Fri Mar 13 01:53:29 2026

type      = 0 # LINEAR_VOX_TO_VOX
nxforms   = 1
mean      = 128.0000 131.0000 108.0000
sigma     = 10000.0000
1 4 4
9.996480941772461e-01 3.398732980713248e-03 -2.631230279803276e-02 1.822994589805603e+00 
-3.397556487470865e-03 9.999943375587463e-01 8.942899876274168e-05 1.742819976806641e+01 
2.631245367228985e-02 0.000000000000000e+00 9.996538758277893e-01 3.065617561340332e+01 
0.000000000000000e+00 0.000000000000000e+00 0.000000000000000e+00 1.000000000000000e+00 
src volume info
valid = 1  # volume info valid
filename = /out/sourcedata/freesurfer/sub-v2s3x28799_ses-1/mri/norm.mgz
volume = 256 256 256
voxelsize = 1.000000000000000e+00 1.000000000000000e+00 1.000000000000000e+00
xras   = -1.000000000000000e+00 0.000000000000000e+00 0.000000000000000e+00
yras   = 0.000000000000000e+00 0.000000000000000e+00 -1.000000000000000e+00
zras   = 0.000000000000000e+00 1.000000000000000e+00 0.000000000000000e+00
cras   = -5.657348632812500e-01 4.151095581054688e+01 5.218521118164062e+00
dst volume info
valid = 1  # volume info valid
filename = /out/sourcedata/freesurfer/sub-v2s3x28799_ses-1/mri/norm.mgz
volume = 256 256 256
voxelsize = 1.000000000000000e+00 1.000000000000000e+00 1.000000000000000e+00
xras   = -1.000000000000000e+00 0.000000000000000e+00 0.000000000000000e+00
yras   = 0.000000000000000e+00 0.000000000000000e+00 -1.000000000000000e+00
zras   = 0.000000000000000e+00 1.000000000000000e+00 0.000000000000000e+00
cras   = -5.657348632812500e-01 4.151095581054688e+01 5.218521118164062e+00
