#Insight Transform File V1.0
#Transform 0
Transform: AffineTransform_float_3_3
Parameters: 0.999999 -0.000802139 -0.000284166 0.000801499 0.999999 -0.00117023 0.000285042 0.00116977 1 -0.0251724 0.185663 0.174978
FixedParameters: 0 0 0

#Transform 1
Transform: AffineTransform_float_3_3
Parameters: 1 0.000249173 0.000518847 -0.000247794 0.999994 -0.00327913 -0.000519529 0.00327887 0.999994 -0.0535515 0.151576 -0.00613042
FixedParameters: 0 0 0

#Transform 2
Transform: AffineTransform_float_3_3
Parameters: 0.999999 0.000760472 0.000478166 -0.00075892 0.999992 -0.00378536 -0.00048097 0.00378463 0.999992 -0.042532 0.11447 0.0249115
FixedParameters: 0 0 0

#Transform 3
Transform: AffineTransform_float_3_3
Parameters: 1 0.000598203 0.00013055 -0.000597306 0.999994 -0.00360405 -0.000132859 0.00360395 0.999993 -0.0507761 0.126133 0.0893114
FixedParameters: 0 0 0

#Transform 4
Transform: AffineTransform_float_3_3
Parameters: 0.999998 -0.000407379 -0.00192025 0.000403255 0.999997 -0.00238183 0.00192131 0.00238117 0.999996 0.00578593 0.101828 0.0547951
FixedParameters: 0 0 0

#Transform 5
Transform: AffineTransform_float_3_3
Parameters: 1 -0.000577468 -0.000949998 0.000578154 1 0.000900452 0.000949931 -0.00090155 0.999999 -0.00767101 0.0919625 0.0476927
FixedParameters: 0 0 0

#Transform 6
Transform: AffineTransform_float_3_3
Parameters: 1 9.82354e-05 -0.0011365 -9.2399e-05 0.999988 0.00476508 0.00113728 -0.00476492 0.999988 0.0595942 -0.034955 -0.0274691
FixedParameters: 0 0 0

#Transform 7
Transform: AffineTransform_float_3_3
Parameters: 1 0.000552648 -0.000351262 -0.000552131 0.999999 0.000699194 0.000351035 -0.000698806 0.999999 -0.0189434 0.0586189 0.0599466
FixedParameters: 0 0 0

#Transform 8
Transform: AffineTransform_float_3_3
Parameters: 1 0.000872644 -0.000621961 -0.000871592 0.999999 0.00162554 0.000623771 -0.00162546 0.999999 -0.00621981 0.014272 -0.00925203
FixedParameters: 0 0 0

#Transform 9
Transform: AffineTransform_float_3_3
Parameters: 0.999999 0.00074812 -0.000676436 -0.000746873 0.999999 0.00164051 0.000677861 -0.0016395 0.999999 0.00608003 -0.00124952 0.0276319
FixedParameters: 0 0 0

#Transform 10
Transform: AffineTransform_float_3_3
Parameters: 0.999995 -0.00255239 0.0015643 0.0025504 0.999997 0.00094305 -0.00156708 -0.00093895 0.999999 -0.0106118 0.12922 0.111258
FixedParameters: 0 0 0

#Transform 11
Transform: AffineTransform_float_3_3
Parameters: 0.999998 0.000274684 0.00157218 -0.000271125 0.999999 -0.00177646 -0.0015722 0.00177555 0.999997 -0.0454519 0.135345 0.0821378
FixedParameters: 0 0 0

#Transform 12
Transform: AffineTransform_float_3_3
Parameters: 0.999997 -0.000633204 0.00258509 0.000622729 0.999992 0.00394355 -0.00258678 -0.00394245 0.999989 -0.0679976 0.0330983 0.0484551
FixedParameters: 0 0 0

#Transform 13
Transform: AffineTransform_float_3_3
Parameters: 1 0.000125796 8.53425e-05 -0.000125819 1 0.000136989 -8.53081e-05 -0.000137011 1 -0.0204164 0.0743501 0.0742682
FixedParameters: 0 0 0

#Transform 14
Transform: AffineTransform_float_3_3
Parameters: 1 1.14484e-05 0.00021337 -1.13792e-05 1 -0.000162002 -0.000213374 0.000161998 1 -0.025702 0.0759038 0.0678741
FixedParameters: 0 0 0

#Transform 15
Transform: AffineTransform_float_3_3
Parameters: 0.999999 -0.000572848 0.000710981 0.000573758 0.999999 -0.00134359 -0.000709466 0.00134441 0.999999 -0.0274141 0.0890677 0.0195963
FixedParameters: 0 0 0

#Transform 16
Transform: AffineTransform_float_3_3
Parameters: 0.999999 0.000717782 0.000359051 -0.000717903 0.999999 0.000168742 -0.000358808 -0.000169258 1 -0.0152554 0.0472421 0.0437359
FixedParameters: 0 0 0

#Transform 17
Transform: AffineTransform_float_3_3
Parameters: 0.999999 0.000938333 3.56332e-07 -0.000938307 0.999999 0.000824027 1.91303e-07 -0.000824973 0.999999 -0.00240974 -0.0325535 0.0520485
FixedParameters: 0 0 0

#Transform 18
Transform: AffineTransform_float_3_3
Parameters: 0.999999 0.000980904 1.69571e-05 -0.000980894 0.999998 0.00127698 -1.64512e-05 -0.00127702 0.999999 -0.00194699 -0.0032527 -0.0012852
FixedParameters: 0 0 0

#Transform 19
Transform: AffineTransform_float_3_3
Parameters: 1 0.00105478 0.000395513 -0.00105415 0.999997 -0.00212039 -0.000398012 0.00212061 0.999997 0.0102617 0.0348427 0.0334673
FixedParameters: 0 0 0

#Transform 20
Transform: AffineTransform_float_3_3
Parameters: 0.999999 0.000846713 -0.000157486 -0.000846141 0.999999 0.00164516 0.000158271 -0.00164484 0.999998 0.0222074 0.0251697 -0.0156582
FixedParameters: 0 0 0

#Transform 21
Transform: AffineTransform_float_3_3
Parameters: 1 0.00100781 9.29988e-05 -0.00100804 0.999999 0.00154793 -9.18775e-05 -0.00154807 0.999999 0.014308 0.00402022 -0.0391408
FixedParameters: 0 0 0

#Transform 22
Transform: AffineTransform_float_3_3
Parameters: 0.999998 0.00125724 0.000977426 -0.00125847 0.999998 0.00167677 -0.000975153 -0.00167823 0.999998 -0.034816 -0.0652771 -0.0262221
FixedParameters: 0 0 0

#Transform 23
Transform: AffineTransform_float_3_3
Parameters: 1 0.000499035 0.000856422 -0.000501462 0.999998 0.00201757 -0.000855377 -0.00201743 0.999997 -0.0314201 -0.0680724 0.00715614
FixedParameters: 0 0 0

#Transform 24
Transform: AffineTransform_float_3_3
Parameters: 0.999998 3.46572e-05 0.00189007 -4.53306e-05 0.999983 0.00573887 -0.00189032 -0.00573912 0.999981 -0.0595662 -0.124831 0.148663
FixedParameters: 0 0 0

#Transform 25
Transform: AffineTransform_float_3_3
Parameters: 0.999992 -5.02227e-05 0.00399781 9.28741e-06 0.999949 0.0101229 -0.00399837 -0.0101231 0.999941 -0.143606 -0.23054 0.240806
FixedParameters: 0 0 0

#Transform 26
Transform: AffineTransform_float_3_3
Parameters: 0.999997 -0.00216576 -0.00134344 0.00218728 0.999863 0.0163922 0.00130751 -0.0163948 0.999865 -0.031353 -0.389758 0.176917
FixedParameters: 0 0 0

#Transform 27
Transform: AffineTransform_float_3_3
Parameters: 0.999997 -0.00198318 -0.00175754 0.00201092 0.999876 0.0156595 0.00172629 -0.0156625 0.999876 0.00656908 -0.31124 0.216241
FixedParameters: 0 0 0

#Transform 28
Transform: AffineTransform_float_3_3
Parameters: 0.999997 -0.00193513 -0.000946196 0.00194731 0.99991 0.0133172 0.000920164 -0.0133188 0.999911 -0.0129391 -0.177122 0.265719
FixedParameters: 0 0 0

#Transform 29
Transform: AffineTransform_float_3_3
Parameters: 0.999997 -0.00240992 -0.000641882 0.00242013 0.999865 0.0162606 0.000602086 -0.0162614 0.999867 -0.0218103 -0.198719 0.245887
FixedParameters: 0 0 0

#Transform 30
Transform: AffineTransform_float_3_3
Parameters: 0.999997 -0.00228043 -0.000568799 0.00228924 0.999883 0.0151658 0.000534293 -0.0151672 0.999885 -0.0414941 -0.280823 0.383514
FixedParameters: 0 0 0

#Transform 31
Transform: AffineTransform_float_3_3
Parameters: 0.99999 -0.00413316 -0.00123282 0.00416283 0.999675 0.0251553 0.00112834 -0.0251597 0.999683 -0.0775163 -0.321594 0.317934
FixedParameters: 0 0 0

#Transform 32
Transform: AffineTransform_float_3_3
Parameters: 0.999992 -0.00374372 -0.00179762 0.00378603 0.999708 0.0238625 0.00170784 -0.0238694 0.999713 -0.0617195 -0.453621 0.168132
FixedParameters: 0 0 0

#Transform 33
Transform: AffineTransform_float_3_3
Parameters: 0.999996 -0.002319 -0.00113055 0.00233312 0.99992 0.0124875 0.0011011 -0.0124895 0.999921 -0.0400335 -0.289826 0.187962
FixedParameters: 0 0 0

#Transform 34
Transform: AffineTransform_float_3_3
Parameters: 0.999999 -0.00156912 -0.000727074 0.00157737 0.999922 0.0123839 0.000707862 -0.0123851 0.999923 -0.0606021 -0.265848 0.173101
FixedParameters: 0 0 0

#Transform 35
Transform: AffineTransform_float_3_3
Parameters: 0.999999 -0.000967351 8.49549e-05 0.000966955 0.999975 0.00697911 -9.24305e-05 -0.00697889 0.999975 -0.057914 -0.185768 0.154587
FixedParameters: 0 0 0

#Transform 36
Transform: AffineTransform_float_3_3
Parameters: 1 -0.000996638 -0.000479604 0.00100017 0.999957 0.00922653 0.000470046 -0.00922648 0.999958 -0.0290323 -0.214176 0.157662
FixedParameters: 0 0 0

#Transform 37
Transform: AffineTransform_float_3_3
Parameters: 0.999999 -0.00012955 0.00136964 0.000122307 0.999989 0.00482415 -0.0013697 -0.00482386 0.999988 -0.0741374 -0.0426247 0.287367
FixedParameters: 0 0 0

#Transform 38
Transform: AffineTransform_float_3_3
Parameters: 0.999998 0.000432741 0.00153538 -0.000444184 0.999973 0.0073473 -0.00153265 -0.0073487 0.999972 -0.0526598 -0.14387 0.219545
FixedParameters: 0 0 0

#Transform 39
Transform: AffineTransform_float_3_3
Parameters: 1 6.31724e-05 0.00108051 -6.92755e-05 0.999987 0.0051389 -0.0010797 -0.0051391 0.999986 -0.0484686 -0.0747021 0.22259
FixedParameters: 0 0 0

#Transform 40
Transform: AffineTransform_float_3_3
Parameters: 1 0.000157924 0.000330999 -0.000159876 0.99999 0.00446895 -0.000329552 -0.00446905 0.99999 -0.0478814 -0.118023 0.177496
FixedParameters: 0 0 0

#Transform 41
Transform: AffineTransform_float_3_3
Parameters: 0.999999 -0.000442346 0.000911331 0.000437782 0.999984 0.0057564 -0.000914241 -0.0057566 0.999983 -0.0329771 0.0403263 0.100538
FixedParameters: 0 0 0

#Transform 42
Transform: AffineTransform_float_3_3
Parameters: 1 -1.01069e-05 0.000129745 9.7002e-06 0.999986 0.005418 -0.000129826 -0.005418 0.999986 -0.036716 -0.137174 0.120261
FixedParameters: 0 0 0

#Transform 43
Transform: AffineTransform_float_3_3
Parameters: 1 0.000180845 0.000297757 -0.000182699 0.999989 0.00484195 -0.00029697 -0.00484206 0.999988 -0.0460172 -0.130991 0.123301
FixedParameters: 0 0 0

#Transform 44
Transform: AffineTransform_float_3_3
Parameters: 1 0.000684385 9.75413e-05 -0.000685053 0.999992 0.00375293 -9.44011e-05 -0.00375306 0.999993 -0.0423138 -0.0881837 -0.0975147
FixedParameters: 0 0 0

#Transform 45
Transform: AffineTransform_float_3_3
Parameters: 0.999994 -0.00328247 0.000153612 0.0032836 0.999991 -0.00291535 -0.000144462 0.00291665 0.999995 0.445893 0.484655 -1.4269
FixedParameters: 0 0 0

#Transform 46
Transform: AffineTransform_float_3_3
Parameters: 0.992801 -0.11402 0.0366796 0.113604 0.993438 0.0132333 -0.0379475 -0.00897077 0.999239 -1.34848 -0.0292837 -0.250492
FixedParameters: 0 0 0

#Transform 47
Transform: AffineTransform_float_3_3
Parameters: 0.996567 -0.079086 0.0244827 0.0789717 0.996861 0.00562335 -0.0248502 -0.0036697 0.999685 -0.834988 -0.144138 -0.0346205
FixedParameters: 0 0 0

#Transform 48
Transform: AffineTransform_float_3_3
Parameters: 0.996926 -0.0759872 0.0190579 0.0759568 0.997109 0.00232665 -0.0191805 -0.000872289 0.999815 -0.69558 -0.0739491 0.0213879
FixedParameters: 0 0 0

#Transform 49
Transform: AffineTransform_float_3_3
Parameters: 0.996998 -0.0752319 0.0182989 0.0752063 0.997166 0.00210032 -0.0184045 -0.000718728 0.999831 -0.692916 -0.051914 -0.00471277
FixedParameters: 0 0 0

#Transform 50
Transform: AffineTransform_float_3_3
Parameters: 0.996864 -0.0765424 0.0200599 0.0765721 0.997064 -0.000748762 -0.0199444 0.0022823 0.999799 -0.720717 0.038431 -0.110227
FixedParameters: 0 0 0

#Transform 51
Transform: AffineTransform_float_3_3
Parameters: 0.997103 -0.0748008 0.0137488 0.0748411 0.997193 -0.00243681 -0.0135281 0.00345921 0.999902 -0.615871 0.00641241 -0.0976289
FixedParameters: 0 0 0

#Transform 52
Transform: AffineTransform_float_3_3
Parameters: 0.997054 -0.075463 0.0137473 0.0754842 0.997147 -0.00101976 -0.0136315 0.00205427 0.999905 -0.628251 -0.00883177 -0.0957401
FixedParameters: 0 0 0

#Transform 53
Transform: AffineTransform_float_3_3
Parameters: 0.99734 -0.0717035 0.0131539 0.0717179 0.997425 -0.000647822 -0.0130736 0.00159019 0.999913 -0.578296 -0.0400824 -0.060756
FixedParameters: 0 0 0

#Transform 54
Transform: AffineTransform_float_3_3
Parameters: 0.997393 -0.071043 0.0126138 0.0710539 0.997472 -0.000438403 -0.0125501 0.00133255 0.999921 -0.568138 -0.0475762 -0.0193982
FixedParameters: 0 0 0

#Transform 55
Transform: AffineTransform_float_3_3
Parameters: 0.997416 -0.0706981 0.0128217 0.0707123 0.997496 -0.000648245 -0.0127432 0.00155371 0.999918 -0.557359 -0.0601571 -0.0311361
FixedParameters: 0 0 0

#Transform 56
Transform: AffineTransform_float_3_3
Parameters: 0.997417 -0.0705495 0.0134915 0.0705613 0.997507 -0.000381746 -0.0134318 0.0013323 0.999908 -0.577517 -0.0225491 -0.0818304
FixedParameters: 0 0 0

#Transform 57
Transform: AffineTransform_float_3_3
Parameters: 0.997415 -0.0707092 0.0127733 0.0707148 0.997496 -7.95947e-06 -0.0127414 0.000911089 0.999919 -0.548469 -0.0743382 -0.0655465
FixedParameters: 0 0 0

#Transform 58
Transform: AffineTransform_float_3_3
Parameters: 0.997417 -0.0706486 0.0129842 0.070657 0.997501 -0.000204475 -0.0129376 0.00112155 0.999916 -0.550986 -0.0700817 -0.0419274
FixedParameters: 0 0 0

#Transform 59
Transform: AffineTransform_float_3_3
Parameters: 0.997459 -0.07001 0.0131396 0.0700148 0.997546 0.000111624 -0.0131149 0.000808599 0.999914 -0.546818 -0.039158 -0.101373
FixedParameters: 0 0 0

#Transform 60
Transform: AffineTransform_float_3_3
Parameters: 0.997457 -0.070022 0.013335 0.0700211 0.997546 0.000569507 -0.0133422 0.000365508 0.999911 -0.553518 -0.0774038 -0.0360723
FixedParameters: 0 0 0

#Transform 61
Transform: AffineTransform_float_3_3
Parameters: 0.997436 -0.0702921 0.0134384 0.0702923 0.997526 0.000467572 -0.0134387 0.000477617 0.99991 -0.561751 -0.0495655 -0.107228
FixedParameters: 0 0 0

#Transform 62
Transform: AffineTransform_float_3_3
Parameters: 0.997454 -0.0700201 0.0134612 0.0700238 0.997545 0.000241476 -0.013445 0.000702462 0.999909 -0.541391 -0.0208191 -0.117478
FixedParameters: 0 0 0

#Transform 63
Transform: AffineTransform_float_3_3
Parameters: 0.997497 -0.0695566 0.012727 0.0695551 0.997578 0.000531249 -0.0127322 0.000355191 0.999919 -0.506472 -0.0864072 -0.117979
FixedParameters: 0 0 0

#Transform 64
Transform: AffineTransform_float_3_3
Parameters: 0.997523 -0.0691767 0.0127391 0.0691764 0.997604 0.00052656 -0.0127449 0.000356539 0.999919 -0.49714 -0.0924874 -0.12087
FixedParameters: 0 0 0

#Transform 65
Transform: AffineTransform_float_3_3
Parameters: 0.997527 -0.0691076 0.0128547 0.0691039 0.997609 0.00072393 -0.0128742 0.000165945 0.999917 -0.520957 -0.0784501 -0.0454977
FixedParameters: 0 0 0

#Transform 66
Transform: AffineTransform_float_3_3
Parameters: 0.997495 -0.0694628 0.0133811 0.0694482 0.997585 0.00160356 -0.0134608 -0.000670402 0.999909 -0.521066 -0.11716 -0.186801
FixedParameters: 0 0 0

#Transform 67
Transform: AffineTransform_float_3_3
Parameters: 0.997475 -0.0697936 0.0130923 0.0697819 0.997561 0.00137505 -0.013156 -0.000457974 0.999913 -0.544905 -0.135613 -0.172666
FixedParameters: 0 0 0

#Transform 68
Transform: AffineTransform_float_3_3
Parameters: 0.997482 -0.0697838 0.0126417 0.0697703 0.997562 0.00145479 -0.0127128 -0.000569173 0.999919 -0.519643 -0.112979 -0.149535
FixedParameters: 0 0 0

#Transform 69
Transform: AffineTransform_float_3_3
Parameters: 0.997507 -0.0694523 0.0125399 0.0694411 0.997585 0.00133165 -0.0126019 -0.000457355 0.99992 -0.50773 -0.115791 -0.159872
FixedParameters: 0 0 0

#Transform 70
Transform: AffineTransform_float_3_3
Parameters: 0.997516 -0.0693168 0.0125848 0.0693023 0.997595 0.00156033 -0.0126622 -0.000684705 0.99992 -0.50398 -0.12299 -0.154753
FixedParameters: 0 0 0

#Transform 71
Transform: AffineTransform_float_3_3
Parameters: 0.997485 -0.0696562 0.0131548 0.0696332 0.99757 0.00223129 -0.0132791 -0.00130966 0.999911 -0.530473 -0.0842166 -0.124359
FixedParameters: 0 0 0

#Transform 72
Transform: AffineTransform_float_3_3
Parameters: 0.997431 -0.0684269 0.0211926 0.066836 0.995419 0.0683698 -0.0257738 -0.0667782 0.997435 -0.591374 -1.17216 0.258851
FixedParameters: 0 0 0

#Transform 73
Transform: AffineTransform_float_3_3
Parameters: 0.997721 -0.0654879 0.0162584 0.0648529 0.997211 0.0369425 -0.0186318 -0.0358035 0.999185 -0.56171 -0.560405 0.000420896
FixedParameters: 0 0 0

#Transform 74
Transform: AffineTransform_float_3_3
Parameters: 0.997825 -0.0649582 0.0111952 0.0649128 0.997882 0.0043232 -0.0114522 -0.0035878 0.999928 -0.524667 0.17126 0.344994
FixedParameters: 0 0 0

#Transform 75
Transform: AffineTransform_float_3_3
Parameters: 0.997835 -0.0649685 0.0102897 0.0648953 0.997866 0.00733802 -0.0107442 -0.00665501 0.99992 -0.491187 0.0234932 0.108569
FixedParameters: 0 0 0

#Transform 76
Transform: AffineTransform_float_3_3
Parameters: 0.997859 -0.0645973 0.0102417 0.0645253 0.99789 0.00723107 -0.0106866 -0.00655497 0.999922 -0.47411 -0.0496059 0.124601
FixedParameters: 0 0 0

#Transform 77
Transform: AffineTransform_float_3_3
Parameters: 0.997873 -0.0643808 0.0102873 0.0643064 0.997903 0.00739664 -0.0107425 -0.00671932 0.999919 -0.475224 -0.0589771 0.129988
FixedParameters: 0 0 0

#Transform 78
Transform: AffineTransform_float_3_3
Parameters: 0.997889 -0.06418 0.00997346 0.0641128 0.997918 0.00695224 -0.0103994 -0.00629772 0.999926 -0.4938 -0.0536202 0.109075
FixedParameters: 0 0 0

#Transform 79
Transform: AffineTransform_float_3_3
Parameters: 0.997852 -0.0645741 0.0109679 0.0644923 0.997889 0.00768931 -0.0114414 -0.00696569 0.99991 -0.511014 -0.0767197 0.124504
FixedParameters: 0 0 0

#Transform 80
Transform: AffineTransform_float_3_3
Parameters: 0.997857 -0.0645579 0.0106559 0.0644834 0.997893 0.00723318 -0.0111008 -0.00653081 0.999917 -0.512884 -0.0606872 0.0788918
FixedParameters: 0 0 0

#Transform 81
Transform: AffineTransform_float_3_3
Parameters: 0.997885 -0.064191 0.0102684 0.0641091 0.99791 0.0081185 -0.0107674 -0.00744255 0.999915 -0.469261 -0.082491 0.0989738
FixedParameters: 0 0 0

#Transform 82
Transform: AffineTransform_float_3_3
Parameters: 0.997844 -0.0647405 0.0107589 0.0646522 0.997873 0.00832533 -0.0112757 -0.00761164 0.999908 -0.501853 -0.0806891 0.113737
FixedParameters: 0 0 0

#Transform 83
Transform: AffineTransform_float_3_3
Parameters: 0.997852 -0.0645338 0.0112639 0.0644464 0.997889 0.00791016 -0.0117508 -0.00716681 0.999906 -0.528926 -0.0820753 0.0901745
FixedParameters: 0 0 0

#Transform 84
Transform: AffineTransform_float_3_3
Parameters: 0.997842 -0.064748 0.0109778 0.0646582 0.997873 0.00833253 -0.0114946 -0.00760442 0.999905 -0.529308 -0.0423371 0.10782
FixedParameters: 0 0 0

#Transform 85
Transform: AffineTransform_float_3_3
Parameters: 0.997875 -0.064143 0.0114092 0.0640527 0.997913 0.00810055 -0.0119052 -0.00735243 0.999902 -0.528866 -0.0338517 0.0340153
FixedParameters: 0 0 0

#Transform 86
Transform: AffineTransform_float_3_3
Parameters: 0.99786 -0.0644001 0.0113078 0.0643071 0.997895 0.00834305 -0.0118212 -0.00759796 0.999902 -0.542934 -0.0476566 0.022348
FixedParameters: 0 0 0

#Transform 87
Transform: AffineTransform_float_3_3
Parameters: 0.997839 -0.0647546 0.0111239 0.0646625 0.997871 0.00845827 -0.0116483 -0.0077197 0.999902 -0.551304 -0.0444343 -0.0134009
FixedParameters: 0 0 0

#Transform 88
Transform: AffineTransform_float_3_3
Parameters: 0.997851 -0.0645594 0.011201 0.0644665 0.997883 0.00848465 -0.0117245 -0.00774438 0.999901 -0.532367 -0.0927871 0.0307519
FixedParameters: 0 0 0

#Transform 89
Transform: AffineTransform_float_3_3
Parameters: 0.997881 -0.0642162 0.0104914 0.0641231 0.997901 0.00903887 -0.0110496 -0.00834614 0.999904 -0.49356 -0.0985135 0.053417
FixedParameters: 0 0 0

#Transform 90
Transform: AffineTransform_float_3_3
Parameters: 0.997872 -0.0642196 0.0112234 0.0641384 0.997914 0.00740738 -0.0116756 -0.00667161 0.99991 -0.520669 -0.0972244 0.0385888
FixedParameters: 0 0 0

#Transform 91
Transform: AffineTransform_float_3_3
Parameters: 0.997871 -0.0642308 0.0113237 0.0641424 0.997908 0.00799508 -0.011814 -0.00725189 0.999904 -0.524273 -0.0988356 0.0122706
FixedParameters: 0 0 0

#Transform 92
Transform: AffineTransform_float_3_3
Parameters: 0.997719 -0.0666955 0.0104734 0.0665937 0.997731 0.00985816 -0.011107 -0.00913787 0.999897 -0.554182 -0.108182 0.0494422
FixedParameters: 0 0 0

#Transform 93
Transform: AffineTransform_float_3_3
Parameters: 0.997796 -0.0652117 0.0122536 0.0650968 0.997834 0.00953573 -0.012849 -0.00871626 0.999879 -0.552578 -0.0963895 0.125702
FixedParameters: 0 0 0

#Transform 94
Transform: AffineTransform_float_3_3
Parameters: 0.99781 -0.0650608 0.0119297 0.0649583 0.99785 0.00879812 -0.0124763 -0.00800389 0.99989 -0.55393 -0.0872821 0.0240161
FixedParameters: 0 0 0

#Transform 95
Transform: AffineTransform_float_3_3
Parameters: 0.997826 -0.064952 0.0112085 0.0648412 0.997845 0.00997541 -0.0118319 -0.00922662 0.999888 -0.568001 -0.0811568 -0.462442
FixedParameters: 0 0 0

#Transform 96
Transform: AffineTransform_float_3_3
Parameters: 0.997931 -0.0631402 0.012069 0.0630682 0.99799 0.00622776 -0.0124379 -0.00545325 0.999908 -0.607637 0.0614138 -0.604679
FixedParameters: 0 0 0

#Transform 97
Transform: AffineTransform_float_3_3
Parameters: 0.997938 -0.0620113 0.0165678 0.0632456 0.994021 -0.0889992 -0.01095 0.0898637 0.995894 -0.622948 1.30338 -4.4559
FixedParameters: 0 0 0

#Transform 98
Transform: AffineTransform_float_3_3
Parameters: 0.997976 -0.061808 0.0149449 0.0622457 0.997584 -0.0308709 -0.0130006 0.0317391 0.999411 -0.689533 0.28797 -1.36191
FixedParameters: 0 0 0

#Transform 99
Transform: AffineTransform_float_3_3
Parameters: 0.99804 -0.0610595 0.013693 0.0613157 0.997936 -0.0191256 -0.012497 0.0199274 0.999723 -0.667179 -0.0564822 -1.07479
FixedParameters: 0 0 0

#Transform 100
Transform: AffineTransform_float_3_3
Parameters: 0.998067 -0.0608277 0.0126891 0.0610955 0.997893 -0.0218507 -0.0113339 0.0225834 0.999681 -0.64222 0.0598019 -1.08727
FixedParameters: 0 0 0

#Transform 101
Transform: AffineTransform_float_3_3
Parameters: 0.998125 -0.0599899 0.0122027 0.0602242 0.997989 -0.0197901 -0.0109918 0.0204879 0.99973 -0.625541 0.037834 -1.02557
FixedParameters: 0 0 0

#Transform 102
Transform: AffineTransform_float_3_3
Parameters: 0.998023 -0.061481 0.01301 0.0617163 0.997921 -0.0185395 -0.0118429 0.0193055 0.999744 -0.682169 0.00187945 -1.08552
FixedParameters: 0 0 0

#Transform 103
Transform: AffineTransform_float_3_3
Parameters: 0.998041 -0.0613345 0.0123479 0.0615344 0.997968 -0.0165164 -0.0113102 0.0172436 0.999787 -0.66231 -0.0486027 -1.00001
FixedParameters: 0 0 0

#Transform 104
Transform: AffineTransform_float_3_3
Parameters: 0.998029 -0.0614832 0.0125147 0.0616874 0.997958 -0.0165783 -0.0114696 0.0173177 0.999784 -0.542781 -0.0380038 -0.90785
FixedParameters: 0 0 0

#Transform 105
Transform: AffineTransform_float_3_3
Parameters: 0.998052 -0.0612746 0.0116769 0.0614615 0.997975 -0.0163489 -0.0106512 0.0170351 0.999798 -0.572287 -0.0469902 -0.909465
FixedParameters: 0 0 0

#Transform 106
Transform: AffineTransform_float_3_3
Parameters: 0.998142 -0.0577646 0.0193809 0.0578804 0.998308 -0.00547017 -0.0190315 0.00658179 0.999797 -0.742351 -0.210897 -0.931061
FixedParameters: 0 0 0

#Transform 107
Transform: AffineTransform_float_3_3
Parameters: 0.998387 -0.0537393 0.0183127 0.0535792 0.998522 0.00912043 -0.0187764 -0.00812452 0.99979 -0.621626 -0.417005 -0.977347
FixedParameters: 0 0 0

#Transform 108
Transform: AffineTransform_float_3_3
Parameters: 0.998197 -0.0587669 0.0122322 0.0587663 0.998271 0.000383329 -0.012234 0.000336356 0.999925 -0.599135 -0.308028 -0.957566
FixedParameters: 0 0 0

#Transform 109
Transform: AffineTransform_float_3_3
Parameters: 0.998175 -0.0593304 0.011232 0.0593677 0.998232 -0.00299555 -0.0110349 0.00365647 0.999932 -0.595524 -0.198214 -0.911912
FixedParameters: 0 0 0

#Transform 110
Transform: AffineTransform_float_3_3
Parameters: 0.998146 -0.059751 0.011594 0.0597885 0.998207 -0.00289056 -0.0114011 0.00357847 0.999929 -0.609589 -0.231098 -0.932988
FixedParameters: 0 0 0

#Transform 111
Transform: AffineTransform_float_3_3
Parameters: 0.998185 -0.059037 0.0119512 0.0590845 0.998247 -0.0037122 -0.0117113 0.00441183 0.999922 -0.610518 -0.212157 -0.812044
FixedParameters: 0 0 0

#Transform 112
Transform: AffineTransform_float_3_3
Parameters: 0.998174 -0.0591261 0.0123691 0.0591771 0.99824 -0.00378156 -0.0121239 0.00450644 0.999917 -0.607135 -0.202479 -0.936988
FixedParameters: 0 0 0

#Transform 113
Transform: AffineTransform_float_3_3
Parameters: 0.998161 -0.0593922 0.0121795 0.0594379 0.998226 -0.00340146 -0.0119555 0.00411951 0.99992 -0.627588 -0.207913 -0.920398
FixedParameters: 0 0 0

#Transform 114
Transform: AffineTransform_float_3_3
Parameters: 0.998145 -0.0595553 0.0126819 0.0595978 0.998217 -0.00304692 -0.012478 0.0037971 0.999915 -0.659383 -0.219192 -0.929675
FixedParameters: 0 0 0

#Transform 115
Transform: AffineTransform_float_3_3
Parameters: 0.998175 -0.0590218 0.0127569 0.0590782 0.998244 -0.00411678 -0.0124918 0.00486224 0.999911 -0.625166 -0.21531 -0.929064
FixedParameters: 0 0 0

#Transform 116
Transform: AffineTransform_float_3_3
Parameters: 0.998193 -0.0587057 0.012831 0.0587496 0.998268 -0.0030261 -0.0126305 0.00377486 0.999913 -0.610201 -0.191814 -0.982977
FixedParameters: 0 0 0

#Transform 117
Transform: AffineTransform_float_3_3
Parameters: 0.998155 -0.0591013 0.0139633 0.0591253 0.998249 -0.00125404 -0.0138648 0.00207795 0.999902 -0.625607 -0.118126 -0.950601
FixedParameters: 0 0 0

#Transform 118
Transform: AffineTransform_float_3_3
Parameters: 0.998144 -0.0592968 0.0138307 0.059301 0.99824 9.73774e-05 -0.0138126 0.000723412 0.999904 -0.631807 -0.13659 -0.903311
FixedParameters: 0 0 0

#Transform 119
Transform: AffineTransform_float_3_3
Parameters: 0.998146 -0.0592922 0.0137775 0.0592996 0.99824 -0.000119176 -0.013746 0.000935816 0.999905 -0.640512 -0.155988 -0.931821
FixedParameters: 0 0 0

#Transform 120
Transform: AffineTransform_float_3_3
Parameters: 0.998137 -0.0593003 0.014392 0.059314 0.998239 -0.000584636 -0.0143323 0.0014374 0.999896 -0.643034 -0.166216 -0.943248
FixedParameters: 0 0 0

#Transform 121
Transform: AffineTransform_float_3_3
Parameters: 0.998165 -0.0588956 0.0140641 0.0589157 0.998263 -0.00100891 -0.01398 0.00183507 0.9999 -0.628582 -0.188193 -1.02305
FixedParameters: 0 0 0

#Transform 122
Transform: AffineTransform_float_3_3
Parameters: 0.998149 -0.059408 0.0130519 0.0593827 0.998233 0.00227073 -0.0131639 -0.00149125 0.999912 -0.622568 -0.244948 -0.91433
FixedParameters: 0 0 0

#Transform 123
Transform: AffineTransform_float_3_3
Parameters: 0.998209 -0.0591504 0.00896485 0.0591737 0.998245 -0.00239032 -0.00880728 0.00291665 0.999957 -0.513175 -0.155537 -0.388695
FixedParameters: 0 0 0

#Transform 124
Transform: AffineTransform_float_3_3
Parameters: 0.998231 -0.0585466 0.0102909 0.0585841 0.998276 -0.0033739 -0.0100754 0.00397108 0.999941 -0.543677 -0.166729 -0.563738
FixedParameters: 0 0 0

#Transform 125
Transform: AffineTransform_float_3_3
Parameters: 0.99815 -0.0594401 0.0128304 0.059482 0.998226 -0.00287042 -0.0126377 0.00362862 0.999913 -0.61389 -0.156625 -0.71358
FixedParameters: 0 0 0

#Transform 126
Transform: AffineTransform_float_3_3
Parameters: 0.99805 -0.0610453 0.0130306 0.0611128 0.998118 -0.0049281 -0.0127048 0.00571489 0.999903 -0.613373 -0.0684398 -0.726018
FixedParameters: 0 0 0

#Transform 127
Transform: AffineTransform_float_3_3
Parameters: 0.998139 -0.0597411 0.0122151 0.0597728 0.998209 -0.00229476 -0.0120561 0.00302024 0.999922 -0.610873 -0.152497 -0.718794
FixedParameters: 0 0 0

#Transform 128
Transform: AffineTransform_float_3_3
Parameters: 0.99811 -0.0600693 0.0129122 0.0600952 0.998191 -0.00166256 -0.0127895 0.00243547 0.999915 -0.626356 -0.153386 -0.708741
FixedParameters: 0 0 0

#Transform 129
Transform: AffineTransform_float_3_3
Parameters: 0.998023 -0.0614977 0.0129782 0.0615446 0.998099 -0.00329389 -0.0127511 0.00408613 0.999911 -0.629807 -0.00995591 -0.721804
FixedParameters: 0 0 0

#Transform 130
Transform: AffineTransform_float_3_3
Parameters: 0.998071 -0.0610387 0.0113337 0.061074 0.998129 -0.00278043 -0.0111428 0.00346756 0.999932 -0.606591 -0.0813822 -0.626445
FixedParameters: 0 0 0

#Transform 131
Transform: AffineTransform_float_3_3
Parameters: 0.998165 -0.059162 0.0128959 0.0591802 0.998247 -0.0010195 -0.0128135 0.00178053 0.999917 -0.62268 -0.135837 -0.763112
FixedParameters: 0 0 0

#Transform 132
Transform: AffineTransform_float_3_3
Parameters: 0.998168 -0.0591558 0.0127461 0.0591762 0.998247 -0.00119569 -0.0126524 0.00194827 0.999918 -0.609196 -0.20319 -0.814012
FixedParameters: 0 0 0

#Transform 133
Transform: AffineTransform_float_3_3
Parameters: 0.998186 -0.059125 0.0113374 0.0591406 0.998249 -0.00101564 -0.011257 0.00168433 0.999935 -0.586475 -0.224944 -0.681227
FixedParameters: 0 0 0

#Transform 134
Transform: AffineTransform_float_3_3
Parameters: 0.998135 -0.0598399 0.0120821 0.05981 0.998206 0.00275325 -0.0122255 -0.00202572 0.999923 -0.659377 -0.289203 -0.529372
FixedParameters: 0 0 0

#Transform 135
Transform: AffineTransform_float_3_3
Parameters: 0.99815 -0.0597886 0.0109773 0.0597798 0.998211 0.00108606 -0.0110227 -0.000427933 0.999939 -0.592611 -0.343179 -0.449305
FixedParameters: 0 0 0

#Transform 136
Transform: AffineTransform_float_3_3
Parameters: 0.998168 -0.0593467 0.0117802 0.0593631 0.998236 -0.00110581 -0.0116938 0.0018032 0.99993 -0.597168 -0.286795 -0.565896
FixedParameters: 0 0 0

#Transform 137
Transform: AffineTransform_float_3_3
Parameters: 0.998171 -0.0591977 0.012239 0.0592213 0.998243 -0.00155152 -0.0121259 0.00227349 0.999924 -0.609187 -0.191245 -0.61449
FixedParameters: 0 0 0

#Transform 138
Transform: AffineTransform_float_3_3
Parameters: 0.998194 -0.0588373 0.012101 0.058862 0.998265 -0.00169975 -0.0119807 0.00240929 0.999925 -0.596689 -0.188105 -0.654285
FixedParameters: 0 0 0

#Transform 139
Transform: AffineTransform_float_3_3
Parameters: 0.998199 -0.0587796 0.0120394 0.0588071 0.998268 -0.00194155 -0.0119042 0.00264643 0.999926 -0.582347 -0.197205 -0.605076
FixedParameters: 0 0 0

#Transform 140
Transform: AffineTransform_float_3_3
Parameters: 0.998189 -0.0589676 0.0119457 0.0589945 0.998257 -0.00185537 -0.011815 0.00255659 0.999927 -0.583401 -0.185424 -0.64655
FixedParameters: 0 0 0

#Transform 141
Transform: AffineTransform_float_3_3
Parameters: 0.998332 -0.0570533 0.00883572 0.0570023 0.998357 0.00589871 -0.00915827 -0.00538426 0.999944 -0.544717 -0.344679 -0.731723
FixedParameters: 0 0 0

#Transform 142
Transform: AffineTransform_float_3_3
Parameters: 0.998227 -0.0587726 0.00940167 0.0587578 0.998271 0.00182837 -0.00949271 -0.00127364 0.999955 -0.591078 -0.213968 -0.706394
FixedParameters: 0 0 0

#Transform 143
Transform: AffineTransform_float_3_3
Parameters: 0.998226 -0.0588033 0.0093485 0.0588406 0.99826 -0.00378679 -0.00910969 0.00433022 0.999949 -0.538552 -0.0558507 -0.613851
FixedParameters: 0 0 0

#Transform 144
Transform: AffineTransform_float_3_3
Parameters: 0.998177 -0.0595574 0.00977099 0.0595876 0.998219 -0.00282802 -0.00958519 0.00340498 0.999948 -0.55285 -0.117174 -0.620364
FixedParameters: 0 0 0

#Transform 145
Transform: AffineTransform_float_3_3
Parameters: 0.998278 -0.0578852 0.00950658 0.0579148 0.998317 -0.00289703 -0.00932303 0.00344298 0.999951 -0.542625 -0.118076 -0.662388
FixedParameters: 0 0 0

#Transform 146
Transform: AffineTransform_float_3_3
Parameters: 0.998256 -0.0579972 0.0110072 0.0580245 0.998312 -0.00217302 -0.0108627 0.00280799 0.999937 -0.56852 -0.159574 -0.665663
FixedParameters: 0 0 0

#Transform 147
Transform: AffineTransform_float_3_3
Parameters: 0.998238 -0.0583682 0.0106325 0.0583985 0.99829 -0.00261688 -0.0104616 0.00323312 0.99994 -0.567618 -0.187613 -0.629795
FixedParameters: 0 0 0

#Transform 148
Transform: AffineTransform_float_3_3
Parameters: 0.998261 -0.0580327 0.0104021 0.058061 0.99831 -0.00246599 -0.0102415 0.00306602 0.999943 -0.560873 -0.177262 -0.62659
FixedParameters: 0 0 0

#Transform 149
Transform: AffineTransform_float_3_3
Parameters: 0.998257 -0.0580789 0.0105281 0.0581118 0.998306 -0.0028618 -0.010344 0.0034682 0.999941 -0.56732 -0.167368 -0.639133
FixedParameters: 0 0 0

#Transform 150
Transform: AffineTransform_float_3_3
Parameters: 0.998252 -0.058052 0.0110295 0.0580824 0.998308 -0.00247655 -0.0108665 0.00311242 0.999936 -0.579345 -0.168076 -0.660783
FixedParameters: 0 0 0

#Transform 151
Transform: AffineTransform_float_3_3
Parameters: 0.998227 -0.0583811 0.01158 0.0584169 0.998288 -0.00283807 -0.0113949 0.00350997 0.999929 -0.603179 -0.197053 -0.677619
FixedParameters: 0 0 0
