# transform file /out/sourcedata/freesurfer/sub-v2s3x28747_ses-1/mri/transforms/cc_up.lta
# created by oesteban on Fri Mar 13 01:03:19 2026

type      = 0 # LINEAR_VOX_TO_VOX
nxforms   = 1
mean      = 128.0000 120.0000 111.0000
sigma     = 10000.0000
1 4 4
9.984849691390991e-01 3.456933051347733e-02 4.281011223793030e-02 -7.647644042968750e+00 
-3.453760221600533e-02 9.994022846221924e-01 -1.480802078731358e-03 3.263225173950195e+01 
-4.283571243286133e-02 0.000000000000000e+00 9.990820884704590e-01 2.757369422912598e+01 
0.000000000000000e+00 0.000000000000000e+00 0.000000000000000e+00 1.000000000000000e+00 
src volume info
valid = 1  # volume info valid
filename = /out/sourcedata/freesurfer/sub-v2s3x28747_ses-1/mri/norm.mgz
volume = 256 256 256
voxelsize = 1.000000000000000e+00 1.000000000000000e+00 1.000000000000000e+00
xras   = -1.000000000000000e+00 0.000000000000000e+00 0.000000000000000e+00
yras   = 0.000000000000000e+00 0.000000000000000e+00 -1.000000000000000e+00
zras   = 0.000000000000000e+00 1.000000000000000e+00 0.000000000000000e+00
cras   = -2.880249023437500e-01 -9.781188964843750e+00 7.137138366699219e+00
dst volume info
valid = 1  # volume info valid
filename = /out/sourcedata/freesurfer/sub-v2s3x28747_ses-1/mri/norm.mgz
volume = 256 256 256
voxelsize = 1.000000000000000e+00 1.000000000000000e+00 1.000000000000000e+00
xras   = -1.000000000000000e+00 0.000000000000000e+00 0.000000000000000e+00
yras   = 0.000000000000000e+00 0.000000000000000e+00 -1.000000000000000e+00
zras   = 0.000000000000000e+00 1.000000000000000e+00 0.000000000000000e+00
cras   = -2.880249023437500e-01 -9.781188964843750e+00 7.137138366699219e+00
