# transform file /out/sourcedata/freesurfer/sub-v2s3x28786_ses-1/mri/transforms/cc_up.lta
# created by oesteban on Fri Mar 13 01:27:43 2026

type      = 0 # LINEAR_VOX_TO_VOX
nxforms   = 1
mean      = 126.0000 136.0000 109.0000
sigma     = 10000.0000
1 4 4
9.995229244232178e-01 -1.757279853336513e-03 -3.083502687513828e-02 5.586939811706543e+00 
1.756444340571761e-03 9.999984502792358e-01 -5.418586079031229e-05 1.378295326232910e+01 
3.083507344126701e-02 0.000000000000000e+00 9.995244741439819e-01 2.213802528381348e+01 
0.000000000000000e+00 0.000000000000000e+00 0.000000000000000e+00 1.000000000000000e+00 
src volume info
valid = 1  # volume info valid
filename = /out/sourcedata/freesurfer/sub-v2s3x28786_ses-1/mri/norm.mgz
volume = 256 256 256
voxelsize = 1.000000000000000e+00 1.000000000000000e+00 1.000000000000000e+00
xras   = -1.000000000000000e+00 0.000000000000000e+00 0.000000000000000e+00
yras   = 0.000000000000000e+00 0.000000000000000e+00 -1.000000000000000e+00
zras   = 0.000000000000000e+00 1.000000000000000e+00 0.000000000000000e+00
cras   = -2.318443298339844e+00 3.882214355468750e+01 1.980743408203125e-01
dst volume info
valid = 1  # volume info valid
filename = /out/sourcedata/freesurfer/sub-v2s3x28786_ses-1/mri/norm.mgz
volume = 256 256 256
voxelsize = 1.000000000000000e+00 1.000000000000000e+00 1.000000000000000e+00
xras   = -1.000000000000000e+00 0.000000000000000e+00 0.000000000000000e+00
yras   = 0.000000000000000e+00 0.000000000000000e+00 -1.000000000000000e+00
zras   = 0.000000000000000e+00 1.000000000000000e+00 0.000000000000000e+00
cras   = -2.318443298339844e+00 3.882214355468750e+01 1.980743408203125e-01
