#Insight Transform File V1.0
#Transform 0
Transform: AffineTransform_float_3_3
Parameters: 0.999999 -3.35533e-06 -0.00104299 -3.55349e-07 0.999995 -0.003217 0.001043 0.003217 0.999995 -0.0249319 -0.0699064 -0.178447
FixedParameters: 0 0 0

#Transform 1
Transform: AffineTransform_float_3_3
Parameters: 0.999999 0.000135676 -0.00122649 -0.000140323 0.999994 -0.00352683 0.00122551 0.00352617 0.999993 0.0125067 -0.0887849 -0.360179
FixedParameters: 0 0 0

#Transform 2
Transform: AffineTransform_float_3_3
Parameters: 1 -0.000382315 -0.000957683 0.000378687 0.999994 -0.00345936 0.000958316 0.00345863 0.999993 -0.0274707 -0.0930164 -0.322246
FixedParameters: 0 0 0

#Transform 3
Transform: AffineTransform_float_3_3
Parameters: 0.999999 -0.000440872 -0.00115791 0.000438128 0.999997 -0.00247951 0.00115909 0.00247849 0.999997 -0.0244795 -0.107015 -0.218412
FixedParameters: 0 0 0

#Transform 4
Transform: AffineTransform_float_3_3
Parameters: 0.999999 -4.84946e-06 -0.00147399 1.5051e-07 0.999994 -0.00329 0.00147401 0.00328999 0.999993 -0.0069912 -0.0568173 -0.299391
FixedParameters: 0 0 0

#Transform 5
Transform: AffineTransform_float_3_3
Parameters: 0.999999 -4.4362e-06 -0.00133499 -4.36229e-07 0.999994 -0.003323 0.00133501 0.00332299 0.999993 0.000588106 -0.0824413 -0.302326
FixedParameters: 0 0 0

#Transform 6
Transform: AffineTransform_float_3_3
Parameters: 1 -2.83998e-06 -0.001175 1.60013e-07 0.999997 -0.002417 0.001175 0.002417 0.999997 -0.0240361 0.0114988 -0.34416
FixedParameters: 0 0 0

#Transform 7
Transform: AffineTransform_float_3_3
Parameters: 0.999999 -0.000583975 -0.00123807 0.000582024 0.999998 -0.00159572 0.00123893 0.00159428 0.999998 -0.0131376 -0.171459 -0.310827
FixedParameters: 0 0 0

#Transform 8
Transform: AffineTransform_float_3_3
Parameters: 0.999999 -0.000518732 -0.00136634 0.000517268 0.999999 -0.00126771 0.00136666 0.00126729 0.999999 -0.00911343 -0.114748 -0.308894
FixedParameters: 0 0 0

#Transform 9
Transform: AffineTransform_float_3_3
Parameters: 0.999999 -0.000426172 -0.00130129 0.000423829 0.999998 -0.00166855 0.00130171 0.00166845 0.999998 -0.0188635 -0.094702 -0.316307
FixedParameters: 0 0 0

#Transform 10
Transform: AffineTransform_float_3_3
Parameters: 0.999999 -0.000521927 -0.00141719 0.000517074 0.999994 -0.00347474 0.0014188 0.00347426 0.999993 -0.0190445 -0.0880048 -0.324887
FixedParameters: 0 0 0

#Transform 11
Transform: AffineTransform_float_3_3
Parameters: 1 0.000685045 1.03715e-05 -0.000684957 0.999993 -0.00383701 -1.26283e-05 0.00383699 0.999992 -0.0696653 -0.0672107 -0.287878
FixedParameters: 0 0 0

#Transform 12
Transform: AffineTransform_float_3_3
Parameters: 0.999999 0.000647387 -0.000391678 -0.000648614 0.999992 -0.00413075 0.000389324 0.00413126 0.999992 -0.0576231 -0.0181231 -0.306406
FixedParameters: 0 0 0

#Transform 13
Transform: AffineTransform_float_3_3
Parameters: 1 0.000139269 -0.00114559 -0.000143729 0.999992 -0.00413084 0.00114442 0.00413116 0.999991 -0.0418379 -0.0492324 -0.308932
FixedParameters: 0 0 0

#Transform 14
Transform: AffineTransform_float_3_3
Parameters: 0.999999 0.000801407 -0.000629316 -0.000803595 0.999991 -0.0041305 0.000626685 0.00413151 0.999992 -0.0572852 -0.0254592 -0.307219
FixedParameters: 0 0 0

#Transform 15
Transform: AffineTransform_float_3_3
Parameters: 0.999999 0.00131804 -0.000709532 -0.00132097 0.999991 -0.00419207 0.000704468 0.00419293 0.999991 -0.0644776 -0.0240063 -0.294291
FixedParameters: 0 0 0

#Transform 16
Transform: AffineTransform_float_3_3
Parameters: 0.999998 -4.85259e-05 -0.00162074 3.94724e-05 0.999982 -0.00587707 0.00162126 0.00587693 0.999982 0.000933748 -0.0276772 -0.333539
FixedParameters: 0 0 0

#Transform 17
Transform: AffineTransform_float_3_3
Parameters: 0.999999 0.00092057 -7.91592e-05 -0.000920428 0.999984 -0.00560293 7.3844e-05 0.00560307 0.999985 -0.0707567 -0.0659109 -0.263441
FixedParameters: 0 0 0

#Transform 18
Transform: AffineTransform_float_3_3
Parameters: 1 0.00066323 -0.000203524 -0.000663771 0.999992 -0.00380386 0.000201476 0.00380413 0.999992 -0.0503449 0.0029398 -0.244322
FixedParameters: 0 0 0

#Transform 19
Transform: AffineTransform_float_3_3
Parameters: 1 -0.000141443 0.000388839 0.000140556 1 0.00114006 -0.000389161 -0.00113995 1 -0.0181318 -0.137761 0.144767
FixedParameters: 0 0 0

#Transform 20
Transform: AffineTransform_float_3_3
Parameters: 1 -0.000232998 6.70054e-05 0.000233002 1 -2.29844e-05 -6.69946e-05 2.30156e-05 1 -0.00300194 -0.0251868 0.0252976
FixedParameters: 0 0 0

#Transform 21
Transform: AffineTransform_float_3_3
Parameters: 1 -0.000228996 -8.10105e-05 0.000229004 1 4.59814e-05 8.09895e-05 -4.60185e-05 1 0.0236904 -0.0586291 0.0434101
FixedParameters: 0 0 0

#Transform 22
Transform: AffineTransform_float_3_3
Parameters: 1 -0.0001409 -0.000537026 0.000141101 1 0.000187924 0.000536973 -0.000187076 1 0.00317833 -0.0365295 0.0825405
FixedParameters: 0 0 0

#Transform 23
Transform: AffineTransform_float_3_3
Parameters: 1 0.000255237 -0.000537363 -0.000255763 0.999999 -0.00142086 0.000536637 0.00142114 0.999999 1.69532e-05 -0.00290979 -0.0888232
FixedParameters: 0 0 0

#Transform 24
Transform: AffineTransform_float_3_3
Parameters: 1 0.000132832 -0.000136164 -0.000132168 0.999999 -0.00123398 0.000135837 0.00123402 0.999999 0.0369449 -0.0355449 -0.0231449
FixedParameters: 0 0 0

#Transform 25
Transform: AffineTransform_float_3_3
Parameters: 1 -0.000141312 -0.00027484 0.000140688 1 -0.00113304 0.00027516 0.00113296 1 0.0237863 -0.0302378 -0.0528408
FixedParameters: 0 0 0

#Transform 26
Transform: AffineTransform_float_3_3
Parameters: 1 5.11624e-05 9.79153e-05 -5.08374e-05 0.999998 -0.001658 -9.80844e-05 0.00165799 0.999998 0.0182455 0.0118582 -0.149068
FixedParameters: 0 0 0

#Transform 27
Transform: AffineTransform_float_3_3
Parameters: 0.999999 -0.000141643 -0.000786885 0.000140357 0.999999 -0.000817111 0.000787115 0.000816889 1 -1.60951e-05 -0.0536603 -0.0442679
FixedParameters: 0 0 0

#Transform 28
Transform: AffineTransform_float_3_3
Parameters: 1 1.43531e-06 -0.000316003 -2.56469e-06 0.999999 -0.001787 0.000315996 0.001787 0.999999 0.0375553 0.0131383 -0.165302
FixedParameters: 0 0 0

#Transform 29
Transform: AffineTransform_float_3_3
Parameters: 1 -0.000141511 -0.000536866 0.000140489 0.999999 -0.000951076 0.000537134 0.000950924 1 0.0178247 -0.0602437 -0.0665048
FixedParameters: 0 0 0

#Transform 30
Transform: AffineTransform_float_3_3
Parameters: 1 9.0481e-05 -0.000367128 -9.05188e-05 0.999999 -0.00141397 0.000366872 0.00141403 0.999999 0.0268409 -0.00589344 -0.149563
FixedParameters: 0 0 0

#Transform 31
Transform: AffineTransform_float_3_3
Parameters: 1 -0.000180994 3.32417e-06 0.000181007 0.999999 -0.001791 -3.67582e-06 0.001791 0.999999 0.0217891 -0.0392944 -0.18217
FixedParameters: 0 0 0

#Transform 32
Transform: AffineTransform_float_3_3
Parameters: 1 -0.000181201 -0.000123706 0.0001818 0.999998 -0.00162202 0.000123295 0.00162198 0.999998 0.0180165 -0.0415445 -0.141013
FixedParameters: 0 0 0

#Transform 33
Transform: AffineTransform_float_3_3
Parameters: 1 -2.18984e-05 3.50637e-05 2.21014e-05 0.999996 -0.002901 -3.4936e-05 0.002901 0.999996 0.0376305 -0.0129065 -0.250849
FixedParameters: 0 0 0

#Transform 34
Transform: AffineTransform_float_3_3
Parameters: 1 -0.000147424 -0.000152591 0.000147577 0.999996 -0.00277602 0.00015241 0.00277598 0.999996 0.0380137 -0.0159485 -0.234495
FixedParameters: 0 0 0

#Transform 35
Transform: AffineTransform_float_3_3
Parameters: 1 0.000287667 -0.000132723 -0.000287331 0.999997 -0.00251196 0.000131279 0.00251204 0.999997 0.0103732 -0.0180413 -0.154747
FixedParameters: 0 0 0

#Transform 36
Transform: AffineTransform_float_3_3
Parameters: 1 0.000834675 0.000448901 -0.000833325 0.999992 -0.00371737 -0.000452102 0.00371762 0.999993 -0.0110617 0.0159232 -0.201203
FixedParameters: 0 0 0

#Transform 37
Transform: AffineTransform_float_3_3
Parameters: 0.999999 0.00131385 0.000502198 -0.00131116 0.999993 -0.00365766 -0.000506798 0.00365634 0.999993 -0.0159853 -0.00279666 -0.159934
FixedParameters: 0 0 0

#Transform 38
Transform: AffineTransform_float_3_3
Parameters: 0.999998 0.00166538 0.000499129 -0.00166262 0.999988 -0.00472984 -0.000506869 0.00472916 0.999988 -0.000811632 0.0781632 -0.182676
FixedParameters: 0 0 0

#Transform 39
Transform: AffineTransform_float_3_3
Parameters: 1 0.000320677 0.00117894 -0.000312322 0.999979 -0.00650637 -0.00118106 0.00650563 0.999978 0.0450283 -0.0358027 -0.305251
FixedParameters: 0 0 0

#Transform 40
Transform: AffineTransform_float_3_3
Parameters: 1 -0.000152434 0.00035867 0.000154567 0.999991 -0.00436895 -0.000358328 0.00436906 0.999991 0.0544776 0.0387527 -0.146374
FixedParameters: 0 0 0

#Transform 41
Transform: AffineTransform_float_3_3
Parameters: 0.999999 -0.000733106 -0.000215637 0.000732893 0.999999 -0.000495158 0.000215363 0.000494842 1 0.00961284 0.0744255 0.171793
FixedParameters: 0 0 0

#Transform 42
Transform: AffineTransform_float_3_3
Parameters: 0.999999 -0.000742807 -0.000270796 0.000742192 0.999996 -0.0029682 0.000273204 0.0029678 0.999995 0.0199986 0.0334892 0.00567834
FixedParameters: 0 0 0

#Transform 43
Transform: AffineTransform_float_3_3
Parameters: 1 -0.000464172 -0.000111286 0.000463829 0.999998 -0.00153805 0.000111713 0.00153795 0.999999 -0.0105243 0.0802834 -0.0622173
FixedParameters: 0 0 0

#Transform 44
Transform: AffineTransform_float_3_3
Parameters: 0.999999 -0.000543595 -0.000541403 0.000542406 0.999999 -0.00109829 0.000541596 0.00109871 1 -0.0171704 0.0630734 0.00485903
FixedParameters: 0 0 0

#Transform 45
Transform: AffineTransform_float_3_3
Parameters: 1 -0.000293547 -0.000378576 0.000292452 0.999999 -0.00144511 0.000379423 0.00144489 0.999999 0.00907054 0.054857 -0.100554
FixedParameters: 0 0 0

#Transform 46
Transform: AffineTransform_float_3_3
Parameters: 1 -0.000382942 -0.00100264 0.000382057 0.999999 -0.000940383 0.00100336 0.000939616 0.999999 0.00761761 0.00373295 -0.0792864
FixedParameters: 0 0 0

#Transform 47
Transform: AffineTransform_float_3_3
Parameters: 1 -0.000293659 -0.000443564 0.00029234 0.999999 -0.00148613 0.000444435 0.00148587 0.999999 0.0356143 0.0219338 -0.108603
FixedParameters: 0 0 0

#Transform 48
Transform: AffineTransform_float_3_3
Parameters: 0.999999 -0.000293847 -0.000649617 0.000293153 0.999999 -0.00130319 0.000650382 0.00130281 0.999999 0.0336077 0.0557128 -0.0793031
FixedParameters: 0 0 0

#Transform 49
Transform: AffineTransform_float_3_3
Parameters: 1 -0.00029345 -0.00100287 0.00029255 1 -0.000449294 0.00100313 0.000448706 1 0.0384621 0.0164456 0.018106
FixedParameters: 0 0 0

#Transform 50
Transform: AffineTransform_float_3_3
Parameters: 0.999999 -0.000402849 -0.000841594 0.00040215 1 -0.00100934 0.000842406 0.00100866 0.999999 0.0309699 0.0517453 -0.0899243
FixedParameters: 0 0 0

#Transform 51
Transform: AffineTransform_float_3_3
Parameters: 0.999999 -0.000708412 -0.00100271 0.000707588 0.999999 -0.00041071 0.00100329 0.00041029 1 0.00383736 -0.0083249 -0.0448256
FixedParameters: 0 0 0

#Transform 52
Transform: AffineTransform_float_3_3
Parameters: 1 8.19467e-05 -0.001159 -8.20533e-05 1 -4.59049e-05 0.001159 4.6095e-05 1 -0.0240106 0.110545 0.0631038
FixedParameters: 0 0 0

#Transform 53
Transform: AffineTransform_float_3_3
Parameters: 1 -0.000251939 -0.00100302 0.000252061 1 6.07472e-05 0.00100298 -6.12527e-05 0.999999 -0.0210653 0.0552424 0.110518
FixedParameters: 0 0 0

#Transform 54
Transform: AffineTransform_float_3_3
Parameters: 1 0.000285199 -0.00117395 -0.000284801 1 0.000169335 0.00117405 -0.000169665 1 -9.11075e-05 0.0888674 0.0702169
FixedParameters: 0 0 0

#Transform 55
Transform: AffineTransform_float_3_3
Parameters: 0.999999 0.000327797 -0.00144659 -0.000326202 0.999999 0.00124247 0.00144741 -0.00124153 0.999998 -0.0208453 0.155125 0.0803878
FixedParameters: 0 0 0

#Transform 56
Transform: AffineTransform_float_3_3
Parameters: 0.999998 0.000114679 -0.00169795 -0.000114321 1 0.000400194 0.00169804 -0.000399806 0.999998 0.000638574 0.0790845 0.0376575
FixedParameters: 0 0 0

#Transform 57
Transform: AffineTransform_float_3_3
Parameters: 0.999999 7.47904e-05 -0.00143501 -7.42109e-05 1 -0.000146894 0.00143499 0.000146107 0.999999 -0.0229296 0.0833779 0.107183
FixedParameters: 0 0 0

#Transform 58
Transform: AffineTransform_float_3_3
Parameters: 0.999999 -0.000159822 -0.00129502 0.000159177 1 0.000136794 0.00129498 -0.000137207 0.999999 0.00576347 0.115041 0.108596
FixedParameters: 0 0 0

#Transform 59
Transform: AffineTransform_float_3_3
Parameters: 0.999999 -0.000158321 -0.00151397 0.000158679 1 -0.00021224 0.00151403 0.00021176 0.999999 0.00464341 0.115226 0.0362555
FixedParameters: 0 0 0

#Transform 60
Transform: AffineTransform_float_3_3
Parameters: 0.999999 -0.000385669 -0.00151383 0.00038533 1 -0.000442584 0.00151417 0.000441416 0.999999 0.0275472 0.0863314 0.0208519
FixedParameters: 0 0 0

#Transform 61
Transform: AffineTransform_float_3_3
Parameters: 0.999999 -0.000385885 -0.00132574 0.000385114 0.999999 -0.000668511 0.00132626 0.000667489 0.999999 0.0276519 0.0652111 -0.0769208
FixedParameters: 0 0 0

#Transform 62
Transform: AffineTransform_float_3_3
Parameters: 0.999999 -0.000439763 -0.00137376 0.000439237 0.999999 -0.000555604 0.00137424 0.000555396 0.999999 0.0441328 0.069841 -0.0766996
FixedParameters: 0 0 0

#Transform 63
Transform: AffineTransform_float_3_3
Parameters: 0.999999 -0.000636275 -0.00139887 0.000635725 1 -0.000196889 0.00139912 0.00019611 0.999999 0.0521482 0.0468366 -0.129703
FixedParameters: 0 0 0

#Transform 64
Transform: AffineTransform_float_3_3
Parameters: 1 -0.000554757 -0.000934552 0.000554243 0.999999 -0.000809518 0.00093545 0.000809481 0.999999 0.0914802 0.0958299 -0.191111
FixedParameters: 0 0 0

#Transform 65
Transform: AffineTransform_float_3_3
Parameters: 0.999999 -0.000680077 -0.00125696 0.000679923 1 -6.18547e-05 0.00125704 6.11452e-05 0.999999 0.0919414 0.0141838 -0.168231
FixedParameters: 0 0 0

#Transform 66
Transform: AffineTransform_float_3_3
Parameters: 1 -0.000631258 -0.00104685 0.000631742 1 -0.000246662 0.00104616 0.00024634 1 0.091596 0.0872612 -0.106988
FixedParameters: 0 0 0

#Transform 67
Transform: AffineTransform_float_3_3
Parameters: 0.999998 -0.00063279 -0.00151409 0.000633209 1 0.000138041 0.00151391 -0.000138958 0.999999 0.0774207 0.0493701 -0.0745447
FixedParameters: 0 0 0

#Transform 68
Transform: AffineTransform_float_3_3
Parameters: 0.999998 -0.000740824 -0.00176449 0.000741176 1 0.000665694 0.00176451 -0.000667309 0.999998 0.0675943 0.0766603 0.0385438
FixedParameters: 0 0 0

#Transform 69
Transform: AffineTransform_float_3_3
Parameters: 0.999999 -0.000741966 -0.00118502 0.000741034 0.999999 2.81219e-05 0.00118598 -2.888e-05 1 0.0826294 0.0944612 -0.0860067
FixedParameters: 0 0 0

#Transform 70
Transform: AffineTransform_float_3_3
Parameters: 0.999998 -0.000741161 -0.00151441 0.000741838 0.999999 0.000552877 0.00151459 -0.000554123 0.999998 0.0704748 0.0489222 -0.0280953
FixedParameters: 0 0 0

#Transform 71
Transform: AffineTransform_float_3_3
Parameters: 0.999999 -0.000465195 -0.000794885 0.000464804 1 -0.000246369 0.000795114 0.00024563 0.999999 0.0894389 0.0967381 -0.182851
FixedParameters: 0 0 0

#Transform 72
Transform: AffineTransform_float_3_3
Parameters: 1 -0.00059083 -0.000919109 0.00059117 1 0.000184457 0.00091889 -0.000185543 0.999999 0.0887331 0.0223847 -0.130892
FixedParameters: 0 0 0

#Transform 73
Transform: AffineTransform_float_3_3
Parameters: 0.999999 -0.000469268 -0.000736829 0.000468731 1 -0.000364345 0.00073717 0.000363654 0.999999 0.0889964 0.112855 -0.144998
FixedParameters: 0 0 0

#Transform 74
Transform: AffineTransform_float_3_3
Parameters: 0.999999 -0.00052913 -0.00119994 0.00052887 1 -0.000108635 0.00120006 0.000108365 1 0.071796 0.0563246 -0.0755763
FixedParameters: 0 0 0

#Transform 75
Transform: AffineTransform_float_3_3
Parameters: 0.999998 -0.000528848 -0.00151405 0.000529152 1 0.000100199 0.00151395 -0.000100801 0.999999 0.0717634 0.0868548 -0.0160621
FixedParameters: 0 0 0

#Transform 76
Transform: AffineTransform_float_3_3
Parameters: 0.999999 -0.000529195 -0.00119591 0.000528805 1 -0.000163633 0.00119509 0.000162368 1 0.0884686 0.104414 -0.105997
FixedParameters: 0 0 0

#Transform 77
Transform: AffineTransform_float_3_3
Parameters: 0.999998 -0.000528398 -0.00151421 0.000529602 1 0.000397198 0.00151479 -0.000397801 0.999999 0.0728734 0.0694312 0.0230899
FixedParameters: 0 0 0

#Transform 78
Transform: AffineTransform_float_3_3
Parameters: 0.999998 -0.000733247 -0.00151388 0.000733753 0.999999 -0.000163111 0.00151412 0.00016289 0.999999 0.0891949 0.106764 -0.102429
FixedParameters: 0 0 0

#Transform 79
Transform: AffineTransform_float_3_3
Parameters: 0.999998 -0.0015614 -0.00166963 0.0015606 0.999999 -0.000240606 0.00166937 0.000238394 0.999998 0.0919276 0.263817 -0.012635
FixedParameters: 0 0 0

#Transform 80
Transform: AffineTransform_float_3_3
Parameters: 0.999998 -0.00112008 -0.00176459 0.00112092 0.999999 0.000521023 0.00176442 -0.000522978 0.999999 0.0905495 0.163171 -0.0661773
FixedParameters: 0 0 0

#Transform 81
Transform: AffineTransform_float_3_3
Parameters: 0.999998 -0.00112123 -0.00199087 0.00112077 1 -0.000118232 0.00199113 0.000115768 0.999998 0.090579 0.163438 -0.0125449
FixedParameters: 0 0 0

#Transform 82
Transform: AffineTransform_float_3_3
Parameters: 0.999997 -0.000896436 -0.0019468 0.000895563 0.999999 -0.000224744 0.0019472 0.000223255 0.999998 0.0794198 0.244384 0.0315487
FixedParameters: 0 0 0

#Transform 83
Transform: AffineTransform_float_3_3
Parameters: 0.999999 -0.000409747 -0.00123208 0.000410253 1 0.000205495 0.00123192 -0.000205505 0.999999 0.0718126 0.279346 0.351826
FixedParameters: 0 0 0

#Transform 84
Transform: AffineTransform_float_3_3
Parameters: 0.999998 -0.000267717 -0.00194976 0.000266283 0.999999 -0.00088052 0.00195023 0.000880479 0.999997 0.0591947 0.356552 0.345405
FixedParameters: 0 0 0

#Transform 85
Transform: AffineTransform_float_3_3
Parameters: 1 0.000680709 -0.00088155 -0.000684292 0.999993 -0.0037374 0.000879448 0.0037386 0.999992 0.0693979 0.307975 0.167582
FixedParameters: 0 0 0

#Transform 86
Transform: AffineTransform_float_3_3
Parameters: 0.999995 -0.00134847 -0.00303193 0.00133653 0.999992 -0.00378207 0.00303608 0.00377793 0.999989 0.0909655 0.267444 0.136963
FixedParameters: 0 0 0

#Transform 87
Transform: AffineTransform_float_3_3
Parameters: 0.999997 -0.00071442 -0.00236829 0.00070258 0.999986 -0.00524168 0.00237172 0.00523932 0.999984 0.088581 0.360245 0.098596
FixedParameters: 0 0 0

#Transform 88
Transform: AffineTransform_float_3_3
Parameters: 0.999998 -0.000521763 -0.00192718 0.000514238 0.999993 -0.003508 0.00192882 0.003507 0.999992 0.0795501 0.290083 0.202796
FixedParameters: 0 0 0

#Transform 89
Transform: AffineTransform_float_3_3
Parameters: 0.999998 -0.000754422 -0.0021525 0.000752581 1 -0.000660622 0.0021525 0.000659378 0.999998 0.0881423 0.270756 0.386476
FixedParameters: 0 0 0

#Transform 90
Transform: AffineTransform_float_3_3
Parameters: 0.999997 -0.000703632 -0.00205644 0.000702369 1 -0.000793446 0.00205756 0.000792554 0.999997 0.075224 0.309599 0.406315
FixedParameters: 0 0 0

#Transform 91
Transform: AffineTransform_float_3_3
Parameters: 0.999999 -0.000703757 -0.00167326 0.000702246 0.999999 -0.00104918 0.00167374 0.00104882 0.999998 0.0878408 0.29738 0.413758
FixedParameters: 0 0 0

#Transform 92
Transform: AffineTransform_float_3_3
Parameters: 0.999999 -0.000604564 -0.0016898 0.000603436 1 -0.00033402 0.0016902 0.000332979 0.999999 0.0836778 0.319209 0.487326
FixedParameters: 0 0 0

#Transform 93
Transform: AffineTransform_float_3_3
Parameters: 0.999998 -0.000650142 -0.00151208 0.000647857 0.999999 -0.00141698 0.00151292 0.00141602 0.999998 0.12918 0.338689 0.457702
FixedParameters: 0 0 0

#Transform 94
Transform: AffineTransform_float_3_3
Parameters: 0.999999 -0.000235544 -0.00141775 0.000233457 1 -0.00108833 0.00141826 0.00108867 0.999999 0.128834 0.287946 0.441071
FixedParameters: 0 0 0

#Transform 95
Transform: AffineTransform_float_3_3
Parameters: 0.999999 -0.00059104 -0.00126051 0.000589959 1 -0.000825745 0.00126149 0.000824255 0.999999 0.129968 0.29935 0.464904
FixedParameters: 0 0 0

#Transform 96
Transform: AffineTransform_float_3_3
Parameters: 0.999999 -0.00035609 -0.00134971 0.000354911 0.999999 -0.000807479 0.00134929 0.00080752 0.999999 0.105762 0.305342 0.502118
FixedParameters: 0 0 0

#Transform 97
Transform: AffineTransform_float_3_3
Parameters: 0.999999 -0.000703695 -0.00113795 0.000702305 0.999998 -0.0014888 0.00113905 0.0014882 0.999998 0.106657 0.34192 0.439643
FixedParameters: 0 0 0

#Transform 98
Transform: AffineTransform_float_3_3
Parameters: 0.999998 -0.000704744 -0.0014877 0.000702257 0.999998 -0.00184405 0.0014883 0.00184295 0.999997 0.100756 0.317103 0.391051
FixedParameters: 0 0 0

#Transform 99
Transform: AffineTransform_float_3_3
Parameters: 0.999998 -0.000813036 -0.00155994 0.000810962 0.999999 -0.00130627 0.00156106 0.00130473 0.999998 0.0930051 0.292824 0.434689
FixedParameters: 0 0 0

#Transform 100
Transform: AffineTransform_float_3_3
Parameters: 0.999999 -0.000597265 -0.00128595 0.000594735 0.999999 -0.00176077 0.00128705 0.00176023 0.999997 0.0681953 0.323043 0.40912
FixedParameters: 0 0 0

#Transform 101
Transform: AffineTransform_float_3_3
Parameters: 0.999999 -0.000549475 -0.00140504 0.000546526 0.999999 -0.00176077 0.00140596 0.00176023 0.999998 0.0762972 0.31032 0.44391
FixedParameters: 0 0 0

#Transform 102
Transform: AffineTransform_float_3_3
Parameters: 0.999999 -0.000611036 -0.00144214 0.000608964 0.999999 -0.00141188 0.00144286 0.00141112 0.999998 0.0927738 0.33229 0.440001
FixedParameters: 0 0 0

#Transform 103
Transform: AffineTransform_float_3_3
Parameters: 0.999999 -0.000341147 -0.00137698 0.000336852 0.999996 -0.00301147 0.00137802 0.00301053 0.999994 0.0881852 0.350596 0.369946
FixedParameters: 0 0 0

#Transform 104
Transform: AffineTransform_float_3_3
Parameters: 1 0.00029879 -0.00102794 -0.00030121 0.999995 -0.00312369 0.00102706 0.00312431 0.999994 0.0447327 0.337369 0.362005
FixedParameters: 0 0 0

#Transform 105
Transform: AffineTransform_float_3_3
Parameters: 0.999999 -0.000119427 -0.00143256 0.000113571 0.999993 -0.00378817 0.00143344 0.00378783 0.999992 0.0782427 0.343661 0.305415
FixedParameters: 0 0 0

#Transform 106
Transform: AffineTransform_float_3_3
Parameters: 0.999999 -0.000524354 -0.00144535 0.000516648 0.999987 -0.00508375 0.00144764 0.00508325 0.999986 0.105589 0.353252 0.225102
FixedParameters: 0 0 0

#Transform 107
Transform: AffineTransform_float_3_3
Parameters: 0.999998 -0.000343292 -0.00155562 0.000336707 0.999992 -0.00404253 0.00155737 0.00404247 0.99999 0.0870946 0.330357 0.324434
FixedParameters: 0 0 0

#Transform 108
Transform: AffineTransform_float_3_3
Parameters: 0.999999 -0.000118217 -0.00102152 0.000113785 0.999992 -0.00412712 0.00102148 0.00412688 0.999991 0.0783185 0.38556 0.314592
FixedParameters: 0 0 0

#Transform 109
Transform: AffineTransform_float_3_3
Parameters: 0.999999 -0.000118321 -0.00142265 0.000113678 0.999996 -0.00303717 0.00142335 0.00303684 0.999995 0.0778043 0.33724 0.382872
FixedParameters: 0 0 0

#Transform 110
Transform: AffineTransform_float_3_3
Parameters: 0.999998 -0.000638472 -0.00190017 0.000632528 0.999995 -0.00287921 0.00190183 0.00287779 0.999994 0.0815932 0.305909 0.396357
FixedParameters: 0 0 0

#Transform 111
Transform: AffineTransform_float_3_3
Parameters: 0.999999 -0.000451709 -0.00142652 0.000447292 0.999994 -0.00329964 0.00142748 0.00329936 0.999993 0.0959888 0.341629 0.279806
FixedParameters: 0 0 0

#Transform 112
Transform: AffineTransform_float_3_3
Parameters: 0.999999 -0.000390798 -0.00123612 0.000388203 0.999998 -0.00226248 0.00123688 0.00226252 0.999996 0.0819436 0.318851 0.380198
FixedParameters: 0 0 0

#Transform 113
Transform: AffineTransform_float_3_3
Parameters: 0.999998 -0.000637062 -0.00179456 0.00063294 0.999997 -0.00226314 0.00179544 0.00226186 0.999996 0.0633511 0.335472 0.428815
FixedParameters: 0 0 0

#Transform 114
Transform: AffineTransform_float_3_3
Parameters: 0.999996 -0.00143359 -0.00211931 0.00143741 0.999997 0.00160696 0.00211669 -0.00161004 0.999997 0.0604448 0.347699 0.581355
FixedParameters: 0 0 0

#Transform 115
Transform: AffineTransform_float_3_3
Parameters: 0.999994 -0.000848705 -0.00356983 0.0008853 0.999948 0.0101789 0.00356117 -0.0101811 0.999942 -0.00317369 0.509385 0.960365
FixedParameters: 0 0 0

#Transform 116
Transform: AffineTransform_float_3_3
Parameters: 0.999991 -0.001024 -0.00393625 0.00106999 0.999931 0.0117009 0.00392374 -0.0117051 0.999924 0.0101357 0.683394 1.17129
FixedParameters: 0 0 0

#Transform 117
Transform: AffineTransform_float_3_3
Parameters: 0.999992 -0.00116215 -0.00368276 0.00121385 0.999899 0.0141086 0.00366623 -0.0141134 0.999893 0.0460217 0.704171 1.35603
FixedParameters: 0 0 0

#Transform 118
Transform: AffineTransform_float_3_3
Parameters: 0.999991 -0.000713809 -0.00400955 0.000755195 0.999947 0.0102811 0.00400245 -0.0102839 0.999939 0.0291909 0.675407 1.21287
FixedParameters: 0 0 0

#Transform 119
Transform: AffineTransform_float_3_3
Parameters: 0.999994 -0.000457038 -0.00328598 0.000478962 0.999979 0.00638146 0.00328301 -0.00638253 0.999974 0.0674762 0.595625 0.962196
FixedParameters: 0 0 0

#Transform 120
Transform: AffineTransform_float_3_3
Parameters: 0.999994 -0.000453764 -0.00339233 0.000478235 0.999975 0.00714742 0.00338867 -0.00714858 0.999968 0.0554772 0.576315 1.19908
FixedParameters: 0 0 0

#Transform 121
Transform: AffineTransform_float_3_3
Parameters: 0.999993 -0.000592533 -0.00387698 0.000618467 0.999978 0.00657065 0.00387302 -0.00657335 0.999971 0.0518486 0.655673 1.16541
FixedParameters: 0 0 0

#Transform 122
Transform: AffineTransform_float_3_3
Parameters: 0.999993 -0.00085667 -0.00377149 0.000889329 0.999963 0.00857971 0.00376351 -0.00858229 0.999956 0.0591851 0.652857 1.10614
FixedParameters: 0 0 0

#Transform 123
Transform: AffineTransform_float_3_3
Parameters: 0.999993 -0.00085888 -0.00377099 0.000889123 0.999967 0.0079937 0.00376401 -0.00799629 0.999961 0.0489239 0.599366 1.11242
FixedParameters: 0 0 0

#Transform 124
Transform: AffineTransform_float_3_3
Parameters: 0.999993 -0.00133329 -0.00353037 0.00136272 0.999963 0.00842725 0.00351964 -0.00843175 0.999959 0.0483496 0.68258 1.07571
FixedParameters: 0 0 0

#Transform 125
Transform: AffineTransform_float_3_3
Parameters: 0.999991 -0.00115696 -0.00402513 0.00119504 0.999954 0.00946227 0.00401387 -0.00946672 0.999947 0.0393722 0.603766 1.13844
FixedParameters: 0 0 0

#Transform 126
Transform: AffineTransform_float_3_3
Parameters: 0.999993 -0.000968261 -0.00377229 0.000999738 0.999964 0.00842129 0.00376371 -0.0084247 0.999957 0.0404436 0.63322 0.945392
FixedParameters: 0 0 0

#Transform 127
Transform: AffineTransform_float_3_3
Parameters: 0.999993 -0.000914839 -0.00367043 0.000948158 0.999958 0.00904358 0.00366157 -0.00904641 0.999953 0.0508987 0.5538 1.04428
FixedParameters: 0 0 0

#Transform 128
Transform: AffineTransform_float_3_3
Parameters: 0.999994 -0.0011603 -0.00345911 0.00118971 0.999963 0.00859795 0.0034489 -0.00860206 0.999957 0.0605243 0.631358 0.977464
FixedParameters: 0 0 0

#Transform 129
Transform: AffineTransform_float_3_3
Parameters: 0.999993 -0.000933558 -0.00377244 0.000967441 0.99996 0.00887342 0.00376357 -0.00887659 0.999954 0.0639485 0.561111 1.05496
FixedParameters: 0 0 0

#Transform 130
Transform: AffineTransform_float_3_3
Parameters: 0.999992 -0.00133137 -0.00383113 0.00136362 0.999965 0.00826384 0.00381986 -0.00826915 0.999958 0.0715432 0.626474 0.949995
FixedParameters: 0 0 0

#Transform 131
Transform: AffineTransform_float_3_3
Parameters: 0.999992 -0.00097147 -0.00381564 0.00100053 0.99997 0.00774524 0.00380836 -0.00774876 0.999962 0.0626785 0.512159 0.973702
FixedParameters: 0 0 0

#Transform 132
Transform: AffineTransform_float_3_3
Parameters: 0.99999 -0.00132798 -0.00424611 0.00136302 0.999965 0.00825529 0.00423489 -0.0082617 0.999957 0.0817923 0.530974 0.954263
FixedParameters: 0 0 0

#Transform 133
Transform: AffineTransform_float_3_3
Parameters: 0.999989 -0.000797712 -0.00461097 0.00083629 0.999964 0.00852524 0.00460404 -0.00852877 0.999953 0.0596601 0.525643 0.974503
FixedParameters: 0 0 0

#Transform 134
Transform: AffineTransform_float_3_3
Parameters: 0.999991 -0.000838755 -0.00419661 0.00087625 0.99996 0.0088814 0.00418938 -0.00888459 0.999952 0.0564127 0.591779 0.988037
FixedParameters: 0 0 0

#Transform 135
Transform: AffineTransform_float_3_3
Parameters: 0.99999 -0.000831851 -0.00423508 0.000871149 0.999954 0.0094874 0.00422692 -0.0094906 0.999946 0.051636 0.622117 1.02731
FixedParameters: 0 0 0

#Transform 136
Transform: AffineTransform_float_3_3
Parameters: 0.99999 -0.000622369 -0.00444902 0.000664631 0.999956 0.00936214 0.00444297 -0.00936486 0.999947 0.0498883 0.586764 1.09084
FixedParameters: 0 0 0

#Transform 137
Transform: AffineTransform_float_3_3
Parameters: 0.99999 -0.00118846 -0.00426621 0.00122754 0.999956 0.00927785 0.00425479 -0.00928315 0.999948 0.0559412 0.688292 0.970881
FixedParameters: 0 0 0

#Transform 138
Transform: AffineTransform_float_3_3
Parameters: 0.999991 -0.000890119 -0.00415485 0.000925883 0.999962 0.00864223 0.00414715 -0.00864577 0.999954 0.04607 0.651981 0.98509
FixedParameters: 0 0 0

#Transform 139
Transform: AffineTransform_float_3_3
Parameters: 0.999991 -0.000889931 -0.00413792 0.000926067 0.999962 0.00872225 0.00413008 -0.00872676 0.999954 0.0400318 0.616237 1.02093
FixedParameters: 0 0 0

#Transform 140
Transform: AffineTransform_float_3_3
Parameters: 0.99999 -0.000954911 -0.00422456 0.000992092 0.999961 0.00878589 0.00421644 -0.00879011 0.999953 0.0373475 0.658354 1.03375
FixedParameters: 0 0 0

#Transform 141
Transform: AffineTransform_float_3_3
Parameters: 0.999991 -0.000886031 -0.00420262 0.000925964 0.999955 0.0095182 0.00419337 -0.0095218 0.999946 0.0437155 0.701751 1.03638
FixedParameters: 0 0 0

#Transform 142
Transform: AffineTransform_float_3_3
Parameters: 0.999987 -0.00087484 -0.0050132 0.000925157 0.999948 0.0102115 0.00500381 -0.0102165 0.999936 0.0993538 0.666721 1.08806
FixedParameters: 0 0 0

#Transform 143
Transform: AffineTransform_float_3_3
Parameters: 0.999986 -0.00117962 -0.00503582 0.00122838 0.999951 0.00981295 0.00502418 -0.00981906 0.999939 0.142749 0.658852 1.0136
FixedParameters: 0 0 0

#Transform 144
Transform: AffineTransform_float_3_3
Parameters: 0.999986 -0.000988288 -0.00523683 0.00103971 0.999953 0.0096897 0.00522717 -0.00969531 0.99994 0.128621 0.616872 0.950611
FixedParameters: 0 0 0

#Transform 145
Transform: AffineTransform_float_3_3
Parameters: 0.999985 -0.000984238 -0.00540725 0.00103976 0.999948 0.0101345 0.00539674 -0.0101395 0.999934 0.130152 0.578553 0.972847
FixedParameters: 0 0 0

#Transform 146
Transform: AffineTransform_float_3_3
Parameters: 0.999987 -0.000994579 -0.00487327 0.00103942 0.999958 0.00912104 0.00486372 -0.00912594 0.999946 0.160222 0.597031 0.854426
FixedParameters: 0 0 0

#Transform 147
Transform: AffineTransform_float_3_3
Parameters: 0.999986 -0.000990941 -0.00533915 0.00103906 0.999959 0.00900559 0.00533086 -0.00901142 0.999945 0.16332 0.518488 0.941501
FixedParameters: 0 0 0

#Transform 148
Transform: AffineTransform_float_3_3
Parameters: 0.999987 -0.00135966 -0.00490451 0.00139734 0.99997 0.00761825 0.00489349 -0.00762475 0.999959 0.195108 0.533666 0.749087
FixedParameters: 0 0 0

#Transform 149
Transform: AffineTransform_float_3_3
Parameters: 0.999987 -0.00154321 -0.00473116 0.00157679 0.999973 0.00714763 0.00471984 -0.00715438 0.999964 0.206704 0.474133 0.749648
FixedParameters: 0 0 0

#Transform 150
Transform: AffineTransform_float_3_3
Parameters: 0.999986 -0.00205549 -0.00483299 0.00209451 0.999965 0.00818399 0.00481601 -0.00819401 0.999955 0.204773 0.492573 0.892734
FixedParameters: 0 0 0

#Transform 151
Transform: AffineTransform_float_3_3
Parameters: 0.99999 -0.00189779 -0.00404084 0.0019272 0.999972 0.00723528 0.00402715 -0.00724371 0.999965 0.229281 0.502613 0.72263
FixedParameters: 0 0 0
