#Insight Transform File V1.0
#Transform 0
Transform: AffineTransform_float_3_3
Parameters: 1 -0.000481046 0.000980978 0.000480955 1 4.64718e-05 -0.000981022 -4.65281e-05 0.999999 -0.0184879 -0.0686752 -0.0396446
FixedParameters: 0 0 0

#Transform 1
Transform: AffineTransform_float_3_3
Parameters: 0.999999 -0.000481113 0.000567904 0.000480887 1 0.000198273 -0.000568095 -0.000198727 1 7.49325e-05 -0.0513114 -0.0198033
FixedParameters: 0 0 0

#Transform 2
Transform: AffineTransform_float_3_3
Parameters: 1 0.000446869 -0.000287204 -0.000447131 1 -0.000455871 0.000286796 0.000456128 1 -0.0199244 -0.0647375 -0.0593237
FixedParameters: 0 0 0

#Transform 3
Transform: AffineTransform_float_3_3
Parameters: 1 -0.000481439 -0.000281251 0.000481562 0.999998 -0.00155713 0.00028175 0.00155786 0.999998 0.00426513 -0.0281255 -0.0713002
FixedParameters: 0 0 0

#Transform 4
Transform: AffineTransform_float_3_3
Parameters: 1 -0.0004811 0.000337857 0.000480899 1 0.000297162 -0.000338143 -0.000296837 1 -0.00297056 -0.0723137 -0.049845
FixedParameters: 0 0 0

#Transform 5
Transform: AffineTransform_float_3_3
Parameters: 0.999999 0.000748992 -9.66735e-06 -0.000749009 1 -0.000890993 9.33263e-06 0.000891007 0.999999 -0.0215423 -0.012018 -0.0257204
FixedParameters: 0 0 0

#Transform 6
Transform: AffineTransform_float_3_3
Parameters: 0.999999 -0.000843893 0.00034626 0.000844106 0.999999 -0.000307708 -0.00034574 0.000308292 1 -0.000393582 -0.0682101 -0.0755829
FixedParameters: 0 0 0

#Transform 7
Transform: AffineTransform_float_3_3
Parameters: 1 -0.00057009 0.000148653 0.00056991 0.999999 0.000608084 -0.000148346 -0.000607915 1 0.00105392 -0.0641759 -0.0715711
FixedParameters: 0 0 0

#Transform 8
Transform: AffineTransform_float_3_3
Parameters: 1 -0.000489867 0.000109598 0.000490134 0.999999 -0.00121995 -0.000109402 0.00122005 0.999999 0.00731134 -0.0596837 -0.0633527
FixedParameters: 0 0 0

#Transform 9
Transform: AffineTransform_float_3_3
Parameters: 1 -0.000227441 -0.000440773 0.000226559 1 -0.000999101 0.000441227 0.000998901 1 0.00148695 -0.0664856 -0.0552268
FixedParameters: 0 0 0

#Transform 10
Transform: AffineTransform_float_3_3
Parameters: 0.999999 -0.000649015 -0.000372974 0.000648985 1 -3.92421e-05 0.000372026 3.97585e-05 1 -0.00635581 -0.0365368 -0.0723188
FixedParameters: 0 0 0

#Transform 11
Transform: AffineTransform_float_3_3
Parameters: 1 -0.000501015 5.58602e-05 0.000500984 1 0.000279028 -5.51398e-05 -0.000278972 1 -0.00500998 -0.0447013 -0.0692523
FixedParameters: 0 0 0

#Transform 12
Transform: AffineTransform_float_3_3
Parameters: 0.999999 -0.0006738 -0.000344391 0.000674199 0.999999 0.000579768 0.000343609 -0.000580231 1 -0.00255419 -0.0191976 -0.0170807
FixedParameters: 0 0 0

#Transform 13
Transform: AffineTransform_float_3_3
Parameters: 1 -0.000119024 -7.99644e-05 0.000118976 1 -0.000299009 8.00356e-05 0.00029899 1 0.0240679 0.0184965 -0.057349
FixedParameters: 0 0 0

#Transform 14
Transform: AffineTransform_float_3_3
Parameters: 0.999999 -0.00071308 -0.000166655 0.000712919 0.999999 -0.000483119 0.000166344 0.000482881 1 -0.00490992 -0.0581828 -0.0604544
FixedParameters: 0 0 0

#Transform 15
Transform: AffineTransform_float_3_3
Parameters: 1 -0.000536051 9.77202e-05 0.000535949 0.999999 0.000522052 -9.72797e-05 -0.000521948 1 -0.00652824 -0.0117066 0.0151902
FixedParameters: 0 0 0

#Transform 16
Transform: AffineTransform_float_3_3
Parameters: 1 0.000482895 -0.000168301 -0.000483104 0.999999 -0.000622918 0.000167699 0.000623081 1 -0.00945667 0.0110351 -0.0208442
FixedParameters: 0 0 0

#Transform 17
Transform: AffineTransform_float_3_3
Parameters: 1 -9.90651e-05 -0.000347981 9.89349e-05 1 -0.000187034 0.000348018 0.000186966 1 0.0145806 0.00108059 -0.0409072
FixedParameters: 0 0 0

#Transform 18
Transform: AffineTransform_float_3_3
Parameters: 1 0.000438057 0.000137819 -0.000437943 1 -0.00041306 -0.000138181 0.000412939 1 -0.00418592 -0.0347401 -0.0486123
FixedParameters: 0 0 0

#Transform 19
Transform: AffineTransform_float_3_3
Parameters: 1 0.000351008 -2.78936e-05 -0.000350992 1 0.00030301 2.71063e-05 -0.00030299 1 -0.00745688 -0.0397794 0.0147969
FixedParameters: 0 0 0

#Transform 20
Transform: AffineTransform_float_3_3
Parameters: 1 0.000101048 0.000106955 -0.000100952 1 -0.000447011 -0.000107045 0.000446989 1 -0.0112564 -0.0418524 -0.0155245
FixedParameters: 0 0 0

#Transform 21
Transform: AffineTransform_float_3_3
Parameters: 1 0.000100912 -0.000181049 -0.000101088 1 -0.000483982 0.000180951 0.000484018 1 0.0244063 -0.0419118 -0.0169684
FixedParameters: 0 0 0

#Transform 22
Transform: AffineTransform_float_3_3
Parameters: 1 -0.000394094 -0.00021683 0.000393906 1 -0.000432085 0.00021717 0.000431914 1 -0.002141 -0.0523991 0.0121924
FixedParameters: 0 0 0

#Transform 23
Transform: AffineTransform_float_3_3
Parameters: 1 -0.000394157 -0.000351824 0.000393843 1 -0.000446138 0.000352176 0.000445861 1 -0.00358399 -0.0210394 0.0292154
FixedParameters: 0 0 0

#Transform 24
Transform: AffineTransform_float_3_3
Parameters: 1 -0.000393671 -0.000352368 0.000394328 0.999999 0.00093386 0.000351632 -0.000934138 0.999999 -0.00934353 -0.047546 0.000758119
FixedParameters: 0 0 0

#Transform 25
Transform: AffineTransform_float_3_3
Parameters: 1 0.000275886 -0.00035209 -0.000276115 1 -0.000325903 0.00035191 0.000325097 1 -0.0134417 -0.0229721 0.0238513
FixedParameters: 0 0 0

#Transform 26
Transform: AffineTransform_float_3_3
Parameters: 1 0.000165286 -0.000351866 -0.000165714 0.999999 0.000812058 0.000352135 -0.000811941 0.999999 -0.0147178 -0.0489284 0.0432935
FixedParameters: 0 0 0

#Transform 27
Transform: AffineTransform_float_3_3
Parameters: 1 0.000493766 -0.000352327 -0.000494233 0.999999 -0.000662826 0.000351672 0.000663173 0.999999 -0.0156546 -0.0139502 0.0873387
FixedParameters: 0 0 0

#Transform 28
Transform: AffineTransform_float_3_3
Parameters: 1 -0.000341886 -0.000403097 0.000342114 1 0.000282862 0.000402903 -0.000283138 1 -0.0160411 -0.054255 0.0511489
FixedParameters: 0 0 0

#Transform 29
Transform: AffineTransform_float_3_3
Parameters: 1 -0.000341699 -0.00060217 0.0003423 1 0.000498794 0.000601829 -0.000499206 0.999999 -0.0035804 0.0150614 0.0734958
FixedParameters: 0 0 0

#Transform 30
Transform: AffineTransform_float_3_3
Parameters: 1 0.000193965 -0.000431016 -0.000194035 1 -8.09164e-05 0.000430984 8.10836e-05 1 -0.0164601 -0.0503724 0.0449088
FixedParameters: 0 0 0

#Transform 31
Transform: AffineTransform_float_3_3
Parameters: 0.999999 0.000574234 -0.000527833 -0.000574765 0.999999 -0.0014507 0.000527166 0.0014513 0.999999 -0.00731797 0.0334624 0.0525752
FixedParameters: 0 0 0

#Transform 32
Transform: AffineTransform_float_3_3
Parameters: 0.999999 0.00025275 -0.000913068 -0.00025325 1 -0.000273769 0.00091293 0.000274231 0.999999 0.00495359 0.0458656 0.0279506
FixedParameters: 0 0 0

#Transform 33
Transform: AffineTransform_float_3_3
Parameters: 1 -1.96465e-05 -0.000437016 1.93535e-05 0.999999 0.000808991 0.000436984 -0.000809008 0.999999 -0.0190282 -0.0450962 0.0712682
FixedParameters: 0 0 0

#Transform 34
Transform: AffineTransform_float_3_3
Parameters: 0.999999 0.000564074 -0.000588887 -0.000564925 0.999998 -0.00157167 0.000588112 0.00157233 0.999998 -0.0150625 0.0418385 0.0537505
FixedParameters: 0 0 0

#Transform 35
Transform: AffineTransform_float_3_3
Parameters: 1 0.0002066 -0.00065281 -0.0002064 0.999999 0.000920135 0.00065219 -0.000919865 1 -0.0277491 -0.0119788 0.083617
FixedParameters: 0 0 0

#Transform 36
Transform: AffineTransform_float_3_3
Parameters: 1 0.000184134 -0.000324924 -0.000183866 1 0.00041306 0.000325076 -0.00041294 1 -0.0116037 0.0493995 0.0855408
FixedParameters: 0 0 0

#Transform 37
Transform: AffineTransform_float_3_3
Parameters: 1 -0.000266768 -0.000653504 0.000268231 0.999998 0.00188583 0.000652495 -0.00188617 0.999998 -0.0131875 -0.0718741 0.0562406
FixedParameters: 0 0 0

#Transform 38
Transform: AffineTransform_float_3_3
Parameters: 1 0.00047586 -0.000457145 -0.00047514 1 -0.000305783 0.000456855 0.000305217 1 -0.0173306 0.0200732 0.0966322
FixedParameters: 0 0 0

#Transform 39
Transform: AffineTransform_float_3_3
Parameters: 1 0.000257284 -0.000254714 -0.000256717 1 0.00111407 0.000254286 -0.00111394 1 -0.0186123 -0.0616518 0.082075
FixedParameters: 0 0 0

#Transform 40
Transform: AffineTransform_float_3_3
Parameters: 1 0.000256969 3.62174e-05 -0.00025703 0.999999 0.00084599 -3.57825e-05 -0.000846009 0.999999 -0.0219289 -0.0425178 0.0698458
FixedParameters: 0 0 0

#Transform 41
Transform: AffineTransform_float_3_3
Parameters: 1 -0.000432263 -4.87196e-05 0.000431741 0.999986 -0.00527702 5.0279e-05 0.00527698 0.999986 -0.00768117 -0.101341 -0.0401832
FixedParameters: 0 0 0

#Transform 42
Transform: AffineTransform_float_3_3
Parameters: 1 -0.000135093 -0.000388622 0.000133909 0.999996 -0.00281005 0.000388378 0.00280995 0.999996 0.0093933 -0.0443258 -0.0471921
FixedParameters: 0 0 0

#Transform 43
Transform: AffineTransform_float_3_3
Parameters: 1 -0.000383835 5.22258e-05 0.000384164 0.999995 -0.00319298 -5.07736e-05 0.00319302 0.999995 0.0229768 -0.0656138 -0.0276213
FixedParameters: 0 0 0

#Transform 44
Transform: AffineTransform_float_3_3
Parameters: 1 -0.000536256 -7.62195e-05 0.000535741 0.999995 -0.00332104 7.87796e-05 0.00332096 0.999995 0.019685 -0.050389 -0.0517131
FixedParameters: 0 0 0

#Transform 45
Transform: AffineTransform_float_3_3
Parameters: 1 -0.000371921 2.32918e-05 0.000372078 0.999994 -0.00347299 -2.17079e-05 0.00347301 0.999994 0.018037 -0.0359706 -0.0621617
FixedParameters: 0 0 0

#Transform 46
Transform: AffineTransform_float_3_3
Parameters: 1 -0.000279816 5.29802e-05 0.000280184 0.999994 -0.00350198 -5.20191e-05 0.00350201 0.999994 0.0147023 -0.0888958 -0.0310198
FixedParameters: 0 0 0

#Transform 47
Transform: AffineTransform_float_3_3
Parameters: 0.999999 -0.000712862 -0.000279813 0.000712137 0.999995 -0.0030702 0.000282188 0.0030698 0.999995 0.0131541 -0.0625339 0.00846875
FixedParameters: 0 0 0

#Transform 48
Transform: AffineTransform_float_3_3
Parameters: 0.999999 -0.000729381 -9.61554e-05 0.00072962 0.999992 -0.00390107 9.8847e-05 0.00390093 0.999993 0.023441 -0.044791 -0.0290192
FixedParameters: 0 0 0

#Transform 49
Transform: AffineTransform_float_3_3
Parameters: 1 -0.000425732 7.45489e-05 0.000426266 0.999994 -0.00363697 -7.24502e-05 0.00363703 0.999994 0.0246238 -0.0560325 -0.0280203
FixedParameters: 0 0 0

#Transform 50
Transform: AffineTransform_float_3_3
Parameters: 1 -1.64867e-05 -0.00039194 1.4513e-05 0.999993 -0.003793 0.000392058 0.00379299 0.999992 0.0144929 -0.0241928 0.0127635
FixedParameters: 0 0 0

#Transform 51
Transform: AffineTransform_float_3_3
Parameters: 0.999999 6.3345e-05 -0.000771222 -6.56541e-05 0.999994 -0.00344295 0.000770778 0.00344305 0.999994 0.0139475 -0.0107664 -0.0482286
FixedParameters: 0 0 0

#Transform 52
Transform: AffineTransform_float_3_3
Parameters: 1 -0.000153678 -0.000179421 0.000152323 0.999993 -0.00377403 0.000179576 0.00377397 0.999993 0.0146562 -0.05001 -0.05567
FixedParameters: 0 0 0

#Transform 53
Transform: AffineTransform_float_3_3
Parameters: 1 -0.000404478 -0.000366374 0.000402519 0.999992 -0.00402615 0.000368623 0.00402585 0.999992 0.00878447 -0.0379142 -0.00460196
FixedParameters: 0 0 0

#Transform 54
Transform: AffineTransform_float_3_3
Parameters: 1 -5.87623e-05 -0.000675766 5.62366e-05 0.999991 -0.00408704 0.000676236 0.00408696 0.999992 0.0138601 -0.0194402 -0.0280608
FixedParameters: 0 0 0

#Transform 55
Transform: AffineTransform_float_3_3
Parameters: 0.999999 0.000455615 -0.000593837 -0.000457386 0.999992 -0.00402273 0.000592165 0.00402227 0.999991 -0.00992142 -0.0428605 -0.0713018
FixedParameters: 0 0 0

#Transform 56
Transform: AffineTransform_float_3_3
Parameters: 1 -6.2856e-05 -0.000215752 6.2147e-05 0.999992 -0.00396501 0.000215248 0.00396499 0.999992 0.0147381 -0.0670099 -0.0229977
FixedParameters: 0 0 0

#Transform 57
Transform: AffineTransform_float_3_3
Parameters: 1 -2.92936e-05 -0.000324886 2.77059e-05 0.999992 -0.00398101 0.000325113 0.00398099 0.999992 0.014676 -0.0670608 -0.0220634
FixedParameters: 0 0 0

#Transform 58
Transform: AffineTransform_float_3_3
Parameters: 1 -3.10511e-05 -0.000678867 2.79482e-05 0.99999 -0.00449402 0.000679132 0.00449398 0.999989 0.0139791 -0.0386514 -0.0500792
FixedParameters: 0 0 0

#Transform 59
Transform: AffineTransform_float_3_3
Parameters: 1 -2.97429e-05 -0.000411878 2.82566e-05 0.999991 -0.00423101 0.000412123 0.00423099 0.999991 0.0145151 -0.0388142 -0.0631493
FixedParameters: 0 0 0

#Transform 60
Transform: AffineTransform_float_3_3
Parameters: 1 -2.88395e-05 -0.0002379 2.81601e-05 0.999994 -0.00352801 0.000238101 0.00352799 0.999993 0.0147943 -0.0406331 -0.021882
FixedParameters: 0 0 0

#Transform 61
Transform: AffineTransform_float_3_3
Parameters: 0.999999 0.00080856 -0.000106399 -0.000808438 0.999991 -0.00420292 0.000102603 0.00420308 0.999991 0.00865224 -0.0399719 -0.0202108
FixedParameters: 0 0 0

#Transform 62
Transform: AffineTransform_float_3_3
Parameters: 1 -0.000313706 -0.00040067 0.000312293 0.999991 -0.00425012 0.000402331 0.00424987 0.999991 0.0139488 -0.0274015 -0.0230186
FixedParameters: 0 0 0

#Transform 63
Transform: AffineTransform_float_3_3
Parameters: 1 6.20831e-05 -0.000254226 -6.2916e-05 0.999993 -0.00360798 0.000253775 0.00360802 0.999994 0.0149346 -0.0459005 -0.019586
FixedParameters: 0 0 0

#Transform 64
Transform: AffineTransform_float_3_3
Parameters: 1 6.18779e-05 -0.000383183 -6.31219e-05 0.999995 -0.00292997 0.000382817 0.00292902 0.999995 0.0146902 -0.0439142 -0.00372901
FixedParameters: 0 0 0

#Transform 65
Transform: AffineTransform_float_3_3
Parameters: 1 6.2085e-05 -0.00030119 -6.29145e-05 0.999996 -0.00303898 0.00030081 0.00303902 0.999996 0.00622008 -0.0166624 -0.045281
FixedParameters: 0 0 0

#Transform 66
Transform: AffineTransform_float_3_3
Parameters: 1 5.51503e-05 -0.000270175 -5.58491e-05 0.999995 -0.00314599 0.000269826 0.00314602 0.999995 0.0149105 -0.0187415 -0.0538632
FixedParameters: 0 0 0

#Transform 67
Transform: AffineTransform_float_3_3
Parameters: 1 0.000587241 -0.000217064 -0.000588758 0.999993 -0.00351287 0.000214933 0.00351213 0.999994 -0.0071571 -0.0304956 -0.0550525
FixedParameters: 0 0 0

#Transform 68
Transform: AffineTransform_float_3_3
Parameters: 1 -0.000259491 -0.000431106 0.000258509 0.999994 -0.00345511 0.000431896 0.00345489 0.999994 0.0140571 -0.01919 -0.00503927
FixedParameters: 0 0 0

#Transform 69
Transform: AffineTransform_float_3_3
Parameters: 1 0.000142863 -0.000525585 -0.000144134 0.999991 -0.00406792 0.000524418 0.00406807 0.999991 0.0298009 -0.00724669 -0.0350536
FixedParameters: 0 0 0

#Transform 70
Transform: AffineTransform_float_3_3
Parameters: 1 -8.48182e-05 -0.000487687 8.31806e-05 0.999993 -0.00372704 0.000488313 0.00372696 0.999993 0.0108189 -0.0358279 -0.0213119
FixedParameters: 0 0 0

#Transform 71
Transform: AffineTransform_float_3_3
Parameters: 1 -7.27623e-05 -0.000257786 7.2237e-05 0.999995 -0.00295602 0.000258215 0.00295598 0.999995 0.0112292 -0.0509483 -0.0137428
FixedParameters: 0 0 0

#Transform 72
Transform: AffineTransform_float_3_3
Parameters: 1 1.87875e-06 -0.000419007 -3.12124e-06 0.999997 -0.002676 0.000418993 0.002676 0.999997 0.0111547 -0.0634501 0.0133714
FixedParameters: 0 0 0

#Transform 73
Transform: AffineTransform_float_3_3
Parameters: 1 -4.1084e-05 -0.00025783 3.99153e-05 0.999991 -0.00420301 0.00025817 0.00420299 0.999991 0.021425 -0.031958 -0.0146094
FixedParameters: 0 0 0

#Transform 74
Transform: AffineTransform_float_3_3
Parameters: 0.999999 0.000207793 -0.000776865 -0.000211208 0.999992 -0.00413084 0.000776134 0.00413117 0.999991 0.011013 -0.0355537 -0.0528658
FixedParameters: 0 0 0

#Transform 75
Transform: AffineTransform_float_3_3
Parameters: 1 0.000333546 -0.00117798 -0.000337453 0.999995 -0.0029326 0.00117702 0.00293339 0.999995 0.0107137 0.00222205 -0.0772657
FixedParameters: 0 0 0

#Transform 76
Transform: AffineTransform_float_3_3
Parameters: 0.999999 2.53542e-05 -0.000745058 -2.76456e-05 0.999997 -0.00220898 0.000744941 0.00220902 0.999998 0.0182596 0.000160299 -0.0578422
FixedParameters: 0 0 0

#Transform 77
Transform: AffineTransform_float_3_3
Parameters: 1 -0.000110161 -0.000504748 0.000108839 0.999998 -0.00229906 0.000505252 0.00229895 0.999997 0.0114185 0.000330761 -0.0635077
FixedParameters: 0 0 0

#Transform 78
Transform: AffineTransform_float_3_3
Parameters: 1 0.000494699 -0.000502284 -0.0004963 0.999997 -0.00259275 0.000500714 0.00259325 0.999996 0.00324888 0.00514048 -0.0445697
FixedParameters: 0 0 0

#Transform 79
Transform: AffineTransform_float_3_3
Parameters: 0.999999 -0.000385609 -0.000801227 0.000384392 0.999998 -0.00200631 0.000801772 0.00200669 0.999997 0.0102536 -0.0160804 -0.0242741
FixedParameters: 0 0 0

#Transform 80
Transform: AffineTransform_float_3_3
Parameters: 0.999999 8.64408e-05 -0.00147127 -9.05581e-05 0.999995 -0.00309887 0.00147073 0.00309913 0.999994 0.0100691 9.23684e-05 -0.0286331
FixedParameters: 0 0 0

#Transform 81
Transform: AffineTransform_float_3_3
Parameters: 1 -0.000229922 -0.000652326 0.000228079 0.999995 -0.00294515 0.000652675 0.00294485 0.999996 0.0109523 -0.000336006 -0.0524536
FixedParameters: 0 0 0

#Transform 82
Transform: AffineTransform_float_3_3
Parameters: 0.999999 -0.000163032 -0.000746559 0.000160967 0.999997 -0.00272112 0.000747441 0.00272088 0.999996 0.0059283 -0.00859478 -0.021973
FixedParameters: 0 0 0

#Transform 83
Transform: AffineTransform_float_3_3
Parameters: 0.999999 -0.000162758 -0.000696591 0.000160243 0.999997 -0.00252311 0.000696406 0.00252289 0.999996 0.0110023 -0.00756803 0.0163661
FixedParameters: 0 0 0

#Transform 84
Transform: AffineTransform_float_3_3
Parameters: 0.999999 -0.000163093 -0.00077056 0.000160908 0.999997 -0.00271613 0.00077044 0.00271588 0.999996 0.0109247 0.013825 -0.0330012
FixedParameters: 0 0 0

#Transform 85
Transform: AffineTransform_float_3_3
Parameters: 1 -3.21219e-05 -0.000957932 2.98779e-05 0.999997 -0.00221503 0.000958069 0.00221497 0.999997 -0.0106132 -0.0250072 -0.0370882
FixedParameters: 0 0 0

#Transform 86
Transform: AffineTransform_float_3_3
Parameters: 1 -0.000238302 -0.00110651 0.000235697 0.999998 -0.00208026 0.00110749 0.00207974 0.999997 -0.00875926 -0.0254559 0.0277849
FixedParameters: 0 0 0

#Transform 87
Transform: AffineTransform_float_3_3
Parameters: 1 0.00068452 -0.000959774 -0.000687481 0.999997 -0.00258634 0.000958226 0.00258666 0.999996 -0.00282823 0.0137932 -0.00761808
FixedParameters: 0 0 0

#Transform 88
Transform: AffineTransform_float_3_3
Parameters: 0.999999 -7.01086e-05 -0.00127083 6.68933e-05 0.999997 -0.00244609 0.00127017 0.00244591 0.999996 0.00222684 0.00550059 -0.0363509
FixedParameters: 0 0 0

#Transform 89
Transform: AffineTransform_float_3_3
Parameters: 1 -5.65119e-05 -0.00102687 5.34902e-05 0.999997 -0.00244606 0.00102613 0.00244594 0.999997 -0.00158071 -0.0331343 -0.0214218
FixedParameters: 0 0 0

#Transform 90
Transform: AffineTransform_float_3_3
Parameters: 1 -4.69931e-06 -0.00107799 1.30067e-06 0.999997 -0.002504 0.00107801 0.002504 0.999997 -0.00181978 -0.00822613 0.00862347
FixedParameters: 0 0 0

#Transform 91
Transform: AffineTransform_float_3_3
Parameters: 0.999999 0.00039455 -0.000767264 -0.000397452 0.999995 -0.00319569 0.000766733 0.0031963 0.999994 0.0121743 0.0149034 -0.0651153
FixedParameters: 0 0 0

#Transform 92
Transform: AffineTransform_float_3_3
Parameters: 1 -0.000203034 -0.0010206 0.000200966 0.999998 -0.00199221 0.0010214 0.00199279 0.999997 0.0105258 -0.0220915 -0.0336043
FixedParameters: 0 0 0

#Transform 93
Transform: AffineTransform_float_3_3
Parameters: 1 0.000204922 -0.00116954 -0.000208076 0.999997 -0.00263176 0.00116846 0.00263224 0.999996 -0.0080757 -0.0202564 -0.00514728
FixedParameters: 0 0 0

#Transform 94
Transform: AffineTransform_float_3_3
Parameters: 0.999999 -7.63074e-05 -0.000730762 7.3695e-05 0.999995 -0.00315705 0.000730236 0.00315694 0.999994 0.0112133 0.00274758 -0.0307928
FixedParameters: 0 0 0

#Transform 95
Transform: AffineTransform_float_3_3
Parameters: 1 -7.70441e-05 -0.00106278 7.39552e-05 0.999996 -0.00286408 0.00106322 0.00286392 0.999996 0.0107242 0.0199264 -0.0415382
FixedParameters: 0 0 0

#Transform 96
Transform: AffineTransform_float_3_3
Parameters: 0.999999 0.00023407 -0.0013695 -0.000236929 0.999997 -0.00213968 0.0013685 0.00214032 0.999997 0.0210465 0.0176099 -0.0279461
FixedParameters: 0 0 0

#Transform 97
Transform: AffineTransform_float_3_3
Parameters: 0.999999 4.06555e-05 -0.00123011 -4.33469e-05 0.999997 -0.00271895 0.00123089 0.00271905 0.999995 0.00743115 0.0155372 -0.00971865
FixedParameters: 0 0 0

#Transform 98
Transform: AffineTransform_float_3_3
Parameters: 0.999999 -1.60355e-05 -0.000918966 1.39644e-05 0.999997 -0.00221501 0.000919033 0.00221499 0.999997 0.00573357 0.0172733 0.0143506
FixedParameters: 0 0 0

#Transform 99
Transform: AffineTransform_float_3_3
Parameters: 0.999999 -0.000403408 -0.000932962 0.000401591 0.999996 -0.00258038 0.000934039 0.00257962 0.999996 0.00858697 0.00496796 -0.0604549
FixedParameters: 0 0 0

#Transform 100
Transform: AffineTransform_float_3_3
Parameters: 0.999999 0.000299845 -0.000806804 -0.000302156 0.999997 -0.00267276 0.000806195 0.00267224 0.999996 0.00608234 -0.00870443 -0.033456
FixedParameters: 0 0 0

#Transform 101
Transform: AffineTransform_float_3_3
Parameters: 1 5.22067e-05 -0.00111513 -5.47929e-05 0.999997 -0.00250494 0.00111487 0.00250506 0.999996 0.0300105 -0.0188934 -0.0094489
FixedParameters: 0 0 0

#Transform 102
Transform: AffineTransform_float_3_3
Parameters: 1 -2.1038e-05 -0.00117894 1.69618e-05 0.999994 -0.00342502 0.00117907 0.00342498 0.999994 0.0297062 0.0110736 0.012446
FixedParameters: 0 0 0

#Transform 103
Transform: AffineTransform_float_3_3
Parameters: 1 7.98706e-05 -0.00117922 -8.31288e-05 0.999997 -0.0026539 0.00117878 0.0026541 0.999996 0.0120223 0.0129713 -0.0535881
FixedParameters: 0 0 0

#Transform 104
Transform: AffineTransform_float_3_3
Parameters: 0.999999 -0.000220192 -0.000941489 0.000217806 0.999998 -0.00232821 0.000942509 0.00232779 0.999997 0.0111288 -0.00271869 0.0114392
FixedParameters: 0 0 0

#Transform 105
Transform: AffineTransform_float_3_3
Parameters: 0.999999 0.000464241 -0.00123342 -0.000468758 0.999995 -0.00304942 0.00123158 0.00304957 0.999994 0.00242252 -0.00491508 0.00948605
FixedParameters: 0 0 0

#Transform 106
Transform: AffineTransform_float_3_3
Parameters: 0.999999 0.00026484 -0.00149174 -0.00026816 0.999996 -0.0027886 0.00149126 0.0027894 0.999995 0.0101861 0.0132275 -0.0513107
FixedParameters: 0 0 0

#Transform 107
Transform: AffineTransform_float_3_3
Parameters: 0.999999 0.000183711 -0.00141057 -0.000187287 0.999996 -0.00304074 0.00140944 0.00304126 0.999995 0.0128038 0.0108904 -0.0235695
FixedParameters: 0 0 0

#Transform 108
Transform: AffineTransform_float_3_3
Parameters: 0.999999 -0.00014007 -0.000979706 0.000137929 0.999998 -0.00211314 0.000980293 0.00211286 0.999998 0.00780676 0.0264205 0.0485611
FixedParameters: 0 0 0

#Transform 109
Transform: AffineTransform_float_3_3
Parameters: 1 0.000252916 -0.0010685 -0.000254085 0.999998 -0.00195073 0.00106851 0.00195127 0.999998 -0.000766604 0.021542 -0.0111458
FixedParameters: 0 0 0

#Transform 110
Transform: AffineTransform_float_3_3
Parameters: 0.999999 -8.05329e-07 -0.000818 -8.05329e-07 0.999997 -0.002207 0.000818 0.002207 0.999997 0.00410433 -0.0261749 0.00017809
FixedParameters: 0 0 0

#Transform 111
Transform: AffineTransform_float_3_3
Parameters: 0.999999 -0.000159492 -0.00185954 0.000153509 0.999995 -0.00295329 0.00185946 0.00295271 0.999994 -0.0156965 -0.0129288 0.00295866
FixedParameters: 0 0 0

#Transform 112
Transform: AffineTransform_float_3_3
Parameters: 1 -0.000288765 -0.00103796 0.000285235 0.999994 -0.0036253 0.00103904 0.0036247 0.999993 0.0171681 0.0215217 -0.00788172
FixedParameters: 0 0 0

#Transform 113
Transform: AffineTransform_float_3_3
Parameters: 0.999999 0.000290611 -0.000880791 -0.000292389 0.999997 -0.00271274 0.00088021 0.00271326 0.999996 0.00591407 0.0454209 -0.0093856
FixedParameters: 0 0 0

#Transform 114
Transform: AffineTransform_float_3_3
Parameters: 0.999999 0.000275762 -0.00124572 -0.000279237 0.999996 -0.00260065 0.00124428 0.00260034 0.999996 0.0075237 0.0294318 0.0245095
FixedParameters: 0 0 0

#Transform 115
Transform: AffineTransform_float_3_3
Parameters: 0.999999 -0.000148521 -0.00124759 0.000144482 0.999996 -0.00282118 0.00124741 0.00282182 0.999995 0.00381429 -0.00210406 -0.0136067
FixedParameters: 0 0 0

#Transform 116
Transform: AffineTransform_float_3_3
Parameters: 0.999998 -0.000233245 -0.00166141 0.000228757 0.999996 -0.00255438 0.00166159 0.00255462 0.999996 -0.00284946 0.00928237 -0.00822306
FixedParameters: 0 0 0

#Transform 117
Transform: AffineTransform_float_3_3
Parameters: 0.999998 -0.00037874 -0.00166115 0.00037426 0.999998 -0.00225163 0.00166185 0.00225037 0.999996 0.00275246 -0.0167841 -0.0446234
FixedParameters: 0 0 0

#Transform 118
Transform: AffineTransform_float_3_3
Parameters: 0.999999 -0.000201193 -0.000834474 0.000198805 0.999996 -0.00262817 0.000835525 0.00262783 0.999996 0.0118536 -0.0223561 0.0423928
FixedParameters: 0 0 0

#Transform 119
Transform: AffineTransform_float_3_3
Parameters: 0.999999 0.000167485 -0.00100659 -0.000171516 0.999994 -0.00349283 0.00100641 0.00349317 0.999994 -0.00242454 0.0127312 -0.0365602
FixedParameters: 0 0 0

#Transform 120
Transform: AffineTransform_float_3_3
Parameters: 0.999999 0.000160535 -0.00123546 -0.000164465 0.999996 -0.0028058 0.00123454 0.0028052 0.999996 -0.00233046 -0.00300241 -0.0287694
FixedParameters: 0 0 0

#Transform 121
Transform: AffineTransform_float_3_3
Parameters: 0.999999 0.000238297 -0.0014766 -0.000242702 0.999997 -0.00250864 0.0014754 0.00250835 0.999996 -0.0130695 -0.021556 0.0370908
FixedParameters: 0 0 0

#Transform 122
Transform: AffineTransform_float_3_3
Parameters: 0.999999 0.00014539 -0.000867441 -0.000148609 0.999996 -0.00300987 0.000866556 0.00301013 0.999995 0.00237227 -0.0227882 0.0396272
FixedParameters: 0 0 0

#Transform 123
Transform: AffineTransform_float_3_3
Parameters: 1 -0.00034136 -0.00114901 0.00033764 0.999995 -0.00292339 0.00114999 0.00292261 0.999995 -0.00499697 -0.00653477 0.0388434
FixedParameters: 0 0 0

#Transform 124
Transform: AffineTransform_float_3_3
Parameters: 1 0.000376709 -0.00112011 -0.00038029 0.999995 -0.00293858 0.00111889 0.00293942 0.999995 0.00311388 0.0168498 0.0107456
FixedParameters: 0 0 0

#Transform 125
Transform: AffineTransform_float_3_3
Parameters: 0.999998 1.20153e-05 -0.00169604 -1.69845e-05 0.999995 -0.00293898 0.00169596 0.00293902 0.999994 -0.00436201 0.0160184 -0.0181129
FixedParameters: 0 0 0

#Transform 126
Transform: AffineTransform_float_3_3
Parameters: 1 -0.000145068 -0.00119363 0.000141933 0.999996 -0.00257017 0.00119337 0.00256983 0.999996 0.00181345 0.00913387 0.0324603
FixedParameters: 0 0 0

#Transform 127
Transform: AffineTransform_float_3_3
Parameters: 0.999999 -0.000172361 -0.000877539 0.000170641 0.999997 -0.00268915 0.000877462 0.00268985 0.999996 0.0123044 0.0119422 -0.00616061
FixedParameters: 0 0 0

#Transform 128
Transform: AffineTransform_float_3_3
Parameters: 1 9.30229e-05 -0.00110725 -9.59764e-05 0.999997 -0.0026889 0.00110675 0.00268911 0.999996 0.0137445 0.0624916 -0.120173
FixedParameters: 0 0 0

#Transform 129
Transform: AffineTransform_float_3_3
Parameters: 1 0.00042595 -0.00098489 -0.000428051 0.999997 -0.00208258 0.000984112 0.00208242 0.999998 -0.000894968 0.015406 -0.0233124
FixedParameters: 0 0 0

#Transform 130
Transform: AffineTransform_float_3_3
Parameters: 0.999999 -7.75814e-05 -0.000769842 7.64182e-05 0.999998 -0.00205406 0.000770158 0.00205394 0.999997 0.0108831 0.0501567 0.0195864
FixedParameters: 0 0 0

#Transform 131
Transform: AffineTransform_float_3_3
Parameters: 0.999999 7.93981e-05 -0.000860244 -8.16011e-05 0.999996 -0.00302493 0.000859757 0.00302507 0.999995 0.0196039 0.0614499 -0.039373
FixedParameters: 0 0 0

#Transform 132
Transform: AffineTransform_float_3_3
Parameters: 0.999999 0.000276684 -0.00169188 -0.000282315 0.999995 -0.00314353 0.00169012 0.00314347 0.999993 0.014226 0.0318343 -0.0413671
FixedParameters: 0 0 0

#Transform 133
Transform: AffineTransform_float_3_3
Parameters: 1 0.000142582 -0.00106333 -0.000145417 0.999998 -0.00227385 0.00106267 0.00227415 0.999997 0.0193131 0.0378659 0.0107662
FixedParameters: 0 0 0

#Transform 134
Transform: AffineTransform_float_3_3
Parameters: 0.999999 5.55506e-05 -0.00130815 -5.8449e-05 0.999997 -0.00263693 0.00130785 0.00263708 0.999995 0.0186734 0.06195 -0.0388019
FixedParameters: 0 0 0

#Transform 135
Transform: AffineTransform_float_3_3
Parameters: 0.999999 5.71213e-05 -0.000936116 -5.88784e-05 0.999998 -0.00200694 0.000935883 0.00200705 0.999997 0.0193415 0.0584699 -0.0390561
FixedParameters: 0 0 0

#Transform 136
Transform: AffineTransform_float_3_3
Parameters: 1 -0.000373511 -0.0011632 0.000370489 0.999997 -0.00215843 0.0011638 0.00215757 0.999997 0.0099788 0.0438027 0.0197267
FixedParameters: 0 0 0

#Transform 137
Transform: AffineTransform_float_3_3
Parameters: 0.999999 -0.000375146 -0.00141891 0.000370854 0.999995 -0.00292053 0.00142009 0.00292047 0.999994 -0.00164168 0.0371996 0.00836537
FixedParameters: 0 0 0

#Transform 138
Transform: AffineTransform_float_3_3
Parameters: 0.999999 0.000326545 -0.00154295 -0.000331453 0.999996 -0.00288849 0.00154105 0.00288851 0.999994 -0.000840127 0.0550222 -0.0263695
FixedParameters: 0 0 0

#Transform 139
Transform: AffineTransform_float_3_3
Parameters: 0.999999 -8.26201e-05 -0.00129384 7.93794e-05 0.999998 -0.0020251 0.00129416 0.00202489 0.999997 -0.0024884 0.03902 -0.00403572
FixedParameters: 0 0 0

#Transform 140
Transform: AffineTransform_float_3_3
Parameters: 0.999999 0.000384168 -0.00125387 -0.000386833 0.999998 -0.00225952 0.00125313 0.00225948 0.999996 -0.00350382 0.0467507 0.0222698
FixedParameters: 0 0 0

#Transform 141
Transform: AffineTransform_float_3_3
Parameters: 0.999999 -6.47024e-05 -0.00157778 5.92982e-05 0.999994 -0.0036131 0.00157822 0.0036139 0.999992 0.0013691 0.0653552 -0.00820671
FixedParameters: 0 0 0

#Transform 142
Transform: AffineTransform_float_3_3
Parameters: 0.999999 -0.000355814 -0.00124463 0.000351184 0.999993 -0.00386644 0.00124637 0.00386556 0.999992 0.010742 0.0440949 0.0140475
FixedParameters: 0 0 0

#Transform 143
Transform: AffineTransform_float_3_3
Parameters: 0.999998 0.00141315 -0.000949255 -0.00141585 0.999995 -0.00300766 0.000945744 0.00300934 0.999995 -0.00304545 0.0221368 -0.00392633
FixedParameters: 0 0 0

#Transform 144
Transform: AffineTransform_float_3_3
Parameters: 0.999998 0.000225438 -0.00162664 -0.000229561 0.999996 -0.00280563 0.00162536 0.00280537 0.999994 0.0181741 0.0193896 0.0398856
FixedParameters: 0 0 0

#Transform 145
Transform: AffineTransform_float_3_3
Parameters: 0.999999 -0.00036369 -0.000775616 0.000364309 0.999999 0.00168972 0.000774385 -0.00169028 0.999999 -0.00421262 0.156164 0.0904735
FixedParameters: 0 0 0

#Transform 146
Transform: AffineTransform_float_3_3
Parameters: 1 6.74408e-05 -0.0011291 -6.95605e-05 0.999999 -0.00138092 0.00112991 0.00138108 0.999999 -0.00907584 0.0710968 0.0343115
FixedParameters: 0 0 0

#Transform 147
Transform: AffineTransform_float_3_3
Parameters: 0.999999 0.000340946 -0.00149693 -0.000345054 0.999997 -0.00270849 0.00149607 0.00270951 0.999995 -0.00452055 0.0090994 0.0519281
FixedParameters: 0 0 0

#Transform 148
Transform: AffineTransform_float_3_3
Parameters: 0.999999 6.20679e-05 -0.00150717 -6.5933e-05 0.999996 -0.0026099 0.00150683 0.0026091 0.999996 0.0181422 0.0579749 0.0239877
FixedParameters: 0 0 0

#Transform 149
Transform: AffineTransform_float_3_3
Parameters: 0.999999 0.000163073 -0.00156931 -0.000165926 0.999998 -0.00186474 0.00156869 0.00186526 0.999997 0.0183846 0.0855068 -0.0043827
FixedParameters: 0 0 0

#Transform 150
Transform: AffineTransform_float_3_3
Parameters: 1 0.000206871 -0.00111321 -0.000208129 1 -0.00101377 0.00111279 0.00101423 0.999999 -0.00792604 0.0499846 0.0888855
FixedParameters: 0 0 0

#Transform 151
Transform: AffineTransform_float_3_3
Parameters: 0.999999 0.000532997 -0.00120089 -0.000535003 0.999998 -0.00166836 0.00120011 0.00166864 0.999998 -0.00113266 0.073281 0.0657225
FixedParameters: 0 0 0
