#Insight Transform File V1.0
#Transform 0
Transform: AffineTransform_float_3_3
Parameters: 1 0.000470784 0.000493517 -0.000471128 0.999999 0.00132577 -0.000493302 -0.00132623 0.999999 -0.0224523 -0.0282423 -0.0610023
FixedParameters: 0 0 0

#Transform 1
Transform: AffineTransform_float_3_3
Parameters: 1 0.000319771 -0.000347673 -0.000319371 0.999998 0.00200811 0.000348991 -0.00200789 0.999998 -0.0116325 -0.0319083 -0.055536
FixedParameters: 0 0 0

#Transform 2
Transform: AffineTransform_float_3_3
Parameters: 1 0.000430295 0.000427063 -0.00043093 0.999998 0.00187382 -0.000426483 -0.00187418 0.999998 0.00109737 -0.0203915 -0.0460906
FixedParameters: 0 0 0

#Transform 3
Transform: AffineTransform_float_3_3
Parameters: 1 0.000445318 0.000426537 -0.000445889 0.999999 0.00180181 -0.000425966 -0.00180119 0.999999 0.00136129 -0.00706729 -0.0633643
FixedParameters: 0 0 0

#Transform 4
Transform: AffineTransform_float_3_3
Parameters: 1 0.00021344 0.000434195 -0.000214013 0.999999 0.00181191 -0.000433456 -0.00181209 0.999999 -0.00836962 -0.028555 -0.0559809
FixedParameters: 0 0 0

#Transform 5
Transform: AffineTransform_float_3_3
Parameters: 1 -2.19442e-05 -0.000601603 2.29529e-05 0.999998 0.00166902 0.000601563 -0.00166898 0.999999 0.0254493 -0.0066357 -0.0357174
FixedParameters: 0 0 0

#Transform 6
Transform: AffineTransform_float_3_3
Parameters: 1 -7.65855e-05 -4.64829e-05 7.67338e-05 0.999998 0.0016 4.62376e-05 -0.0016 0.999998 0.0163788 -0.024288 -0.0573973
FixedParameters: 0 0 0

#Transform 7
Transform: AffineTransform_float_3_3
Parameters: 1 7.50556e-08 6.20322e-05 -2.42542e-07 0.999999 0.00135 -6.20318e-05 -0.00135 0.999999 0.0161221 -0.0207327 -0.0463372
FixedParameters: 0 0 0

#Transform 8
Transform: AffineTransform_float_3_3
Parameters: 1 6.26832e-05 4.78729e-05 -6.27228e-05 1 0.000413997 -4.7821e-05 -0.000414003 1 0.0174392 -0.0420725 -0.0403393
FixedParameters: 0 0 0

#Transform 9
Transform: AffineTransform_float_3_3
Parameters: 1 4.22119e-06 0.000182962 -4.51795e-06 0.999999 0.000810999 -0.000182955 -0.000811 0.999999 0.0144558 -0.0319153 -0.0566783
FixedParameters: 0 0 0

#Transform 10
Transform: AffineTransform_float_3_3
Parameters: 1 2.56087e-06 0.000135991 -2.90709e-06 0.999999 0.001273 -0.000135984 -0.001273 0.999999 0.0177248 -0.0388181 -0.0669531
FixedParameters: 0 0 0

#Transform 11
Transform: AffineTransform_float_3_3
Parameters: 1 -0.000107268 -6.43629e-05 0.000107338 1 0.000540993 6.42468e-05 -0.000541007 1 0.0161349 -0.0123185 -0.0443126
FixedParameters: 0 0 0

#Transform 12
Transform: AffineTransform_float_3_3
Parameters: 1 -2.4413e-05 0.000136898 2.40863e-05 1 0.001193 -0.000136956 -0.001193 1 0.0146553 -0.0198756 -0.0254599
FixedParameters: 0 0 0

#Transform 13
Transform: AffineTransform_float_3_3
Parameters: 1 -4.40468e-06 0.000136226 4.11887e-06 1 0.001049 -0.000136235 -0.001049 1 0.0149736 -0.016768 -0.0291254
FixedParameters: 0 0 0

#Transform 14
Transform: AffineTransform_float_3_3
Parameters: 1 -2.93294e-05 0.000137083 2.91638e-05 1 0.000604004 -0.000137118 -0.000603996 1 0.014495 0.00115731 -0.0342217
FixedParameters: 0 0 0

#Transform 15
Transform: AffineTransform_float_3_3
Parameters: 1 -0.000100262 0.000666817 9.94444e-05 1 0.000613066 -0.000666939 -0.000612933 0.999999 0.00554007 -0.0293807 -0.0788205
FixedParameters: 0 0 0

#Transform 16
Transform: AffineTransform_float_3_3
Parameters: 1 -6.10544e-05 0.000474326 6.10006e-05 1 0.00111003 -0.000474497 -0.00110997 1 0.00907893 0.00812613 -0.0714118
FixedParameters: 0 0 0

#Transform 17
Transform: AffineTransform_float_3_3
Parameters: 1 -3.52571e-05 0.000137306 3.52289e-05 1 0.000103005 -0.000137313 -0.000102995 1 0.0271832 -0.0408762 -0.0213893
FixedParameters: 0 0 0

#Transform 18
Transform: AffineTransform_float_3_3
Parameters: 1 0.000110235 -0.000335102 -0.000110579 1 -0.000512963 0.000334988 0.000513037 1 0.0239753 0.0327831 -0.000776434
FixedParameters: 0 0 0

#Transform 19
Transform: AffineTransform_float_3_3
Parameters: 1 -0.000289054 0.000541546 0.000288616 1 -0.000517844 -0.000541212 0.000518156 0.999999 -0.00105448 -0.0197437 -0.00698103
FixedParameters: 0 0 0

#Transform 20
Transform: AffineTransform_float_3_3
Parameters: 1 -0.000548236 8.90933e-05 0.000548224 1 7.10488e-05 -8.91712e-05 -7.09511e-05 1 -0.0129563 -0.00193583 0.0192411
FixedParameters: 0 0 0

#Transform 21
Transform: AffineTransform_float_3_3
Parameters: 1 -0.000134806 0.000210778 0.000134684 1 0.000289028 -0.000210856 -0.000288972 1 -0.0337826 -0.0526617 -0.0382883
FixedParameters: 0 0 0

#Transform 22
Transform: AffineTransform_float_3_3
Parameters: 1 -0.000102227 0.000250758 0.000102448 1 -0.000439974 -0.000250668 0.000440026 1 -0.0208397 -0.0256297 -0.00277975
FixedParameters: 0 0 0

#Transform 23
Transform: AffineTransform_float_3_3
Parameters: 0.999999 0.000490924 0.000559116 -0.000490595 1 -0.000294274 -0.000559404 0.000293725 1 0.0100331 0.00912452 -0.0106439
FixedParameters: 0 0 0

#Transform 24
Transform: AffineTransform_float_3_3
Parameters: 1 0.000264752 0.000446018 -0.000264614 1 -0.000155118 -0.0004461 0.000154882 1 -0.00611376 0.0130266 -0.0489063
FixedParameters: 0 0 0

#Transform 25
Transform: AffineTransform_float_3_3
Parameters: 0.999999 0.000524697 0.000723031 -0.000524271 1 -0.000294379 -0.00072334 0.00029362 0.999999 0.00205193 0.014472 -0.0283917
FixedParameters: 0 0 0

#Transform 26
Transform: AffineTransform_float_3_3
Parameters: 1 0.000262673 0.000385019 -0.000262447 1 -0.000294101 -0.000385173 0.000293899 1 -0.00141715 -0.00944646 -0.0454495
FixedParameters: 0 0 0

#Transform 27
Transform: AffineTransform_float_3_3
Parameters: 0.999999 0.000275318 0.000736693 -0.000274301 0.999999 -0.000690168 -0.000737073 0.000689832 1 -0.00074344 0.0153916 -0.0348197
FixedParameters: 0 0 0

#Transform 28
Transform: AffineTransform_float_3_3
Parameters: 0.999999 0.000276851 0.000769542 -0.000276031 1 -0.00116021 -0.000769149 0.00115979 0.999999 -0.0080138 0.00331887 -0.0279629
FixedParameters: 0 0 0

#Transform 29
Transform: AffineTransform_float_3_3
Parameters: 1 0.000139966 0.00022422 -0.000139812 1 -0.000342031 -0.000224316 0.000341969 1 0.0162744 -0.0363457 -0.0173722
FixedParameters: 0 0 0

#Transform 30
Transform: AffineTransform_float_3_3
Parameters: 1 0.000506863 0.000211027 -0.000506437 1 -0.000926109 -0.000210966 0.000926893 1 0.0227756 0.0222738 -0.000520751
FixedParameters: 0 0 0

#Transform 31
Transform: AffineTransform_float_3_3
Parameters: 0.999999 0.000120629 0.000713136 -0.000119159 1 -0.00103009 -0.000713383 0.00103091 0.999999 0.00543464 0.02523 -0.0142571
FixedParameters: 0 0 0

#Transform 32
Transform: AffineTransform_float_3_3
Parameters: 0.999999 0.000261647 0.000661123 -0.000261695 0.999999 -0.000719173 -0.000661465 0.000718827 0.999999 0.0119218 -0.00786829 -0.0184239
FixedParameters: 0 0 0

#Transform 33
Transform: AffineTransform_float_3_3
Parameters: 1 0.000152757 0.000664986 -0.000152718 0.999999 -0.000781067 -0.00066519 0.000780933 1 0.0100115 -0.0053795 0.01287
FixedParameters: 0 0 0

#Transform 34
Transform: AffineTransform_float_3_3
Parameters: 1 1.05247e-05 0.000670043 -1.01227e-05 1 -0.000300007 -0.000670049 0.000299993 0.999999 0.0146987 0.0295085 0.0054995
FixedParameters: 0 0 0

#Transform 35
Transform: AffineTransform_float_3_3
Parameters: 0.999999 0.000751391 0.00011164 -0.000751308 0.999999 -0.000374084 -0.000112202 0.000373916 1 0.0253152 0.030133 -0.023206
FixedParameters: 0 0 0

#Transform 36
Transform: AffineTransform_float_3_3
Parameters: 0.999999 0.000267255 0.000867248 -0.000267427 1 9.87681e-05 -0.000867195 -9.92318e-05 0.999999 0.00898497 0.00146603 -0.00954805
FixedParameters: 0 0 0

#Transform 37
Transform: AffineTransform_float_3_3
Parameters: 0.999999 0.000384274 0.000597849 -0.000383811 1 -0.000387229 -0.000598146 0.00038677 0.999999 0.0178957 0.034068 -0.00230545
FixedParameters: 0 0 0

#Transform 38
Transform: AffineTransform_float_3_3
Parameters: 0.999999 0.000384902 0.000607668 -0.000384878 0.999999 -0.000841199 -0.000608281 0.000840801 1 0.0148498 0.0513714 -0.00115681
FixedParameters: 0 0 0

#Transform 39
Transform: AffineTransform_float_3_3
Parameters: 0.999999 0.000385193 0.000605438 -0.000384414 0.999999 -0.00144023 -0.000605512 0.00143977 0.999999 0.031292 0.0588586 0.0132798
FixedParameters: 0 0 0

#Transform 40
Transform: AffineTransform_float_3_3
Parameters: 0.999999 0.000272911 0.000856761 -0.000272034 1 -0.00107523 -0.000856312 0.00107477 0.999999 0.0256557 0.0183609 0.00243024
FixedParameters: 0 0 0

#Transform 41
Transform: AffineTransform_float_3_3
Parameters: 1 0.000324246 0.00102192 -0.000322268 0.999999 -0.0014403 -0.00102182 0.0014397 0.999999 0.0241663 0.0240424 0.0230734
FixedParameters: 0 0 0

#Transform 42
Transform: AffineTransform_float_3_3
Parameters: 1 0.00040042 0.00101908 -0.000399001 0.999998 -0.00166037 -0.00101934 0.00165963 0.999998 0.0255433 0.0269009 0.0275504
FixedParameters: 0 0 0

#Transform 43
Transform: AffineTransform_float_3_3
Parameters: 1 0.000262106 0.00102421 -0.000260485 0.999999 -0.00126227 -0.00102384 0.00126273 0.999998 0.0230777 0.0310273 0.02452
FixedParameters: 0 0 0

#Transform 44
Transform: AffineTransform_float_3_3
Parameters: 0.999999 0.000248073 0.000912647 -0.000247767 0.999999 -0.00126223 -0.000913204 0.00126277 0.999999 0.0244097 0.0655759 0.0140918
FixedParameters: 0 0 0

#Transform 45
Transform: AffineTransform_float_3_3
Parameters: 1 -0.00027621 0.00106453 0.000277053 0.999999 -0.000865669 -0.00106402 0.00086533 0.999999 0.0132315 0.0290896 0.0175538
FixedParameters: 0 0 0

#Transform 46
Transform: AffineTransform_float_3_3
Parameters: 1 -0.000276432 0.00104368 0.000278258 0.999999 -0.00136971 -0.00104389 0.00137029 0.999998 0.00466954 0.0444376 0.0342106
FixedParameters: 0 0 0

#Transform 47
Transform: AffineTransform_float_3_3
Parameters: 1 -0.000292838 0.00104414 0.000293833 1 -0.000971693 -0.00104454 0.000971308 0.999999 -0.00788608 0.0152714 0.0223599
FixedParameters: 0 0 0

#Transform 48
Transform: AffineTransform_float_3_3
Parameters: 1 -0.00055905 0.00105402 0.000560296 0.999998 -0.00155538 -0.00105321 0.00155662 0.999998 -0.0421823 0.0102427 -0.00308626
FixedParameters: 0 0 0

#Transform 49
Transform: AffineTransform_float_3_3
Parameters: 1 0.000176299 0.00102729 -0.000175427 0.999999 -0.00139718 -0.00102771 0.00139682 0.999998 -0.00860392 0.0188213 0.0203491
FixedParameters: 0 0 0

#Transform 50
Transform: AffineTransform_float_3_3
Parameters: 1 -5.93357e-05 0.00103585 6.0618e-05 0.999998 -0.0015999 -0.00103658 0.0016001 0.999998 -0.00573799 0.00964272 0.0322272
FixedParameters: 0 0 0

#Transform 51
Transform: AffineTransform_float_3_3
Parameters: 1 0.000260883 0.00102409 -0.000258742 0.999998 -0.00202023 -0.00102507 0.00202077 0.999998 0.0175956 0.0619504 0.0566419
FixedParameters: 0 0 0

#Transform 52
Transform: AffineTransform_float_3_3
Parameters: 0.999999 0.000806959 0.00100439 -0.000804968 0.999998 -0.00147077 -0.00100573 0.00146922 0.999999 0.00956578 0.0202532 0.0364061
FixedParameters: 0 0 0

#Transform 53
Transform: AffineTransform_float_3_3
Parameters: 1 0.000372092 0.000956075 -0.000370907 0.999998 -0.00164632 -0.000956229 0.00164668 0.999998 -0.00383488 0.0271071 0.0220506
FixedParameters: 0 0 0

#Transform 54
Transform: AffineTransform_float_3_3
Parameters: 1 0.000374044 0.00102017 -0.000372444 0.999999 -0.00127338 -0.00102109 0.00127362 0.999998 -0.000821478 0.0118312 0.0370592
FixedParameters: 0 0 0

#Transform 55
Transform: AffineTransform_float_3_3
Parameters: 0.999999 0.000370962 0.000927122 -0.000370017 0.999998 -0.00156931 -0.000927216 0.00156869 0.999999 0.0196843 0.0385227 0.046572
FixedParameters: 0 0 0

#Transform 56
Transform: AffineTransform_float_3_3
Parameters: 1 0.000374363 0.00102005 -0.000373124 0.999998 -0.00158635 -0.00102117 0.00158665 0.999998 0.0171861 0.0508967 0.0498284
FixedParameters: 0 0 0

#Transform 57
Transform: AffineTransform_float_3_3
Parameters: 1 0.000374155 0.00102013 -0.000373331 0.999999 -0.00138338 -0.00102109 0.00138262 0.999998 0.00195505 0.0369916 0.0479781
FixedParameters: 0 0 0

#Transform 58
Transform: AffineTransform_float_3_3
Parameters: 0.999999 0.00026178 0.000671864 -0.000260296 0.999999 -0.00182218 -0.000671781 0.00182183 0.999998 0.00512898 0.0286203 0.0596343
FixedParameters: 0 0 0

#Transform 59
Transform: AffineTransform_float_3_3
Parameters: 0.999999 0.000367424 0.000831206 -0.000365876 0.999999 -0.0015113 -0.00083128 0.00151169 0.999998 0.00460256 0.0164062 0.0729052
FixedParameters: 0 0 0

#Transform 60
Transform: AffineTransform_float_3_3
Parameters: 0.999999 0.000368782 0.000862087 -0.000367674 0.999999 -0.00178132 -0.00086233 0.00178168 0.999998 0.00417483 0.0573786 0.0676606
FixedParameters: 0 0 0

#Transform 61
Transform: AffineTransform_float_3_3
Parameters: 0.999999 0.000390885 0.00062935 -0.00039042 0.999999 -0.00116325 -0.000630224 0.00116275 0.999999 0.0143845 0.011344 0.0760972
FixedParameters: 0 0 0

#Transform 62
Transform: AffineTransform_float_3_3
Parameters: 0.999999 0.000408394 0.000766534 -0.000406468 0.999998 -0.00188531 -0.000767036 0.00188469 0.999998 0.0177591 0.0644031 0.0864563
FixedParameters: 0 0 0

#Transform 63
Transform: AffineTransform_float_3_3
Parameters: 0.999999 0.000483136 0.00051675 -0.000482432 0.999998 -0.00161425 -0.000517274 0.00161375 0.999998 0.0286121 0.0634945 0.0828458
FixedParameters: 0 0 0

#Transform 64
Transform: AffineTransform_float_3_3
Parameters: 1 0.000210379 0.000526667 -0.000208522 0.999998 -0.00173108 -0.000526392 0.00173092 0.999999 0.0112962 0.0779405 0.113282
FixedParameters: 0 0 0

#Transform 65
Transform: AffineTransform_float_3_3
Parameters: 1 6.94277e-05 0.000531823 -6.76776e-05 0.999998 -0.00164503 -0.000532048 0.00164496 0.999998 0.0213139 0.052087 0.0878112
FixedParameters: 0 0 0

#Transform 66
Transform: AffineTransform_float_3_3
Parameters: 0.999999 0.000226296 0.000964393 -0.000224122 0.999998 -0.00164518 -0.000965099 0.00164482 0.999998 0.0175716 0.0497658 0.0724993
FixedParameters: 0 0 0

#Transform 67
Transform: AffineTransform_float_3_3
Parameters: 0.999999 0.000222782 0.000880564 -0.00022179 1 -0.0011302 -0.000881031 0.0011298 0.999999 0.0187798 0.0504173 0.0680815
FixedParameters: 0 0 0

#Transform 68
Transform: AffineTransform_float_3_3
Parameters: 0.999999 0.000223003 0.000876474 -0.000221257 0.999999 -0.00154716 -0.000876127 0.00154684 0.999999 0.018861 0.0640943 0.0602992
FixedParameters: 0 0 0

#Transform 69
Transform: AffineTransform_float_3_3
Parameters: 0.999999 0.000226827 0.000988456 -0.000225262 0.999999 -0.00129722 -0.000989007 0.00129678 0.999998 0.0172513 0.0689764 0.0778584
FixedParameters: 0 0 0

#Transform 70
Transform: AffineTransform_float_3_3
Parameters: 1 0.000231486 0.00109925 -0.000229329 0.999998 -0.00188925 -0.00110005 0.00188974 0.999997 0.0158362 0.169254 0.10371
FixedParameters: 0 0 0

#Transform 71
Transform: AffineTransform_float_3_3
Parameters: 1 -0.00027855 0.000494248 0.000279405 0.999999 -0.000864861 -0.000493766 0.000865137 0.999999 0.0440711 0.0157822 0.0548933
FixedParameters: 0 0 0

#Transform 72
Transform: AffineTransform_float_3_3
Parameters: 0.999999 -0.000268179 0.000785061 0.000269521 0.999999 -0.000854754 -0.000784601 0.000855245 1 0.0304836 0.0962546 0.0505859
FixedParameters: 0 0 0

#Transform 73
Transform: AffineTransform_float_3_3
Parameters: 0.999999 -1.33032e-05 0.000891038 1.46985e-05 0.999999 -0.000782952 -0.000891016 0.000783047 1 0.0427904 0.0869144 0.0272643
FixedParameters: 0 0 0

#Transform 74
Transform: AffineTransform_float_3_3
Parameters: 0.999999 -0.000267036 0.000827907 0.000267673 1 -0.000384777 -0.000827702 0.000384222 0.999999 0.0555808 0.0680961 0.0430141
FixedParameters: 0 0 0

#Transform 75
Transform: AffineTransform_float_3_3
Parameters: 1 -3.54064e-05 0.00107996 3.64761e-05 0.999999 -0.000957926 -0.00107985 0.000958073 0.999999 0.0397375 0.112505 0.0479001
FixedParameters: 0 0 0

#Transform 76
Transform: AffineTransform_float_3_3
Parameters: 0.999999 -0.000262526 0.00093604 0.000263633 1 -0.00114375 -0.000936403 0.00114325 0.999999 0.0378207 0.111873 0.0627599
FixedParameters: 0 0 0

#Transform 77
Transform: AffineTransform_float_3_3
Parameters: 0.999999 -0.000269236 0.000763965 0.000269927 1 -0.000451794 -0.000763722 0.000452206 0.999999 0.0303006 0.0699932 0.0699825
FixedParameters: 0 0 0

#Transform 78
Transform: AffineTransform_float_3_3
Parameters: 0.999999 -0.000105722 0.000804393 0.000106435 0.999998 -0.00168588 -0.000803965 0.00168612 0.999999 0.0222242 0.0873633 0.0880158
FixedParameters: 0 0 0

#Transform 79
Transform: AffineTransform_float_3_3
Parameters: 1 -0.000540854 0.000980819 0.000543598 0.999997 -0.00243747 -0.000979106 0.00243753 0.999996 0.0325723 0.10061 0.103093
FixedParameters: 0 0 0

#Transform 80
Transform: AffineTransform_float_3_3
Parameters: 1 -0.000561488 0.00102937 0.000563597 0.999998 -0.00201339 -0.00102803 0.00201362 0.999998 0.0315643 0.042434 0.0854911
FixedParameters: 0 0 0

#Transform 81
Transform: AffineTransform_float_3_3
Parameters: 0.999998 -0.000678074 0.00147844 0.000679878 0.999999 -0.00129796 -0.00147761 0.00129904 0.999998 0.0227844 0.0653214 0.0750412
FixedParameters: 0 0 0

#Transform 82
Transform: AffineTransform_float_3_3
Parameters: 0.999998 -0.00167523 -0.000313528 0.00167465 0.999999 -0.000820596 0.000314276 0.000819405 0.999999 -0.0568658 0.252291 -0.0919573
FixedParameters: 0 0 0

#Transform 83
Transform: AffineTransform_float_3_3
Parameters: 0.999999 -0.000828878 -0.000524279 0.000828627 0.999999 -0.000239434 0.000524675 0.000238565 1 -0.0607114 -0.0189905 -0.0558364
FixedParameters: 0 0 0

#Transform 84
Transform: AffineTransform_float_3_3
Parameters: 1 -0.000369342 0.000141786 0.000369226 1 0.000408052 -0.000142088 -0.000407947 1 -0.0407552 0.0386073 -0.0358841
FixedParameters: 0 0 0

#Transform 85
Transform: AffineTransform_float_3_3
Parameters: 1 -0.000248674 0.000417865 0.000248541 1 0.000159104 -0.000417944 -0.000158896 1 -0.079116 0.0673397 -0.0600351
FixedParameters: 0 0 0

#Transform 86
Transform: AffineTransform_float_3_3
Parameters: 1 -0.000130769 -0.000110695 0.000130081 0.999999 0.00140799 0.000110363 -0.00140801 0.999999 -0.0566273 0.0935749 -0.150813
FixedParameters: 0 0 0

#Transform 87
Transform: AffineTransform_float_3_3
Parameters: 1 0.000147244 0.000124134 -0.000147561 0.999999 0.00128198 -0.000123756 -0.00128202 0.999999 -0.0480433 0.0941556 -0.14865
FixedParameters: 0 0 0

#Transform 88
Transform: AffineTransform_float_3_3
Parameters: 1 0.000125045 0.000290884 -0.000125347 1 0.000519963 -0.000290754 -0.000520036 1 -0.0344556 0.105908 -0.124678
FixedParameters: 0 0 0

#Transform 89
Transform: AffineTransform_float_3_3
Parameters: 1 0.00027197 0.000551036 -0.000272699 0.999999 0.000660849 -0.000550676 -0.000661149 0.999999 -0.00512644 0.0447693 -0.0758835
FixedParameters: 0 0 0

#Transform 90
Transform: AffineTransform_float_3_3
Parameters: 1 0.000170617 0.00066337 -0.000170766 1 -0.000641113 -0.000663554 0.000640887 0.999999 -0.00854533 0.0635217 -0.0780897
FixedParameters: 0 0 0

#Transform 91
Transform: AffineTransform_float_3_3
Parameters: 0.999999 0.000192817 0.00122904 -0.000192957 1 5.67977e-05 -0.00122902 -5.72023e-05 0.999999 -0.025887 0.0698566 -0.0151129
FixedParameters: 0 0 0

#Transform 92
Transform: AffineTransform_float_3_3
Parameters: 0.999999 7.37141e-05 0.00139025 -7.31381e-05 0.999999 -0.000926067 -0.00139032 0.000925932 0.999998 -0.0208994 0.113666 -0.0198239
FixedParameters: 0 0 0

#Transform 93
Transform: AffineTransform_float_3_3
Parameters: 0.999999 -0.000210568 0.00145058 0.000212719 0.999999 -0.00144266 -0.0014509 0.00144234 0.999998 -0.0141028 0.0785487 -0.0278209
FixedParameters: 0 0 0

#Transform 94
Transform: AffineTransform_float_3_3
Parameters: 0.999998 -0.00020502 0.00159354 0.000207348 0.999998 -0.0016716 -0.00159274 0.0016714 0.999998 -0.0116539 0.0629513 -0.0228038
FixedParameters: 0 0 0

#Transform 95
Transform: AffineTransform_float_3_3
Parameters: 0.999999 -0.000213272 0.00135378 0.000215765 0.999998 -0.00204067 -0.0013538 0.00204133 0.999997 -0.00825274 0.0682686 -0.0200397
FixedParameters: 0 0 0

#Transform 96
Transform: AffineTransform_float_3_3
Parameters: 0.999999 -0.000206229 0.00154465 0.000209514 0.999998 -0.00204464 -0.00154469 0.00204536 0.999996 -0.0109252 0.069339 0.0100064
FixedParameters: 0 0 0

#Transform 97
Transform: AffineTransform_float_3_3
Parameters: 0.999999 -0.00021025 0.00146256 0.000212234 0.999999 -0.00136166 -0.00146191 0.00136234 0.999998 0.00913676 0.0801474 0.0228225
FixedParameters: 0 0 0

#Transform 98
Transform: AffineTransform_float_3_3
Parameters: 0.999998 0.000195601 0.00190701 -0.000191388 0.999997 -0.00267634 -0.00190784 0.00267567 0.999994 -0.0142822 0.0781901 -0.0119099
FixedParameters: 0 0 0

#Transform 99
Transform: AffineTransform_float_3_3
Parameters: 0.999997 -0.000184438 0.0021482 0.000188301 0.999999 -0.00182953 -0.00214738 0.00183047 0.999996 -0.00286536 0.0657318 -0.00349036
FixedParameters: 0 0 0

#Transform 100
Transform: AffineTransform_float_3_3
Parameters: 0.999998 -0.000205331 0.00157758 0.000208149 0.999999 -0.00184364 -0.00157672 0.00184436 0.999997 0.00528946 0.0738697 -0.0170305
FixedParameters: 0 0 0

#Transform 101
Transform: AffineTransform_float_3_3
Parameters: 0.999998 -0.000205331 0.00157758 0.000208149 0.999999 -0.00184364 -0.00157672 0.00184436 0.999997 -0.00754004 0.0755772 -0.0272582
FixedParameters: 0 0 0

#Transform 102
Transform: AffineTransform_float_3_3
Parameters: 0.999998 -0.0002013 0.00168751 0.000204524 0.999999 -0.00184362 -0.00168666 0.00184438 0.999997 -0.0129853 0.0839056 -0.00491757
FixedParameters: 0 0 0

#Transform 103
Transform: AffineTransform_float_3_3
Parameters: 0.999993 -0.000760083 0.00384445 0.00075828 0.999999 0.000370166 -0.00384405 -0.000367832 0.999992 -0.0133504 0.0799762 -0.0468671
FixedParameters: 0 0 0

#Transform 104
Transform: AffineTransform_float_3_3
Parameters: 0.999995 -0.000478136 0.002909 0.000487016 0.999996 -0.00274045 -0.00290811 0.00274154 0.999992 0.0122433 0.00790767 0.0043251
FixedParameters: 0 0 0

#Transform 105
Transform: AffineTransform_float_3_3
Parameters: 0.999996 -0.000568445 0.00275419 0.000571569 0.999999 -0.00111732 -0.00275381 0.00111868 0.999995 0.0129491 0.0417101 -0.0262492
FixedParameters: 0 0 0

#Transform 106
Transform: AffineTransform_float_3_3
Parameters: 0.999996 -0.000633162 0.00275659 0.000636772 0.999999 -0.00120411 -0.00275595 0.00120589 0.999996 0.0316174 0.0677123 -0.0278788
FixedParameters: 0 0 0

#Transform 107
Transform: AffineTransform_float_3_3
Parameters: 0.999996 -0.000819156 0.0027036 0.000823732 0.999999 -0.00159167 -0.00270185 0.00159333 0.999995 0.0268173 0.0886631 -0.0446253
FixedParameters: 0 0 0

#Transform 108
Transform: AffineTransform_float_3_3
Parameters: 0.999995 -0.000973588 0.00276937 0.000977898 0.999998 -0.00169219 -0.00276789 0.00169481 0.999995 0.012557 0.0738811 0.00194548
FixedParameters: 0 0 0

#Transform 109
Transform: AffineTransform_float_3_3
Parameters: 0.999996 -0.000673277 0.00275827 0.000677606 0.999998 -0.001515 -0.00275708 0.001517 0.999995 0.0286582 0.0673153 -0.000622204
FixedParameters: 0 0 0

#Transform 110
Transform: AffineTransform_float_3_3
Parameters: 0.999996 -0.000554866 0.00275408 0.000560163 0.999999 -0.00169336 -0.00275305 0.00169464 0.999995 0.0170469 0.0914845 0.0275011
FixedParameters: 0 0 0

#Transform 111
Transform: AffineTransform_float_3_3
Parameters: 0.999996 -0.000551436 0.00284802 0.000556051 0.999999 -0.00169332 -0.00284697 0.00169468 0.999994 0.0225457 0.0914677 0.0269192
FixedParameters: 0 0 0

#Transform 112
Transform: AffineTransform_float_3_3
Parameters: 0.999996 -0.000674788 0.00275846 0.000680097 0.999999 -0.00169302 -0.00275703 0.00169398 0.999995 0.0170407 0.0700453 0.00791353
FixedParameters: 0 0 0

#Transform 113
Transform: AffineTransform_float_3_3
Parameters: 0.999998 -0.00059966 0.00220871 0.000604374 0.999998 -0.0022136 -0.00220787 0.0022154 0.999995 0.0106601 0.0471543 -0.00179135
FixedParameters: 0 0 0

#Transform 114
Transform: AffineTransform_float_3_3
Parameters: 0.999996 -0.000347714 0.00274657 0.000352566 0.999999 -0.00179893 -0.00274613 0.00180007 0.999994 0.00407408 0.0621527 -0.0190346
FixedParameters: 0 0 0

#Transform 115
Transform: AffineTransform_float_3_3
Parameters: 0.999996 -0.000659366 0.00275829 0.000665501 0.999998 -0.00221107 -0.00275715 0.00221293 0.999994 0.00666906 0.0476672 0.00515724
FixedParameters: 0 0 0

#Transform 116
Transform: AffineTransform_float_3_3
Parameters: 0.999997 -0.000461212 0.00233512 0.000463866 0.999999 -0.00120985 -0.0023339 0.00121115 0.999996 0.00208126 0.0570853 -0.0244341
FixedParameters: 0 0 0

#Transform 117
Transform: AffineTransform_float_3_3
Parameters: 0.999996 -0.000449402 0.00258382 0.000452315 0.999999 -0.00114973 -0.00258368 0.00115127 0.999996 0.0143013 0.0730596 0.0154905
FixedParameters: 0 0 0

#Transform 118
Transform: AffineTransform_float_3_3
Parameters: 0.999995 -0.000700579 0.00307605 0.000707262 0.999997 -0.00222869 -0.00307367 0.00223131 0.999993 0.0034046 0.141307 0.064429
FixedParameters: 0 0 0

#Transform 119
Transform: AffineTransform_float_3_3
Parameters: 0.999997 -0.00150189 0.00228111 0.00151653 0.999977 -0.00658553 -0.00227069 0.00658947 0.999976 -0.041566 -0.0374386 0.277693
FixedParameters: 0 0 0

#Transform 120
Transform: AffineTransform_float_3_3
Parameters: 0.999995 -0.00171823 0.00241417 0.00172192 0.999997 -0.00161281 -0.00241147 0.00161619 0.999996 -0.0256207 0.0303876 0.150555
FixedParameters: 0 0 0

#Transform 121
Transform: AffineTransform_float_3_3
Parameters: 0.999995 -0.00171549 0.00241708 0.00172152 0.999994 -0.00273081 -0.00241244 0.00273519 0.999993 -0.0291243 0.0796407 0.154224
FixedParameters: 0 0 0

#Transform 122
Transform: AffineTransform_float_3_3
Parameters: 0.999995 -0.00196821 0.00241733 0.00197202 0.999996 -0.0016422 -0.00241471 0.0016468 0.999996 -0.00845392 0.0315644 0.134002
FixedParameters: 0 0 0

#Transform 123
Transform: AffineTransform_float_3_3
Parameters: 0.999996 -0.00172089 0.00234316 0.0017242 0.999997 -0.00158093 -0.00234057 0.00158507 0.999996 -0.00318577 0.0493045 0.117545
FixedParameters: 0 0 0

#Transform 124
Transform: AffineTransform_float_3_3
Parameters: 0.999993 -0.00194436 0.00316079 0.00194605 0.999998 -0.000584741 -0.00315943 0.000591259 0.999995 -0.0268044 0.0677703 0.066792
FixedParameters: 0 0 0

#Transform 125
Transform: AffineTransform_float_3_3
Parameters: 0.999994 -0.00141838 0.00314426 0.0014246 0.999997 -0.00195739 -0.00314148 0.00196161 0.999993 -0.0333905 0.136429 0.088104
FixedParameters: 0 0 0

#Transform 126
Transform: AffineTransform_float_3_3
Parameters: 0.999994 -0.00101598 0.00312934 0.00102152 0.999997 -0.00185267 -0.00312735 0.00185533 0.999993 -0.00264103 0.0578214 0.111086
FixedParameters: 0 0 0

#Transform 127
Transform: AffineTransform_float_3_3
Parameters: 0.999996 -0.00116742 0.00279176 0.00117075 0.999998 -0.00113663 -0.00278999 0.00114037 0.999995 0.00221777 0.0447658 0.102268
FixedParameters: 0 0 0

#Transform 128
Transform: AffineTransform_float_3_3
Parameters: 0.999995 -0.00102807 0.00280351 0.00103312 0.999998 -0.001804 -0.00280161 0.00180699 0.999994 0.00193229 0.0967866 0.117501
FixedParameters: 0 0 0

#Transform 129
Transform: AffineTransform_float_3_3
Parameters: 0.999994 -0.00112915 0.00331701 0.00113643 0.999997 -0.00216607 -0.00331485 0.00216994 0.999992 -0.0321478 0.068698 0.102541
FixedParameters: 0 0 0

#Transform 130
Transform: AffineTransform_float_3_3
Parameters: 0.999995 -0.00102639 0.00278441 0.00103316 0.999996 -0.00267003 -0.00278163 0.00267297 0.999992 -0.0140665 0.0564204 0.137105
FixedParameters: 0 0 0

#Transform 131
Transform: AffineTransform_float_3_3
Parameters: 0.999996 -0.00111632 0.00281535 0.00112321 0.999996 -0.00230074 -0.00281199 0.00230426 0.999993 -0.0190535 0.0689672 0.129126
FixedParameters: 0 0 0

#Transform 132
Transform: AffineTransform_float_3_3
Parameters: 0.999996 -0.00125053 0.00278139 0.00125548 0.999998 -0.00162141 -0.00277919 0.00162459 0.999995 -0.0207906 0.0740367 0.130873
FixedParameters: 0 0 0

#Transform 133
Transform: AffineTransform_float_3_3
Parameters: 0.999995 -0.00128802 0.00286701 0.00129509 0.999996 -0.00247719 -0.00286436 0.00248081 0.999993 -0.0180554 0.108184 0.12684
FixedParameters: 0 0 0

#Transform 134
Transform: AffineTransform_float_3_3
Parameters: 0.999995 -0.00128743 0.00286727 0.00129568 0.999996 -0.00268219 -0.00286409 0.00268581 0.999993 -0.0215647 0.0501512 0.118664
FixedParameters: 0 0 0

#Transform 135
Transform: AffineTransform_float_3_3
Parameters: 0.999995 -0.00129085 0.00286573 0.00129533 0.999998 -0.00148919 -0.00286374 0.00149281 0.999995 -0.023973 0.081265 0.110268
FixedParameters: 0 0 0

#Transform 136
Transform: AffineTransform_float_3_3
Parameters: 0.999995 -0.00129037 0.00286595 0.00129481 0.999997 -0.00165719 -0.00286348 0.00166081 0.999994 -0.0153187 0.0592036 0.114019
FixedParameters: 0 0 0

#Transform 137
Transform: AffineTransform_float_3_3
Parameters: 0.999995 -0.00128586 0.00286652 0.00129229 0.999996 -0.0021852 -0.00286367 0.0021888 0.999993 -0.0305619 0.0838329 0.0895559
FixedParameters: 0 0 0

#Transform 138
Transform: AffineTransform_float_3_3
Parameters: 0.999995 -0.00140383 0.0026134 0.00140908 0.999997 -0.00197925 -0.00261065 0.00198275 0.999994 -0.0497904 0.0631591 0.0826708
FixedParameters: 0 0 0

#Transform 139
Transform: AffineTransform_float_3_3
Parameters: 0.999994 -0.00138904 0.00311834 0.00139165 0.999998 -0.000741519 -0.0031172 0.000745479 0.999995 -0.0359968 0.0645308 0.0631191
FixedParameters: 0 0 0

#Transform 140
Transform: AffineTransform_float_3_3
Parameters: 0.999994 -0.00139399 0.00294012 0.00139812 0.999998 -0.00122279 -0.0029386 0.00122621 0.999995 -0.0382961 0.102487 0.0947567
FixedParameters: 0 0 0

#Transform 141
Transform: AffineTransform_float_3_3
Parameters: 0.999994 -0.00190456 0.00288655 0.00190688 0.999998 -0.000757423 -0.00288558 0.000762577 0.999995 -0.0400768 0.0601477 0.0776152
FixedParameters: 0 0 0

#Transform 142
Transform: AffineTransform_float_3_3
Parameters: 0.999994 -0.00166799 0.00301121 0.00167051 0.999998 -0.000754864 -0.00300961 0.000760135 0.999996 -0.0333476 0.108766 0.0890032
FixedParameters: 0 0 0

#Transform 143
Transform: AffineTransform_float_3_3
Parameters: 0.999994 -0.00157723 0.00290907 0.00158435 0.999995 -0.0026273 -0.00290548 0.00263171 0.999993 -0.0410366 0.108815 0.104147
FixedParameters: 0 0 0

#Transform 144
Transform: AffineTransform_float_3_3
Parameters: 0.999992 -0.00219857 0.00334297 0.00220252 0.999997 -0.00104653 -0.00334024 0.00105347 0.999994 -0.0483168 0.089444 0.0992191
FixedParameters: 0 0 0

#Transform 145
Transform: AffineTransform_float_3_3
Parameters: 0.999992 -0.00196648 0.00333417 0.00196989 0.999997 -0.00081929 -0.00333286 0.000825708 0.999994 -0.0493911 0.0999698 0.0956773
FixedParameters: 0 0 0

#Transform 146
Transform: AffineTransform_float_3_3
Parameters: 0.999992 -0.00219798 0.00334335 0.00220207 0.999996 -0.00122153 -0.00334082 0.00122947 0.999994 -0.0384399 0.0933103 0.13973
FixedParameters: 0 0 0

#Transform 147
Transform: AffineTransform_float_3_3
Parameters: 0.999992 -0.00219633 0.00334444 0.00220169 0.999996 -0.00171654 -0.00334066 0.00172347 0.999993 -0.0302882 0.0694733 0.137062
FixedParameters: 0 0 0

#Transform 148
Transform: AffineTransform_float_3_3
Parameters: 0.999992 -0.00175849 0.00364154 0.00176633 0.999996 -0.0021914 -0.00363753 0.0021986 0.999991 -0.0382874 0.0733637 0.113757
FixedParameters: 0 0 0

#Transform 149
Transform: AffineTransform_float_3_3
Parameters: 0.999992 -0.00194063 0.00333563 0.0019477 0.999996 -0.00197641 -0.00333172 0.00198359 0.999992 -0.0425718 0.0756672 0.108171
FixedParameters: 0 0 0

#Transform 150
Transform: AffineTransform_float_3_3
Parameters: 0.999993 -0.00198236 0.00333669 0.00198892 0.999997 -0.00175026 -0.00333355 0.00175674 0.999993 -0.0295486 0.067756 0.100112
FixedParameters: 0 0 0

#Transform 151
Transform: AffineTransform_float_3_3
Parameters: 0.999991 -0.00164697 0.00408814 0.00165665 0.999996 -0.00242203 -0.00408378 0.00242897 0.999989 -0.0395897 0.0989975 0.0944824
FixedParameters: 0 0 0
