# transform file /out/sourcedata/freesurfer/sub-v2s3x28793_ses-1/mri/transforms/cc_up.lta
# created by oesteban on Fri Mar 13 01:31:10 2026

type      = 0 # LINEAR_VOX_TO_VOX
nxforms   = 1
mean      = 128.0000 113.0000 105.0000
sigma     = 10000.0000
1 4 4
9.889544844627380e-01 -8.754085004329681e-02 1.196068748831749e-01 -8.322071433067322e-01 
8.690755069255829e-02 9.961609840393066e-01 1.051083859056234e-02 2.030847930908203e+01 
-1.200678199529648e-01 -9.313226856377810e-10 9.927657246589661e-01 3.587467193603516e+01 
0.000000000000000e+00 0.000000000000000e+00 0.000000000000000e+00 1.000000000000000e+00 
src volume info
valid = 1  # volume info valid
filename = /out/sourcedata/freesurfer/sub-v2s3x28793_ses-1/mri/norm.mgz
volume = 256 256 256
voxelsize = 1.000000000000000e+00 1.000000000000000e+00 1.000000000000000e+00
xras   = -1.000000000000000e+00 0.000000000000000e+00 0.000000000000000e+00
yras   = 0.000000000000000e+00 0.000000000000000e+00 -1.000000000000000e+00
zras   = 0.000000000000000e+00 1.000000000000000e+00 0.000000000000000e+00
cras   = 2.721794128417969e+00 4.058361816406250e+01 5.812255859375000e+00
dst volume info
valid = 1  # volume info valid
filename = /out/sourcedata/freesurfer/sub-v2s3x28793_ses-1/mri/norm.mgz
volume = 256 256 256
voxelsize = 1.000000000000000e+00 1.000000000000000e+00 1.000000000000000e+00
xras   = -1.000000000000000e+00 0.000000000000000e+00 0.000000000000000e+00
yras   = 0.000000000000000e+00 0.000000000000000e+00 -1.000000000000000e+00
zras   = 0.000000000000000e+00 1.000000000000000e+00 0.000000000000000e+00
cras   = 2.721794128417969e+00 4.058361816406250e+01 5.812255859375000e+00
