# transform file /out/sourcedata/freesurfer/sub-v2s3x28841_ses-1/mri/transforms/cc_up.lta
# created by oesteban on Fri Mar 13 05:02:49 2026

type      = 0 # LINEAR_VOX_TO_VOX
nxforms   = 1
mean      = 128.0000 141.0000 104.0000
sigma     = 10000.0000
1 4 4
9.977099299430847e-01 -2.685964293777943e-02 6.207621842622757e-02 -2.832196235656738e+00 
2.680780366063118e-02 9.996392130851746e-01 1.667946809902787e-03 4.398721158504486e-01 
-6.209862232208252e-02 0.000000000000000e+00 9.980700016021729e-01 3.214934158325195e+01 
0.000000000000000e+00 0.000000000000000e+00 0.000000000000000e+00 1.000000000000000e+00 
src volume info
valid = 1  # volume info valid
filename = /out/sourcedata/freesurfer/sub-v2s3x28841_ses-1/mri/norm.mgz
volume = 256 256 256
voxelsize = 1.000000000000000e+00 1.000000000000000e+00 1.000000000000000e+00
xras   = -1.000000000000000e+00 0.000000000000000e+00 0.000000000000000e+00
yras   = 0.000000000000000e+00 0.000000000000000e+00 -1.000000000000000e+00
zras   = 0.000000000000000e+00 1.000000000000000e+00 0.000000000000000e+00
cras   = 1.006128692626953e+01 5.102545166015625e+01 -7.502899169921875e+00
dst volume info
valid = 1  # volume info valid
filename = /out/sourcedata/freesurfer/sub-v2s3x28841_ses-1/mri/norm.mgz
volume = 256 256 256
voxelsize = 1.000000000000000e+00 1.000000000000000e+00 1.000000000000000e+00
xras   = -1.000000000000000e+00 0.000000000000000e+00 0.000000000000000e+00
yras   = 0.000000000000000e+00 0.000000000000000e+00 -1.000000000000000e+00
zras   = 0.000000000000000e+00 1.000000000000000e+00 0.000000000000000e+00
cras   = 1.006128692626953e+01 5.102545166015625e+01 -7.502899169921875e+00
