#Insight Transform File V1.0
#Transform 0
Transform: AffineTransform_float_3_3
Parameters: 0.999999 -0.00124302 4.60657e-06 0.00124298 0.999996 0.00273001 -8.39337e-06 -0.00272999 0.999997 -0.0198412 -0.0315744 -0.0533214
FixedParameters: 0 0 0

#Transform 1
Transform: AffineTransform_float_3_3
Parameters: 0.999998 -0.000978347 -0.00160301 0.000979654 0.999999 0.00103143 0.00160199 -0.00103257 0.999998 -0.0326788 -0.0610108 -0.0864137
FixedParameters: 0 0 0

#Transform 2
Transform: AffineTransform_float_3_3
Parameters: 0.999998 -0.000988886 -0.00162068 0.000990114 1 0.000686397 0.00162032 -0.000688604 0.999999 -0.0326806 -0.0577598 -0.0964915
FixedParameters: 0 0 0

#Transform 3
Transform: AffineTransform_float_3_3
Parameters: 0.999998 -0.000912 -0.00148261 0.000913 1 0.000674647 0.00148138 -0.000675352 0.999998 -0.0224801 -0.0627752 -0.0948741
FixedParameters: 0 0 0

#Transform 4
Transform: AffineTransform_float_3_3
Parameters: 0.999998 -0.00060346 -0.00150622 0.00060354 1 0.000358091 0.00150578 -0.000358909 0.999999 -0.0263074 -0.0659897 -0.0871931
FixedParameters: 0 0 0

#Transform 5
Transform: AffineTransform_float_3_3
Parameters: 0.999999 -0.000531337 -0.00115985 0.000531662 1 -0.000291617 0.00116016 0.000290384 1 -0.0187979 -0.060716 -0.068853
FixedParameters: 0 0 0

#Transform 6
Transform: AffineTransform_float_3_3
Parameters: 1 -0.000827041 -0.00085196 0.000827959 0.999999 -4.87054e-05 0.00085204 4.82953e-05 0.999999 -0.00947315 -0.0784342 -0.0751144
FixedParameters: 0 0 0

#Transform 7
Transform: AffineTransform_float_3_3
Parameters: 0.999998 -0.00065107 -0.00144797 0.00065093 1 -4.89426e-05 0.00144803 4.80573e-05 0.999999 -0.0211405 -0.0735215 -0.0992028
FixedParameters: 0 0 0

#Transform 8
Transform: AffineTransform_float_3_3
Parameters: 0.999999 -0.000630497 -0.00118173 0.000630502 0.999999 -0.000421745 0.00118127 0.000420256 0.999999 -0.00155039 -0.0716532 -0.0837311
FixedParameters: 0 0 0

#Transform 9
Transform: AffineTransform_float_3_3
Parameters: 1 -0.000620813 -0.000980855 0.000619187 0.999998 -0.00184761 0.000982145 0.00184639 0.999998 -0.00595455 -0.0883352 -0.10568
FixedParameters: 0 0 0

#Transform 10
Transform: AffineTransform_float_3_3
Parameters: 0.999999 -0.000428896 -0.00117231 0.000427106 0.999999 -0.0016165 0.00117269 0.0016165 0.999998 -0.00427728 -0.0721544 -0.0860344
FixedParameters: 0 0 0

#Transform 11
Transform: AffineTransform_float_3_3
Parameters: 1 -0.000780879 -0.000836181 0.000780123 0.999999 -0.00104965 0.00083682 0.00104935 0.999999 -0.00191531 -0.0460725 -0.0743841
FixedParameters: 0 0 0

#Transform 12
Transform: AffineTransform_float_3_3
Parameters: 1 0.000468007 3.10892e-06 -0.000467993 0.999998 -0.001904 -3.89107e-06 0.001904 0.999998 -0.0305318 -0.0480984 -0.0685071
FixedParameters: 0 0 0

#Transform 13
Transform: AffineTransform_float_3_3
Parameters: 0.999999 5.12391e-05 -0.000791984 -5.07608e-05 1 0.00030204 0.000792015 -0.000301959 0.999999 -0.0186346 0.0492538 -0.00548963
FixedParameters: 0 0 0

#Transform 14
Transform: AffineTransform_float_3_3
Parameters: 1 0.000428998 -2.90347e-05 -0.000429002 1 -8.09875e-05 2.89652e-05 8.10124e-05 1 -0.0100624 0.0104005 -0.0206264
FixedParameters: 0 0 0

#Transform 15
Transform: AffineTransform_float_3_3
Parameters: 0.999999 0.000228273 0.000758917 -0.000228727 1 -0.000360174 -0.000759082 0.000359827 0.999999 -0.00906713 -0.0331682 -0.0284146
FixedParameters: 0 0 0

#Transform 16
Transform: AffineTransform_float_3_3
Parameters: 0.999999 -0.000653926 -0.00134855 0.000653075 1 -0.000686882 0.00134845 0.000686119 0.999999 0.001018 -0.0303426 -0.060185
FixedParameters: 0 0 0

#Transform 17
Transform: AffineTransform_float_3_3
Parameters: 1 -0.00039698 -0.00110265 0.00039602 0.999999 -0.000889437 0.00110235 0.000888563 0.999999 -0.000222037 -0.0975451 -0.0669405
FixedParameters: 0 0 0

#Transform 18
Transform: AffineTransform_float_3_3
Parameters: 0.999999 -0.000623191 -0.00116737 0.00062181 1 -0.00101973 0.00116763 0.00101927 0.999999 -0.00571132 -0.112279 -0.0499537
FixedParameters: 0 0 0

#Transform 19
Transform: AffineTransform_float_3_3
Parameters: 0.999999 -0.000517424 -0.00116693 0.000515575 0.999997 -0.0020776 0.00116807 0.0020764 0.999997 0.0119298 -0.0360804 -0.0575332
FixedParameters: 0 0 0

#Transform 20
Transform: AffineTransform_float_3_3
Parameters: 1 -6.90043e-05 6.29953e-05 6.89957e-05 1 6.80043e-05 -6.30047e-05 -6.79957e-05 1 0.00651308 -0.0288604 0.00930405
FixedParameters: 0 0 0

#Transform 21
Transform: AffineTransform_float_3_3
Parameters: 1 0.000474773 -0.000455237 -0.000475227 1 -0.000498784 0.000454763 0.000499216 1 0.00287232 0.0343293 0.00766244
FixedParameters: 0 0 0

#Transform 22
Transform: AffineTransform_float_3_3
Parameters: 1 4.48937e-05 -0.000213022 -4.51063e-05 1 -0.00049899 0.000212977 0.000499009 1 0.00518576 0.0495945 -0.0705421
FixedParameters: 0 0 0

#Transform 23
Transform: AffineTransform_float_3_3
Parameters: 1 0.000496953 -6.13831e-05 -0.000497047 0.999999 -0.000770969 6.06168e-05 0.00077103 0.999999 0.000612821 0.0296005 -0.0755591
FixedParameters: 0 0 0

#Transform 24
Transform: AffineTransform_float_3_3
Parameters: 1 0.000138047 5.388e-05 -0.000137953 0.999999 -0.000869007 -5.41199e-05 0.000868992 0.999999 0.024617 0.0486758 -0.0496695
FixedParameters: 0 0 0

#Transform 25
Transform: AffineTransform_float_3_3
Parameters: 1 0.000162023 4.69191e-05 -0.000161977 1 -0.000499007 -4.70808e-05 0.000498992 1 0.0125448 0.0500972 -0.0484956
FixedParameters: 0 0 0

#Transform 26
Transform: AffineTransform_float_3_3
Parameters: 0.999999 -0.000379126 -0.000858503 0.000377872 0.999999 -0.00131232 0.000859496 0.00131167 0.999999 0.00768068 -0.0252357 -0.115419
FixedParameters: 0 0 0

#Transform 27
Transform: AffineTransform_float_3_3
Parameters: 1 -0.000373336 -0.00111322 0.000370664 0.999997 -0.00209841 0.00111378 0.00209759 0.999997 0.00799546 -0.0218112 -0.133178
FixedParameters: 0 0 0

#Transform 28
Transform: AffineTransform_float_3_3
Parameters: 0.999999 -0.000255961 -0.00122959 0.000254038 0.999998 -0.00159531 0.00123041 0.00159469 0.999998 0.00811857 -0.0440116 -0.117791
FixedParameters: 0 0 0

#Transform 29
Transform: AffineTransform_float_3_3
Parameters: 1 -0.000254887 -0.000515563 0.000254113 0.999999 -0.00171913 0.000516438 0.00171887 0.999999 0.0158926 -0.0318544 -0.115266
FixedParameters: 0 0 0

#Transform 30
Transform: AffineTransform_float_3_3
Parameters: 1 0.000139046 5.18764e-05 -0.000138954 0.999999 -0.000889007 -5.21235e-05 0.000888992 0.999999 0.0132062 0.00883984 -0.0879353
FixedParameters: 0 0 0

#Transform 31
Transform: AffineTransform_float_3_3
Parameters: 1 2.17596e-05 -0.000253021 -2.22403e-05 0.999999 -0.000949994 0.000252979 0.000950006 1 0.0144561 0.0248795 -0.0892643
FixedParameters: 0 0 0

#Transform 32
Transform: AffineTransform_float_3_3
Parameters: 1 8.39266e-05 -8.30742e-05 -8.40733e-05 0.999999 -0.000883992 8.29257e-05 0.000884006 0.999999 0.0126135 0.0374871 -0.0884123
FixedParameters: 0 0 0

#Transform 33
Transform: AffineTransform_float_3_3
Parameters: 1 8.3723e-05 -0.000382061 -8.32769e-05 0.999999 -0.000724968 0.00038194 0.000725032 0.999999 0.0112544 0.0380671 -0.0765526
FixedParameters: 0 0 0

#Transform 34
Transform: AffineTransform_float_3_3
Parameters: 1 8.38185e-05 -0.00038204 -8.41814e-05 1 -0.000474968 0.00038196 0.000475032 1 0.00822264 0.0603498 -0.0852527
FixedParameters: 0 0 0

#Transform 35
Transform: AffineTransform_float_3_3
Parameters: 1 8.34481e-05 -0.000650071 -8.35518e-05 0.999999 -0.000848946 0.000649929 0.000849054 1 0.00366362 0.0459769 -0.0903902
FixedParameters: 0 0 0

#Transform 36
Transform: AffineTransform_float_3_3
Parameters: 1 0.000465867 -0.00017735 -0.000466133 0.999999 -0.000750917 0.00017665 0.000751082 0.999999 0.00983272 0.0329978 -0.0697225
FixedParameters: 0 0 0

#Transform 37
Transform: AffineTransform_float_3_3
Parameters: 1 -0.000166147 -0.000225892 0.000165853 1 -0.000649037 0.000226108 0.000648962 1 0.0264408 0.0320537 -0.0759147
FixedParameters: 0 0 0

#Transform 38
Transform: AffineTransform_float_3_3
Parameters: 1 -0.000332043 -0.000614437 0.000330955 0.999998 -0.0016982 0.000615563 0.0016978 0.999999 0.0215912 -0.00825825 -0.100762
FixedParameters: 0 0 0

#Transform 39
Transform: AffineTransform_float_3_3
Parameters: 0.999999 -0.000323608 -0.000829374 0.000321391 0.999998 -0.00193827 0.000830624 0.00193773 0.999998 0.0246321 -0.0226445 -0.120248
FixedParameters: 0 0 0

#Transform 40
Transform: AffineTransform_float_3_3
Parameters: 1 -5.40325e-05 -0.00061491 5.29673e-05 0.999998 -0.00167903 0.00061509 0.00167897 0.999999 0.0101061 -0.0160868 -0.121583
FixedParameters: 0 0 0

#Transform 41
Transform: AffineTransform_float_3_3
Parameters: 1 -0.000322208 -0.000156573 0.000321793 0.999999 -0.00132605 0.000156427 0.00132595 0.999999 0.0271374 -0.00245532 -0.118739
FixedParameters: 0 0 0

#Transform 42
Transform: AffineTransform_float_3_3
Parameters: 1 -8.89099e-05 6.31271e-05 8.90899e-05 0.999999 -0.00142899 -6.28728e-05 0.00142901 0.999999 0.0272181 -0.00597427 -0.109386
FixedParameters: 0 0 0

#Transform 43
Transform: AffineTransform_float_3_3
Parameters: 1 -2.57472e-05 -0.000614969 2.52528e-05 1 -0.00121502 0.000615031 0.00121498 0.999999 0.0244444 -0.00263077 -0.100489
FixedParameters: 0 0 0

#Transform 44
Transform: AffineTransform_float_3_3
Parameters: 1 -0.000405657 0.00024058 0.000406344 0.999999 -0.0014289 -0.00024042 0.0014291 0.999999 0.0287802 -0.028697 -0.097892
FixedParameters: 0 0 0

#Transform 45
Transform: AffineTransform_float_3_3
Parameters: 1 -0.000322301 -0.000169429 0.0003217 0.999999 -0.00177306 0.000169571 0.00177295 0.999999 0.027092 -0.0254743 -0.110545
FixedParameters: 0 0 0

#Transform 46
Transform: AffineTransform_float_3_3
Parameters: 1 -0.000323042 -0.000614453 0.000321956 0.999998 -0.0016962 0.000615547 0.0016958 0.999999 0.0254331 -0.0115924 -0.106356
FixedParameters: 0 0 0

#Transform 47
Transform: AffineTransform_float_3_3
Parameters: 1 2.50171e-05 6.93853e-06 -2.49827e-05 0.999997 -0.002458 -7.06143e-06 0.002458 0.999997 0.0266457 -0.0369299 -0.128499
FixedParameters: 0 0 0

#Transform 48
Transform: AffineTransform_float_3_3
Parameters: 1 -0.000193783 0.000116362 0.000194216 0.999998 -0.00186798 -0.000115637 0.00186802 0.999998 0.0276962 0.0170958 -0.115858
FixedParameters: 0 0 0

#Transform 49
Transform: AffineTransform_float_3_3
Parameters: 1 -0.000191028 -1.46432e-05 0.000190972 0.999998 -0.001868 1.53568e-05 0.001868 0.999999 0.0272423 0.00556213 -0.126562
FixedParameters: 0 0 0

#Transform 50
Transform: AffineTransform_float_3_3
Parameters: 1 -0.000191051 -3.16934e-05 0.000190948 0.999998 -0.00160501 3.23065e-05 0.00160499 0.999998 0.027135 0.0065767 -0.117451
FixedParameters: 0 0 0

#Transform 51
Transform: AffineTransform_float_3_3
Parameters: 1 -0.000190907 5.63152e-05 0.000191092 0.999998 -0.00165099 -5.56846e-05 0.00165101 0.999998 0.0274767 0.0063881 -0.0992406
FixedParameters: 0 0 0

#Transform 52
Transform: AffineTransform_float_3_3
Parameters: 1 -0.000191066 -4.97465e-05 0.000190933 0.999999 -0.00132701 5.02534e-05 0.00132699 0.999999 0.0271024 0.031561 -0.0985284
FixedParameters: 0 0 0

#Transform 53
Transform: AffineTransform_float_3_3
Parameters: 1 -8.10591e-05 -3.78737e-05 8.09406e-05 0.999999 -0.001559 3.81262e-05 0.001559 0.999999 0.0268232 0.013228 -0.099315
FixedParameters: 0 0 0

#Transform 54
Transform: AffineTransform_float_3_3
Parameters: 1 -0.000190944 3.33223e-05 0.000191055 0.999998 -0.00168799 -3.26775e-05 0.001688 0.999998 0.0274098 0.0177731 -0.0994505
FixedParameters: 0 0 0

#Transform 55
Transform: AffineTransform_float_3_3
Parameters: 1 -0.000191127 -7.5679e-05 0.000190874 0.999998 -0.00168001 7.53207e-05 0.00167998 0.999998 0.026978 0.0218729 -0.114099
FixedParameters: 0 0 0

#Transform 56
Transform: AffineTransform_float_3_3
Parameters: 1 -0.000190899 5.63447e-05 0.000191103 0.999999 -0.00180499 -5.66552e-05 0.00180501 0.999999 0.0274575 0.00573903 -0.104862
FixedParameters: 0 0 0

#Transform 57
Transform: AffineTransform_float_3_3
Parameters: 1 -0.000191093 -6.3722e-05 0.000190907 0.999999 -0.00145501 6.42778e-05 0.00145499 0.999999 0.02706 0.00948826 -0.0990221
FixedParameters: 0 0 0

#Transform 58
Transform: AffineTransform_float_3_3
Parameters: 1 7.10204e-05 1.08674e-05 -7.09793e-05 0.999999 -0.001868 -1.11326e-05 0.001868 0.999999 0.0264466 0.0176682 -0.104148
FixedParameters: 0 0 0

#Transform 59
Transform: AffineTransform_float_3_3
Parameters: 1 -0.000100071 -3.78131e-05 9.99307e-05 0.999999 -0.001868 3.71867e-05 0.001868 0.999999 0.0268509 0.0112009 -0.10666
FixedParameters: 0 0 0

#Transform 60
Transform: AffineTransform_float_3_3
Parameters: 1 1.95867e-06 -2.40034e-05 -2.04132e-06 0.999998 -0.001722 2.39965e-05 0.001722 0.999998 0.0265946 0.0245089 -0.105951
FixedParameters: 0 0 0

#Transform 61
Transform: AffineTransform_float_3_3
Parameters: 1 -0.000188866 5.24855e-05 0.000188133 0.999996 -0.00256999 -5.15167e-05 0.00257001 0.999996 0.0275057 -0.00445705 -0.12696
FixedParameters: 0 0 0

#Transform 62
Transform: AffineTransform_float_3_3
Parameters: 1 -0.000189182 -0.000113697 0.000188819 0.999998 -0.00160202 0.000113303 0.00160198 0.999998 0.0413557 0.0214886 -0.0816055
FixedParameters: 0 0 0

#Transform 63
Transform: AffineTransform_float_3_3
Parameters: 1 -0.000188497 0.000360263 0.000188502 0.999999 -0.00139593 -0.000359737 0.00139607 0.999999 0.0285996 0.0494826 -0.101483
FixedParameters: 0 0 0

#Transform 64
Transform: AffineTransform_float_3_3
Parameters: 1 -0.000189405 -0.000227663 0.000188594 0.999999 -0.00177904 0.000228336 0.00177896 0.999999 0.0264517 -0.0182045 -0.108481
FixedParameters: 0 0 0

#Transform 65
Transform: AffineTransform_float_3_3
Parameters: 1 -0.000189102 -4.55782e-05 0.000188897 0.999998 -0.00223101 4.64216e-05 0.00223099 0.999998 0.0271414 0.00411923 -0.122407
FixedParameters: 0 0 0

#Transform 66
Transform: AffineTransform_float_3_3
Parameters: 1 -0.000436782 0.000110863 0.000437218 0.999998 -0.00197595 -0.000110136 0.00197605 0.999998 0.0241014 -0.0185115 -0.101486
FixedParameters: 0 0 0

#Transform 67
Transform: AffineTransform_float_3_3
Parameters: 0.999999 -0.000723899 -0.000312928 0.0007231 0.999995 -0.00286423 0.000315073 0.00286477 0.999996 0.0277197 -0.0229084 -0.144754
FixedParameters: 0 0 0

#Transform 68
Transform: AffineTransform_float_3_3
Parameters: 0.999999 -0.000723715 -0.000313354 0.000723283 0.999997 -0.00227623 0.000315647 0.00227577 0.999998 0.0277194 -0.0207293 -0.149044
FixedParameters: 0 0 0

#Transform 69
Transform: AffineTransform_float_3_3
Parameters: 1 -5.39488e-05 1.81527e-05 5.40507e-05 0.999996 -0.00283 -1.78471e-05 0.00283 0.999996 0.0269515 -0.0163648 -0.131018
FixedParameters: 0 0 0

#Transform 70
Transform: AffineTransform_float_3_3
Parameters: 1 -0.000285694 -0.000314371 0.000285305 0.999998 -0.00220609 0.00031563 0.00220591 0.999998 0.036361 -0.00603423 -0.120075
FixedParameters: 0 0 0

#Transform 71
Transform: AffineTransform_float_3_3
Parameters: 1 -0.000269854 -0.000314269 0.000269144 0.999997 -0.00271409 0.000315732 0.00271392 0.999997 0.0263506 -0.020667 -0.131898
FixedParameters: 0 0 0

#Transform 72
Transform: AffineTransform_float_3_3
Parameters: 1 -0.000198708 -0.000247433 0.00019829 0.999996 -0.00285905 0.000248568 0.00285895 0.999996 0.0264265 0.00159719 -0.156497
FixedParameters: 0 0 0

#Transform 73
Transform: AffineTransform_float_3_3
Parameters: 1 -0.000447261 0.000335986 0.000447739 0.999998 -0.00220285 -0.000335015 0.00220215 0.999997 0.029322 -0.000636989 -0.135228
FixedParameters: 0 0 0

#Transform 74
Transform: AffineTransform_float_3_3
Parameters: 1 -1.89306e-05 3.10424e-05 1.90693e-05 0.999998 -0.002236 -3.09575e-05 0.002236 0.999998 0.0268764 0.00533507 -0.129046
FixedParameters: 0 0 0

#Transform 75
Transform: AffineTransform_float_3_3
Parameters: 1 -0.000169977 1.03877e-05 0.000170022 0.999998 -0.002281 -9.61221e-06 0.002281 0.999998 0.0273415 -0.0103689 -0.129316
FixedParameters: 0 0 0

#Transform 76
Transform: AffineTransform_float_3_3
Parameters: 1 0.000101949 0.000435779 -0.00010105 0.999997 -0.00217804 -0.000436221 0.00217795 0.999997 0.0281911 0.0527964 -0.10708
FixedParameters: 0 0 0

#Transform 77
Transform: AffineTransform_float_3_3
Parameters: 1 -1.77878e-05 0.000436051 1.9212e-05 0.999996 -0.00277999 -0.000435948 0.00278001 0.999996 0.028624 0.0501491 -0.109126
FixedParameters: 0 0 0

#Transform 78
Transform: AffineTransform_float_3_3
Parameters: 1 -1.71801e-05 0.000676049 1.88197e-05 0.999997 -0.00269199 -0.000675952 0.00269201 0.999996 0.0294644 0.0645281 -0.121044
FixedParameters: 0 0 0

#Transform 79
Transform: AffineTransform_float_3_3
Parameters: 1 -1.78798e-05 0.000436047 1.912e-05 0.999996 -0.00256899 -0.000435952 0.00256901 0.999996 0.0206105 0.0510323 -0.151544
FixedParameters: 0 0 0

#Transform 80
Transform: AffineTransform_float_3_3
Parameters: 1 0.000156904 0.000333576 -0.000156095 0.999997 -0.00270905 -0.000334424 0.00270895 0.999997 0.0174891 0.0511915 -0.164454
FixedParameters: 0 0 0

#Transform 81
Transform: AffineTransform_float_3_3
Parameters: 1 0.000232096 0.000435417 -0.000230902 0.999997 -0.0025161 -0.000436582 0.0025159 0.999996 0.0277811 0.035505 -0.168856
FixedParameters: 0 0 0

#Transform 82
Transform: AffineTransform_float_3_3
Parameters: 1 -7.85328e-06 0.000436022 8.14665e-06 0.999996 -0.00263 -0.00043598 0.00263 0.999997 0.0285843 0.0469439 -0.194496
FixedParameters: 0 0 0

#Transform 83
Transform: AffineTransform_float_3_3
Parameters: 1 -9.74046e-05 0.000537292 9.85944e-05 0.999995 -0.00296995 -0.00053671 0.00297005 0.999996 0.0292817 0.0503545 -0.198964
FixedParameters: 0 0 0

#Transform 84
Transform: AffineTransform_float_3_3
Parameters: 1 -0.000315064 0.000379779 0.000315934 0.999997 -0.00246788 -0.000378221 0.00246812 0.999997 0.0294233 0.0323356 -0.15165
FixedParameters: 0 0 0

#Transform 85
Transform: AffineTransform_float_3_3
Parameters: 1 -0.000598118 0.000331596 0.000599883 0.999997 -0.0026668 -0.000330401 0.0026672 0.999997 0.0301372 0.0128567 -0.183745
FixedParameters: 0 0 0

#Transform 86
Transform: AffineTransform_float_3_3
Parameters: 1 -0.000152293 0.000253426 0.000152706 0.999996 -0.00279396 -0.000252574 0.00279404 0.999996 0.028531 0.0318197 -0.184398
FixedParameters: 0 0 0

#Transform 87
Transform: AffineTransform_float_3_3
Parameters: 1 -0.000472524 0.000504387 0.000473475 0.999995 -0.00293076 -0.000502614 0.00293024 0.999995 0.035924 0.0348548 -0.183783
FixedParameters: 0 0 0

#Transform 88
Transform: AffineTransform_float_3_3
Parameters: 1 -0.000373465 0.000504141 0.000374535 0.999996 -0.00304981 -0.00050286 0.00304919 0.999995 0.0301634 0.0305781 -0.184166
FixedParameters: 0 0 0

#Transform 89
Transform: AffineTransform_float_3_3
Parameters: 1 -0.000400607 0.000137153 0.000400392 0.999996 -0.00287594 -0.000135849 0.00287605 0.999996 0.0288961 0.0346994 -0.187315
FixedParameters: 0 0 0

#Transform 90
Transform: AffineTransform_float_3_3
Parameters: 0.999999 -0.000582942 0.000707699 0.000585058 0.999995 -0.00291058 -0.000706299 0.00291141 0.999995 0.0356764 0.0236023 -0.183071
FixedParameters: 0 0 0

#Transform 91
Transform: AffineTransform_float_3_3
Parameters: 1 -0.000532775 0.000410595 0.000533224 0.999996 -0.00298978 -0.000408408 0.00299022 0.999996 0.0503191 0.0234266 -0.184341
FixedParameters: 0 0 0

#Transform 92
Transform: AffineTransform_float_3_3
Parameters: 0.999999 -0.000410986 0.000674232 0.000413013 0.999996 -0.00298972 -0.000672768 0.00299028 0.999996 0.0426722 0.0239019 -0.183363
FixedParameters: 0 0 0

#Transform 93
Transform: AffineTransform_float_3_3
Parameters: 1 -0.000251921 0.000644816 0.000254079 0.999995 -0.00322583 -0.000644183 0.00322616 0.999994 0.0531899 0.0221637 -0.191781
FixedParameters: 0 0 0

#Transform 94
Transform: AffineTransform_float_3_3
Parameters: 1 -0.000174979 0.000367488 0.000176023 0.999996 -0.00278094 -0.000367512 0.00278007 0.999996 0.0430447 0.0199603 -0.168344
FixedParameters: 0 0 0

#Transform 95
Transform: AffineTransform_float_3_3
Parameters: 1 -0.000174533 0.0005145 0.000175469 0.999996 -0.00285291 -0.000514501 0.00285309 0.999996 0.0525074 0.0279414 -0.158838
FixedParameters: 0 0 0

#Transform 96
Transform: AffineTransform_float_3_3
Parameters: 1 -0.000260184 0.000261813 0.000260816 0.999995 -0.00312093 -0.000261187 0.00312107 0.999995 0.0358543 0.0292281 -0.155438
FixedParameters: 0 0 0

#Transform 97
Transform: AffineTransform_float_3_3
Parameters: 1 -0.000305229 0.000525033 0.000307771 0.999995 -0.00337584 -0.000523964 0.00337616 0.999994 0.0529334 0.0447458 -0.168656
FixedParameters: 0 0 0

#Transform 98
Transform: AffineTransform_float_3_3
Parameters: 1 -0.000176283 -8.03823e-05 0.000175715 0.999994 -0.00350701 8.16167e-05 0.00350698 0.999994 0.0451993 0.0349554 -0.166298
FixedParameters: 0 0 0

#Transform 99
Transform: AffineTransform_float_3_3
Parameters: 1 -0.000242645 0.000386853 0.000243356 0.999994 -0.0035069 -0.000386149 0.00350709 0.999994 0.0498384 0.03656 -0.165017
FixedParameters: 0 0 0

#Transform 100
Transform: AffineTransform_float_3_3
Parameters: 1 -0.00017539 0.000179598 0.000175608 0.999994 -0.00340097 -0.000178404 0.00340103 0.999994 0.0449027 0.0348566 -0.168495
FixedParameters: 0 0 0

#Transform 101
Transform: AffineTransform_float_3_3
Parameters: 1 -0.000175024 0.000287596 0.000175978 0.999994 -0.00339795 -0.000287404 0.00339805 0.999994 0.0434884 0.0339705 -0.169578
FixedParameters: 0 0 0

#Transform 102
Transform: AffineTransform_float_3_3
Parameters: 1 -0.000259309 0.000516852 0.000260691 0.999995 -0.00327387 -0.000516149 0.00327414 0.999995 0.0505328 0.0451818 -0.154845
FixedParameters: 0 0 0

#Transform 103
Transform: AffineTransform_float_3_3
Parameters: 1 -0.000498493 0.000487545 0.000499505 0.999995 -0.00309476 -0.000485456 0.00309524 0.999995 0.0534932 0.0270461 -0.163115
FixedParameters: 0 0 0

#Transform 104
Transform: AffineTransform_float_3_3
Parameters: 0.999999 -0.000558335 0.000435145 0.000560665 0.999993 -0.00383576 -0.000432852 0.00383624 0.999992 0.0533517 0.00975331 -0.179851
FixedParameters: 0 0 0

#Transform 105
Transform: AffineTransform_float_3_3
Parameters: 1 -0.000271209 0.000212016 0.000271791 0.999993 -0.00373894 -0.000210985 0.00373906 0.999993 0.041171 0.00738336 -0.199024
FixedParameters: 0 0 0

#Transform 106
Transform: AffineTransform_float_3_3
Parameters: 0.999999 -0.000931241 0.00023799 0.000931759 0.999995 -0.00320978 -0.00023501 0.00321022 0.999995 0.0538621 0.0225544 -0.191159
FixedParameters: 0 0 0

#Transform 107
Transform: AffineTransform_float_3_3
Parameters: 1 -0.000220586 0.000439712 0.000222412 0.999995 -0.0032189 -0.000438286 0.0032191 0.999994 0.0523249 0.0395005 -0.169237
FixedParameters: 0 0 0

#Transform 108
Transform: AffineTransform_float_3_3
Parameters: 1 -9.40121e-05 0.000552342 9.59865e-05 0.999993 -0.00359995 -0.000551658 0.00360005 0.999994 0.0522674 0.0385624 -0.170067
FixedParameters: 0 0 0

#Transform 109
Transform: AffineTransform_float_3_3
Parameters: 1 -9.39431e-05 0.000552354 9.60555e-05 0.999993 -0.00372495 -0.000551646 0.00372505 0.999993 0.0401544 0.0573575 -0.17041
FixedParameters: 0 0 0

#Transform 110
Transform: AffineTransform_float_3_3
Parameters: 1 -9.39188e-05 0.000552358 9.60798e-05 0.999993 -0.00376895 -0.000551642 0.00376905 0.999992 0.032621 0.0720438 -0.164968
FixedParameters: 0 0 0

#Transform 111
Transform: AffineTransform_float_3_3
Parameters: 0.999999 -0.000693722 -0.000636043 0.000691277 0.99999 -0.00427044 0.000638958 0.00427056 0.99999 0.0497459 0.0202751 -0.191544
FixedParameters: 0 0 0

#Transform 112
Transform: AffineTransform_float_3_3
Parameters: 1 -0.000392091 0.00023552 0.000392911 0.999993 -0.00387291 -0.00023448 0.0038731 0.999993 0.0421896 0.030799 -0.153154
FixedParameters: 0 0 0

#Transform 113
Transform: AffineTransform_float_3_3
Parameters: 1 -0.000356819 4.25479e-05 0.000357183 0.99999 -0.00433698 -4.14513e-05 0.00433701 0.99999 0.0285169 0.026699 -0.172142
FixedParameters: 0 0 0

#Transform 114
Transform: AffineTransform_float_3_3
Parameters: 1 -0.000476088 -2.00006e-05 0.000475912 0.999991 -0.00420001 2.1999e-05 0.00419999 0.999991 0.0364454 0.0164987 -0.193269
FixedParameters: 0 0 0

#Transform 115
Transform: AffineTransform_float_3_3
Parameters: 1 -0.000317768 5.82792e-05 0.000318235 0.999992 -0.00402398 -5.77199e-05 0.00402402 0.999992 0.0274937 0.0219679 -0.180914
FixedParameters: 0 0 0

#Transform 116
Transform: AffineTransform_float_3_3
Parameters: 1 -5.57367e-05 5.72576e-05 5.52668e-05 0.99999 -0.00461 -5.77459e-05 0.00461001 0.99999 0.0412306 0.0236953 -0.177172
FixedParameters: 0 0 0

#Transform 117
Transform: AffineTransform_float_3_3
Parameters: 1 6.46146e-06 -0.000381029 -8.53842e-06 0.999992 -0.004038 0.000380969 0.004038 0.999992 0.04134 0.0656959 -0.156051
FixedParameters: 0 0 0

#Transform 118
Transform: AffineTransform_float_3_3
Parameters: 1 0.000100178 4.15728e-05 -9.98241e-05 0.999991 -0.004268 -4.14264e-05 0.00426799 0.999991 0.0248887 0.0428421 -0.156675
FixedParameters: 0 0 0

#Transform 119
Transform: AffineTransform_float_3_3
Parameters: 1 0.000100238 5.658e-05 -9.97642e-05 0.999991 -0.00419501 -5.6419e-05 0.004195 0.999991 0.0318707 0.0482452 -0.160547
FixedParameters: 0 0 0

#Transform 120
Transform: AffineTransform_float_3_3
Parameters: 1 3.78915e-05 0.000214845 -3.7112e-05 0.999992 -0.00414801 -0.000214156 0.004148 0.999992 0.0315312 0.0694305 -0.157562
FixedParameters: 0 0 0

#Transform 121
Transform: AffineTransform_float_3_3
Parameters: 1 0.000101267 0.000308587 -9.97316e-05 0.999991 -0.00410203 -0.000309412 0.00410197 0.999991 0.0266694 0.0699839 -0.150779
FixedParameters: 0 0 0

#Transform 122
Transform: AffineTransform_float_3_3
Parameters: 1 0.000101718 0.000413581 -0.000100281 0.999992 -0.00415104 -0.00041442 0.00415096 0.999992 0.0391536 0.069668 -0.150529
FixedParameters: 0 0 0

#Transform 123
Transform: AffineTransform_float_3_3
Parameters: 1 0.000101394 0.000333579 -0.000100604 0.999992 -0.00417704 -0.000334423 0.00417697 0.999991 0.0389535 0.0695307 -0.150956
FixedParameters: 0 0 0

#Transform 124
Transform: AffineTransform_float_3_3
Parameters: 1 -4.40025e-05 0.000235189 4.50009e-05 0.999991 -0.00424299 -0.000235811 0.00424301 0.999991 0.0411889 0.0688545 -0.159696
FixedParameters: 0 0 0

#Transform 125
Transform: AffineTransform_float_3_3
Parameters: 1 -3.37956e-05 4.71471e-05 3.42037e-05 0.99999 -0.00434099 -4.68519e-05 0.004341 0.99999 0.0501271 0.0521203 -0.152652
FixedParameters: 0 0 0

#Transform 126
Transform: AffineTransform_float_3_3
Parameters: 1 0.000100184 4.25688e-05 -9.98138e-05 0.99999 -0.004308 -4.34304e-05 0.00430799 0.99999 0.0392857 0.0527785 -0.152604
FixedParameters: 0 0 0

#Transform 127
Transform: AffineTransform_float_3_3
Parameters: 1 9.96681e-05 -7.84236e-05 -0.00010033 0.999991 -0.00424299 7.7575e-05 0.00424301 0.999991 0.0340902 0.0529749 -0.152794
FixedParameters: 0 0 0

#Transform 128
Transform: AffineTransform_float_3_3
Parameters: 1 0.000100568 0.000133574 -0.000100431 0.999991 -0.00424301 -0.000134427 0.00424299 0.999991 0.0341303 0.0562468 -0.151965
FixedParameters: 0 0 0

#Transform 129
Transform: AffineTransform_float_3_3
Parameters: 1 9.96743e-05 -7.84158e-05 -0.000100324 0.999992 -0.00416499 7.75828e-05 0.00416501 0.999992 0.0492882 0.0531825 -0.152569
FixedParameters: 0 0 0

#Transform 130
Transform: AffineTransform_float_3_3
Parameters: 1 0.000101423 0.000341581 -0.000100575 0.999992 -0.00416404 -0.000342422 0.00416397 0.999992 0.0507838 0.0735081 -0.150857
FixedParameters: 0 0 0

#Transform 131
Transform: AffineTransform_float_3_3
Parameters: 1 1.85188e-05 0.000357925 -1.64808e-05 0.999991 -0.00424301 -0.000358073 0.00424299 0.999991 0.0510597 0.0730129 -0.150994
FixedParameters: 0 0 0

#Transform 132
Transform: AffineTransform_float_3_3
Parameters: 1 -7.69851e-05 0.000679348 8.00133e-05 0.99999 -0.00443895 -0.000678651 0.00443905 0.99999 0.0495931 0.0719207 -0.150416
FixedParameters: 0 0 0

#Transform 133
Transform: AffineTransform_float_3_3
Parameters: 1 -0.000201058 0.000447877 0.000202942 0.99999 -0.00433891 -0.000447124 0.00433909 0.999991 0.0520787 0.0661751 -0.155114
FixedParameters: 0 0 0

#Transform 134
Transform: AffineTransform_float_3_3
Parameters: 1 0.000101896 0.000446572 -0.000100102 0.999991 -0.00424304 -0.000447429 0.00424295 0.999991 0.051163 0.0733332 -0.150664
FixedParameters: 0 0 0

#Transform 135
Transform: AffineTransform_float_3_3
Parameters: 1 -0.000342324 0.000439311 0.000343675 0.999992 -0.00382085 -0.00043769 0.00382115 0.999992 0.0525935 0.0552879 -0.149442
FixedParameters: 0 0 0

#Transform 136
Transform: AffineTransform_float_3_3
Parameters: 1 -0.000344916 -0.000221581 0.000344083 0.999992 -0.00411808 0.000223419 0.00411792 0.999991 0.050214 0.0479104 -0.145854
FixedParameters: 0 0 0

#Transform 137
Transform: AffineTransform_float_3_3
Parameters: 0.999999 -0.000347601 -0.000716264 0.000343401 0.999988 -0.00502125 0.000717733 0.00502075 0.999987 0.0483678 -0.0528388 -0.206949
FixedParameters: 0 0 0

#Transform 138
Transform: AffineTransform_float_3_3
Parameters: 0.999999 -0.000674192 -0.000715002 0.000671807 0.99999 -0.00445648 0.000718 0.00445552 0.99999 0.0665844 -0.000200839 -0.176553
FixedParameters: 0 0 0

#Transform 139
Transform: AffineTransform_float_3_3
Parameters: 1 -0.000345111 -0.000251483 0.000343887 0.99999 -0.00440409 0.000253517 0.00440392 0.999991 0.0549972 0.00184899 -0.161331
FixedParameters: 0 0 0

#Transform 140
Transform: AffineTransform_float_3_3
Parameters: 1 0.000766395 0.000719401 -0.000762608 0.999988 -0.00470655 -0.000722597 0.00470645 0.999988 0.0238211 0.0272597 -0.160042
FixedParameters: 0 0 0

#Transform 141
Transform: AffineTransform_float_3_3
Parameters: 1 -8.94148e-05 0.000129406 8.95878e-05 0.999989 -0.00452899 -0.000129596 0.00452901 0.999989 0.0505915 0.04249 -0.152695
FixedParameters: 0 0 0

#Transform 142
Transform: AffineTransform_float_3_3
Parameters: 1 -0.000217111 -0.000418913 0.000214888 0.999988 -0.00503309 0.000420087 0.00503291 0.999987 0.0425252 0.0231281 -0.175352
FixedParameters: 0 0 0

#Transform 143
Transform: AffineTransform_float_3_3
Parameters: 1 -9.11061e-05 -0.000219544 8.98966e-05 0.999988 -0.00503302 0.000219455 0.00503298 0.999988 0.0365238 0.024873 -0.141136
FixedParameters: 0 0 0

#Transform 144
Transform: AffineTransform_float_3_3
Parameters: 1 -0.000341337 -0.000289431 0.000339666 0.99999 -0.0046051 0.000290567 0.0046049 0.99999 0.0646346 0.0710954 -0.0233612
FixedParameters: 0 0 0

#Transform 145
Transform: AffineTransform_float_3_3
Parameters: 1 -0.000157422 -0.000507255 0.000154574 0.999988 -0.00477108 0.000508743 0.00477092 0.999989 0.0484024 0.0289328 -0.104994
FixedParameters: 0 0 0

#Transform 146
Transform: AffineTransform_float_3_3
Parameters: 0.999999 0.000221122 -0.000731184 -0.000224883 0.999986 -0.00530883 0.000730816 0.00530816 0.999985 0.0318201 0.013729 -0.113082
FixedParameters: 0 0 0

#Transform 147
Transform: AffineTransform_float_3_3
Parameters: 0.999999 0.000915568 -0.000299414 -0.000916429 0.999988 -0.00481673 0.000294589 0.00481727 0.999989 0.00524614 0.026418 -0.106491
FixedParameters: 0 0 0

#Transform 148
Transform: AffineTransform_float_3_3
Parameters: 1 0.000941927 0.000429801 -0.000940072 0.999989 -0.0044624 -0.000434199 0.00446159 0.99999 0.0276813 0.0535179 -0.10498
FixedParameters: 0 0 0

#Transform 149
Transform: AffineTransform_float_3_3
Parameters: 1 4.72412e-05 -0.000337251 -4.87575e-05 0.999987 -0.00521699 0.00033675 0.00521702 0.999987 0.0450318 0.0304509 -0.115017
FixedParameters: 0 0 0

#Transform 150
Transform: AffineTransform_float_3_3
Parameters: 1 0.000589781 0.000176411 -0.000589221 0.99999 -0.00439311 -0.00017859 0.0043929 0.999991 0.0453172 0.0617489 -0.0988052
FixedParameters: 0 0 0

#Transform 151
Transform: AffineTransform_float_3_3
Parameters: 0.999999 0.000790423 0.000311411 -0.000789579 0.99999 -0.00454425 -0.000314591 0.00454375 0.999989 0.0299552 0.0525177 -0.0974522
FixedParameters: 0 0 0
