#Insight Transform File V1.0
#Transform 0
Transform: AffineTransform_float_3_3
Parameters: 1 -0.000223691 -0.000288963 0.000224989 0.999998 0.00224994 0.000287953 -0.00225007 0.999998 -0.0365284 -0.0855922 0.00166289
FixedParameters: 0 0 0

#Transform 1
Transform: AffineTransform_float_3_3
Parameters: 1 -0.000151263 -0.000149618 0.000150433 1 0.00118398 0.000150033 -0.00118402 1 -0.040314 -0.044611 0.0192052
FixedParameters: 0 0 0

#Transform 2
Transform: AffineTransform_float_3_3
Parameters: 1 2.50074e-05 0.00103564 -2.60378e-05 0.999999 0.000969771 -0.00103539 -0.000970228 0.999999 -0.0652073 -0.0648122 0.0471413
FixedParameters: 0 0 0

#Transform 3
Transform: AffineTransform_float_3_3
Parameters: 1 -0.000237289 0.000366734 0.000236267 0.999999 0.00139209 -0.000367394 -0.00139191 0.999999 -0.095477 -0.0728081 0.0776802
FixedParameters: 0 0 0

#Transform 4
Transform: AffineTransform_float_3_3
Parameters: 0.999999 -0.000979739 -0.000790593 0.000980554 1 0.000515427 0.000789581 -0.000516572 0.999999 -0.0439837 -0.0316473 0.0441342
FixedParameters: 0 0 0

#Transform 5
Transform: AffineTransform_float_3_3
Parameters: 0.999999 -0.000885373 -0.000148633 0.000885331 0.999999 -0.000141132 0.000148883 0.000140868 1 -0.0259468 -0.0367688 0.019571
FixedParameters: 0 0 0

#Transform 6
Transform: AffineTransform_float_3_3
Parameters: 1 -0.000451564 -0.000485569 0.000451601 1 3.77807e-05 0.000485535 -3.82193e-05 1 -0.0031753 -0.0408399 -0.00453065
FixedParameters: 0 0 0

#Transform 7
Transform: AffineTransform_float_3_3
Parameters: 1 -0.000513642 -0.00019104 0.000513657 1 3.79019e-05 0.000191001 -3.80981e-05 1 -0.0271982 -0.0201527 0.035618
FixedParameters: 0 0 0

#Transform 8
Transform: AffineTransform_float_3_3
Parameters: 1 0.00061549 3.28377e-05 -0.000615307 0.999999 0.00035598 -3.33781e-05 -0.00035602 1 -0.00419822 -0.0325382 0.038083
FixedParameters: 0 0 0

#Transform 9
Transform: AffineTransform_float_3_3
Parameters: 1 0.000571403 0.000144736 -0.00057159 0.999999 0.00136092 -0.000144159 -0.00136108 0.999999 -0.0071459 -0.0536136 -0.00478192
FixedParameters: 0 0 0

#Transform 10
Transform: AffineTransform_float_3_3
Parameters: 1 0.000490392 0.000397873 -0.000490474 1 0.000360805 -0.000398498 -0.000361195 1 -0.0135193 -0.039305 0.069098
FixedParameters: 0 0 0

#Transform 11
Transform: AffineTransform_float_3_3
Parameters: 0.999999 0.000251548 -0.000738122 -0.000252798 0.999999 -0.00136981 0.000738616 0.00137019 0.999999 0.0284261 -0.116477 0.200475
FixedParameters: 0 0 0

#Transform 12
Transform: AffineTransform_float_3_3
Parameters: 1 0.00103316 -0.000428888 -0.00103402 1 -0.000768313 0.000428277 0.000768687 0.999999 -0.00206373 -0.0385901 0.104832
FixedParameters: 0 0 0

#Transform 13
Transform: AffineTransform_float_3_3
Parameters: 1 0.000438039 -0.000290101 -0.000438546 1 -0.000517873 0.000290625 0.000518127 1 -0.00522044 -0.0503143 0.055538
FixedParameters: 0 0 0

#Transform 14
Transform: AffineTransform_float_3_3
Parameters: 1 0.000370655 -0.000393268 -0.000371342 0.999999 -0.000874853 0.000392619 0.000875145 0.999999 0.0115632 0.038443 0.102169
FixedParameters: 0 0 0

#Transform 15
Transform: AffineTransform_float_3_3
Parameters: 0.999999 1.55099e-05 -0.000761015 -1.60506e-05 0.999999 -0.00099819 0.00076119 0.00099781 0.999999 0.0231685 -0.0208093 0.0177173
FixedParameters: 0 0 0

#Transform 16
Transform: AffineTransform_float_3_3
Parameters: 0.999999 0.000529877 -0.00115279 -0.000531167 1 -0.000983389 0.00115195 0.000984611 0.999999 0.0286412 0.0699168 0.0906879
FixedParameters: 0 0 0

#Transform 17
Transform: AffineTransform_float_3_3
Parameters: 0.999999 -0.000195217 -0.000685282 0.000193306 0.999998 -0.00210713 0.000686307 0.00210687 0.999997 0.00741058 0.0404798 0.0248916
FixedParameters: 0 0 0

#Transform 18
Transform: AffineTransform_float_3_3
Parameters: 1 0.000319388 -0.000149864 -0.000320128 0.999999 -0.00178095 0.000149704 0.00178105 0.999999 -0.0020299 0.0921749 0.0804507
FixedParameters: 0 0 0

#Transform 19
Transform: AffineTransform_float_3_3
Parameters: 1 5.78184e-05 -0.000252513 -5.87791e-05 0.999998 -0.00190299 0.000252292 0.00190302 0.999998 -0.0240915 0.0879528 0.123493
FixedParameters: 0 0 0

#Transform 20
Transform: AffineTransform_float_3_3
Parameters: 1 0.000111341 0.000452556 -0.000110974 1 -0.00063305 -0.000451718 0.000632949 0.999999 -0.00787959 0.00341793 0.0147517
FixedParameters: 0 0 0

#Transform 21
Transform: AffineTransform_float_3_3
Parameters: 1 -0.000380127 -0.000141084 0.000379893 0.999999 -0.000826053 0.000141711 0.000825946 0.999999 -0.0149055 0.00692411 -0.0365033
FixedParameters: 0 0 0

#Transform 22
Transform: AffineTransform_float_3_3
Parameters: 0.999999 -0.000379511 -0.000740343 0.000378161 0.999998 -0.00157128 0.00074174 0.00157072 0.999998 0.0215737 0.0294826 -0.0189011
FixedParameters: 0 0 0

#Transform 23
Transform: AffineTransform_float_3_3
Parameters: 0.999999 -0.00042551 -0.00069925 0.000425401 1 -0.000925299 0.000699265 0.000924704 1 0.026047 0.00142452 -0.0378129
FixedParameters: 0 0 0

#Transform 24
Transform: AffineTransform_float_3_3
Parameters: 0.999999 -0.000399367 -0.000777204 0.000398155 0.999999 -0.00154251 0.000777662 0.00154149 0.999999 0.0302057 0.0465607 0.00151408
FixedParameters: 0 0 0

#Transform 25
Transform: AffineTransform_float_3_3
Parameters: 1 3.62105e-05 -0.000533915 -3.75441e-05 0.999999 -0.00124898 0.000533822 0.00124902 0.999999 0.0325265 0.0372222 0.0151792
FixedParameters: 0 0 0

#Transform 26
Transform: AffineTransform_float_3_3
Parameters: 0.999999 0.000837862 -0.000336139 -0.000838473 0.999999 -0.000910719 0.000334612 0.000911281 1 0.0382986 0.023095 0.0391631
FixedParameters: 0 0 0

#Transform 27
Transform: AffineTransform_float_3_3
Parameters: 0.999999 0.000872165 -0.000878926 -0.000871851 0.999999 0.000179766 0.000879238 -0.000178233 0.999999 0.0577344 -0.0223499 0.0347281
FixedParameters: 0 0 0

#Transform 28
Transform: AffineTransform_float_3_3
Parameters: 0.999999 0.00102054 -0.000741948 -0.00102054 1 0.000661801 0.000743092 -0.0006612 1 0.0529793 -0.016678 0.0741276
FixedParameters: 0 0 0

#Transform 29
Transform: AffineTransform_float_3_3
Parameters: 0.999999 0.000854817 -0.000247129 -0.000855011 0.999999 0.00116821 0.000247941 -0.00116779 1 0.0340804 -0.043026 0.0624219
FixedParameters: 0 0 0

#Transform 30
Transform: AffineTransform_float_3_3
Parameters: 0.999999 0.000898606 -0.000454853 -0.000898858 1 0.000798611 0.000456081 -0.000797389 0.999999 0.0341865 -0.01559 0.0361222
FixedParameters: 0 0 0

#Transform 31
Transform: AffineTransform_float_3_3
Parameters: 1 0.000349354 -0.000361548 -0.000348854 0.999999 0.000691126 0.00036203 -0.000690873 0.999999 0.0195763 0.0040076 0.0609749
FixedParameters: 0 0 0

#Transform 32
Transform: AffineTransform_float_3_3
Parameters: 0.999999 0.000826151 -0.000112521 -0.000826768 1 0.000691338 0.00011248 -0.000691663 0.999999 0.0374327 -0.0028419 0.102938
FixedParameters: 0 0 0

#Transform 33
Transform: AffineTransform_float_3_3
Parameters: 0.999999 0.000822535 -9.39669e-05 -0.000822958 0.999998 0.00183908 9.58083e-05 -0.00183892 0.999999 0.0365863 -0.0552747 0.0686761
FixedParameters: 0 0 0

#Transform 34
Transform: AffineTransform_float_3_3
Parameters: 0.999999 0.00071135 -0.000285003 -0.000710955 0.999999 0.000691245 0.000285986 -0.000691754 0.999999 0.058956 0.00217575 0.0767933
FixedParameters: 0 0 0

#Transform 35
Transform: AffineTransform_float_3_3
Parameters: 0.999999 0.000856238 -0.00025408 -0.000856478 0.999999 0.00104722 0.000254689 -0.00104678 1 0.0444481 -0.0457448 0.0584511
FixedParameters: 0 0 0

#Transform 36
Transform: AffineTransform_float_3_3
Parameters: 0.999999 0.000841679 -0.000185843 -0.00084217 1 0.000757401 0.000185934 -0.0007576 0.999999 0.041058 -0.022152 0.0625631
FixedParameters: 0 0 0

#Transform 37
Transform: AffineTransform_float_3_3
Parameters: 0.999999 0.000835702 -0.00015734 -0.000836186 1 0.000914376 0.000157684 -0.000914624 0.999999 0.0396713 -0.0238108 0.0938096
FixedParameters: 0 0 0

#Transform 38
Transform: AffineTransform_float_3_3
Parameters: 1 0.000297691 -0.000430666 -0.000297796 0.999999 0.00101393 0.000431063 -0.00101407 1 0.0433281 -0.0468673 0.0623014
FixedParameters: 0 0 0

#Transform 39
Transform: AffineTransform_float_3_3
Parameters: 0.999999 0.000477051 -0.000770895 -0.000476512 0.999999 0.000984166 0.000771627 -0.000983834 0.999999 0.0586455 -0.0073956 0.0361996
FixedParameters: 0 0 0

#Transform 40
Transform: AffineTransform_float_3_3
Parameters: 1 0.000315673 0.000261189 -0.000316368 0.999999 0.00133292 -0.000260347 -0.00133308 0.999999 0.0304901 -0.0194801 0.0300111
FixedParameters: 0 0 0

#Transform 41
Transform: AffineTransform_float_3_3
Parameters: 0.999999 0.000835499 -1.6063e-05 -0.000835252 0.999999 0.00122901 1.71379e-05 -0.00122899 0.999999 0.0522982 -0.0222537 0.0622649
FixedParameters: 0 0 0

#Transform 42
Transform: AffineTransform_float_3_3
Parameters: 1 0.000663532 -0.000193741 -0.000662943 1 0.000986129 0.000194071 -0.000985872 1 0.0521105 0.0162806 0.0783178
FixedParameters: 0 0 0

#Transform 43
Transform: AffineTransform_float_3_3
Parameters: 1 0.000650929 -0.00019605 -0.000650103 0.999998 0.00157613 0.000197122 -0.00157587 0.999998 0.0546047 -0.0158359 0.0928277
FixedParameters: 0 0 0

#Transform 44
Transform: AffineTransform_float_3_3
Parameters: 0.999999 0.000765436 -0.00017148 -0.000764362 0.999998 0.00192213 0.000172463 -0.00192187 0.999998 0.0362525 -0.0576128 0.101514
FixedParameters: 0 0 0

#Transform 45
Transform: AffineTransform_float_3_3
Parameters: 1 0.000312156 -0.000525936 -0.000312158 1 -1.83582e-06 0.000525934 2.16417e-06 1 0.0125349 0.038898 0.138068
FixedParameters: 0 0 0

#Transform 46
Transform: AffineTransform_float_3_3
Parameters: 1 9.81378e-06 0.000408832 -1.00092e-05 1 0.000238996 -0.000408827 -0.000239004 1 0.00581545 0.0613779 0.141835
FixedParameters: 0 0 0

#Transform 47
Transform: AffineTransform_float_3_3
Parameters: 1 0.000577533 -0.00021172 -0.000576724 0.999999 0.00142212 0.000212383 -0.00142188 0.999999 0.0608546 -0.0164585 0.130484
FixedParameters: 0 0 0

#Transform 48
Transform: AffineTransform_float_3_3
Parameters: 1 0.000309448 0.000198691 -0.000309949 0.999999 0.00178094 -0.000198567 -0.00178106 0.999999 0.0546274 -0.0428397 0.11956
FixedParameters: 0 0 0

#Transform 49
Transform: AffineTransform_float_3_3
Parameters: 1 0.000342109 4.50167e-05 -0.000342035 0.999999 0.00146998 -4.49895e-05 -0.00147002 0.999999 0.0502029 -0.019471 0.130103
FixedParameters: 0 0 0

#Transform 50
Transform: AffineTransform_float_3_3
Parameters: 0.999997 -0.00190863 -0.00142619 0.0019122 0.999996 0.0023016 0.00142188 -0.0023044 0.999996 -0.00722281 -0.345112 0.497689
FixedParameters: 0 0 0

#Transform 51
Transform: AffineTransform_float_3_3
Parameters: 0.999999 -0.000992624 -1.53592e-05 0.000993258 0.999996 0.00240999 1.27364e-05 -0.00241001 0.999997 -0.150108 -0.281969 0.243458
FixedParameters: 0 0 0

#Transform 52
Transform: AffineTransform_float_3_3
Parameters: 0.999999 -0.00132171 -0.000732603 0.00132508 0.999993 0.00368024 0.000727547 -0.00368177 0.999993 -0.0109822 -0.251234 0.17646
FixedParameters: 0 0 0

#Transform 53
Transform: AffineTransform_float_3_3
Parameters: 0.999999 -0.000887457 -0.000392083 0.000889644 0.999992 0.00385585 0.000389144 -0.00385614 0.999992 -0.00144226 -0.221872 0.18002
FixedParameters: 0 0 0

#Transform 54
Transform: AffineTransform_float_3_3
Parameters: 1 -0.000605606 9.06971e-05 0.000605207 0.999991 0.00414126 -9.25693e-05 -0.00414074 0.999991 0.000391591 -0.218863 0.173905
FixedParameters: 0 0 0

#Transform 55
Transform: AffineTransform_float_3_3
Parameters: 1 -0.0002241 -0.000496819 0.00022599 0.999996 0.00289089 0.000495311 -0.00289111 0.999995 0.0377609 -0.124755 0.204983
FixedParameters: 0 0 0

#Transform 56
Transform: AffineTransform_float_3_3
Parameters: 0.999999 -0.000668714 -0.000590992 0.000669658 0.999998 0.00180356 0.00058935 -0.00180344 0.999999 0.0207509 -0.131051 0.191362
FixedParameters: 0 0 0

#Transform 57
Transform: AffineTransform_float_3_3
Parameters: 0.999999 -0.00043084 -0.00149143 0.000433973 0.999997 0.00210411 0.00148997 -0.00210489 0.999997 0.041682 -0.130554 0.184433
FixedParameters: 0 0 0

#Transform 58
Transform: AffineTransform_float_3_3
Parameters: 1 -0.000553976 0.00102013 0.000546362 0.999969 0.00782856 -0.00102493 -0.00782744 0.999969 -0.151964 -0.418331 0.61615
FixedParameters: 0 0 0

#Transform 59
Transform: AffineTransform_float_3_3
Parameters: 0.999995 -0.00296973 -0.000165096 0.00297015 0.999993 0.00210341 0.000158676 -0.00210459 0.999997 -0.0937122 -0.128469 0.53181
FixedParameters: 0 0 0

#Transform 60
Transform: AffineTransform_float_3_3
Parameters: 0.999997 -0.00203688 -0.00179981 0.00204003 0.999997 0.00131861 0.00179716 -0.00132239 0.999998 -0.0456645 -0.038087 0.413264
FixedParameters: 0 0 0

#Transform 61
Transform: AffineTransform_float_3_3
Parameters: 0.999998 -0.00148702 -0.000737117 0.00148876 0.999997 0.00226911 0.000733091 -0.00227089 0.999997 -0.0693359 -0.0842082 0.36763
FixedParameters: 0 0 0

#Transform 62
Transform: AffineTransform_float_3_3
Parameters: 0.999999 -0.0013298 -0.000246503 0.00133011 0.999998 0.00147788 0.000244529 -0.00147812 0.999999 -0.0729061 -0.0780209 0.372872
FixedParameters: 0 0 0

#Transform 63
Transform: AffineTransform_float_3_3
Parameters: 0.999998 -0.00186614 -0.00135253 0.00186913 0.999996 0.0022118 0.00134874 -0.00221421 0.999997 -0.018237 -0.12109 0.348676
FixedParameters: 0 0 0

#Transform 64
Transform: AffineTransform_float_3_3
Parameters: 0.999998 -0.00142598 -0.00181169 0.00142981 0.999997 0.00209649 0.00180899 -0.00209851 0.999996 0.00795027 -0.114004 0.298641
FixedParameters: 0 0 0

#Transform 65
Transform: AffineTransform_float_3_3
Parameters: 0.999999 -0.00102662 -0.00109086 0.0010277 0.999999 0.000591837 0.00109062 -0.000593163 1 -0.0149846 -0.00502709 0.415064
FixedParameters: 0 0 0

#Transform 66
Transform: AffineTransform_float_3_3
Parameters: 0.999999 -0.000722592 0.000666603 0.000723242 0.999999 -0.000487518 -0.000665897 0.000488481 0.999999 -0.0686308 0.00471072 0.409409
FixedParameters: 0 0 0

#Transform 67
Transform: AffineTransform_float_3_3
Parameters: 0.999999 -0.000410521 -0.000778232 0.000410126 1 -0.000254319 0.00077844 0.00025368 0.999999 -0.0601853 0.0991852 0.399702
FixedParameters: 0 0 0

#Transform 68
Transform: AffineTransform_float_3_3
Parameters: 1 -0.000448359 -0.000974626 0.000447869 0.999999 0.000356521 0.000975079 -0.00035648 0.999999 -0.0499511 0.0589371 0.353624
FixedParameters: 0 0 0

#Transform 69
Transform: AffineTransform_float_3_3
Parameters: 1 -0.00045839 -0.000238594 0.000459088 0.999998 0.00189885 0.00023783 -0.00189815 0.999999 -0.063483 -0.0322993 0.30614
FixedParameters: 0 0 0

#Transform 70
Transform: AffineTransform_float_3_3
Parameters: 0.999999 -0.000666808 -0.000292139 0.000667512 0.999998 0.00191281 0.000291543 -0.0019132 0.999998 -0.0541475 -0.0328239 0.276664
FixedParameters: 0 0 0

#Transform 71
Transform: AffineTransform_float_3_3
Parameters: 1 -0.000624161 -0.000289954 0.00062451 0.999996 0.00301082 0.000287945 -0.00301118 0.999996 -0.0787624 -0.0838806 0.262197
FixedParameters: 0 0 0

#Transform 72
Transform: AffineTransform_float_3_3
Parameters: 0.999998 -0.0013366 -0.000973417 0.00133754 0.999999 0.000587858 0.000972822 -0.000589141 0.999999 -0.0215222 0.0223389 0.309128
FixedParameters: 0 0 0

#Transform 73
Transform: AffineTransform_float_3_3
Parameters: 0.999987 -0.0021338 -0.00451983 0.00211231 0.999987 -0.00475172 0.00453021 0.00474228 0.999978 0.0433381 0.211417 0.320697
FixedParameters: 0 0 0

#Transform 74
Transform: AffineTransform_float_3_3
Parameters: 0.999994 -0.00210267 -0.00254028 0.00209956 0.999997 -0.00112039 0.00254246 0.00111561 0.999997 -0.040994 0.0803313 0.361154
FixedParameters: 0 0 0

#Transform 75
Transform: AffineTransform_float_3_3
Parameters: 0.999997 -0.00174545 -0.0016173 0.00174307 0.999998 -0.00116455 0.0016196 0.00116245 0.999998 -0.0347083 0.0959834 0.349669
FixedParameters: 0 0 0

#Transform 76
Transform: AffineTransform_float_3_3
Parameters: 0.999998 -0.00178008 -0.00145623 0.00177844 0.999998 -0.00104027 0.00145818 0.00103773 0.999998 -0.0179391 0.0182898 0.266024
FixedParameters: 0 0 0

#Transform 77
Transform: AffineTransform_float_3_3
Parameters: 0.999997 -0.00177366 -0.00172015 0.00177157 0.999997 -0.00169973 0.00172287 0.00169627 0.999997 0.0146019 0.05974 0.296723
FixedParameters: 0 0 0

#Transform 78
Transform: AffineTransform_float_3_3
Parameters: 0.999996 -0.00200598 -0.00162624 0.00200404 0.999997 -0.00102399 0.00162859 0.00102101 0.999998 -0.0113348 -0.00611699 0.337703
FixedParameters: 0 0 0

#Transform 79
Transform: AffineTransform_float_3_3
Parameters: 0.999993 -0.00238247 -0.00271218 0.00237989 0.999996 -0.00117036 0.00271445 0.00116465 0.999996 -0.0143062 0.00331965 0.365968
FixedParameters: 0 0 0

#Transform 80
Transform: AffineTransform_float_3_3
Parameters: 0.999995 -0.00216224 -0.00225872 0.00215857 0.999996 -0.00142985 0.00226138 0.00142415 0.999997 -0.0132456 0.0304802 0.382894
FixedParameters: 0 0 0

#Transform 81
Transform: AffineTransform_float_3_3
Parameters: 0.999994 -0.00205731 -0.00277231 0.0020495 0.999994 -0.00251595 0.00277779 0.00251004 0.999993 0.033365 0.0547313 0.365584
FixedParameters: 0 0 0

#Transform 82
Transform: AffineTransform_float_3_3
Parameters: 0.999995 -0.0021405 -0.0023617 0.002137 0.999997 -0.00133402 0.00236389 0.00132798 0.999996 -0.0516308 0.0451602 0.334788
FixedParameters: 0 0 0

#Transform 83
Transform: AffineTransform_float_3_3
Parameters: 0.999997 -0.0020205 -0.00142557 0.00201737 0.999996 -0.00207157 0.00143042 0.00206844 0.999997 -0.0958131 0.112556 0.366525
FixedParameters: 0 0 0

#Transform 84
Transform: AffineTransform_float_3_3
Parameters: 0.999997 -0.00178391 -0.00198762 0.00178171 0.999998 -0.000905471 0.00198909 0.00090153 0.999998 -0.0896599 0.0675051 0.255382
FixedParameters: 0 0 0

#Transform 85
Transform: AffineTransform_float_3_3
Parameters: 0.999997 -0.00185583 -0.00187508 0.00185549 0.999999 -0.000408205 0.00187581 0.000404796 0.999998 -0.0489809 0.0722789 0.272984
FixedParameters: 0 0 0

#Transform 86
Transform: AffineTransform_float_3_3
Parameters: 0.999997 -0.00125968 -0.00238675 0.00125668 0.999998 -0.00133233 0.00238876 0.00132867 0.999996 -0.039324 0.0937744 0.262557
FixedParameters: 0 0 0

#Transform 87
Transform: AffineTransform_float_3_3
Parameters: 0.999996 -0.00195591 -0.0023686 0.00194896 0.999995 -0.00275964 0.00237453 0.00275536 0.999994 -0.0702578 0.118237 0.236615
FixedParameters: 0 0 0

#Transform 88
Transform: AffineTransform_float_3_3
Parameters: 0.999996 -0.00170231 -0.0022192 0.00169317 0.99999 -0.00401694 0.00222547 0.00401306 0.99999 -0.0557902 0.210226 0.251104
FixedParameters: 0 0 0

#Transform 89
Transform: AffineTransform_float_3_3
Parameters: 0.999995 -0.00170156 -0.00243382 0.00169243 0.999991 -0.00386331 0.00243977 0.0038587 0.99999 -0.0463971 0.179797 0.195513
FixedParameters: 0 0 0

#Transform 90
Transform: AffineTransform_float_3_3
Parameters: 0.999997 -0.00168049 -0.00207275 0.0016725 0.99999 -0.00402265 0.00207887 0.00401935 0.99999 -0.0614182 0.215774 0.23318
FixedParameters: 0 0 0

#Transform 91
Transform: AffineTransform_float_3_3
Parameters: 0.999995 -0.00203436 -0.00233547 0.00202654 0.999993 -0.00332756 0.0023414 0.00332344 0.999992 -0.0758504 0.197121 0.217042
FixedParameters: 0 0 0

#Transform 92
Transform: AffineTransform_float_3_3
Parameters: 0.999996 -0.00170797 -0.00193558 0.00170198 0.999992 -0.00348523 0.00194087 0.00348177 0.999992 -0.0897103 0.22676 0.188952
FixedParameters: 0 0 0

#Transform 93
Transform: AffineTransform_float_3_3
Parameters: 0.999996 -0.00207341 -0.00188397 0.00206599 0.999991 -0.00375463 0.00189173 0.00375037 0.999991 -0.0999312 0.21484 0.216676
FixedParameters: 0 0 0

#Transform 94
Transform: AffineTransform_float_3_3
Parameters: 0.999997 -0.00166732 -0.00213725 0.00165846 0.999991 -0.00410553 0.00214353 0.00410247 0.999989 -0.0969383 0.270275 0.210755
FixedParameters: 0 0 0

#Transform 95
Transform: AffineTransform_float_3_3
Parameters: 0.999996 -0.00133282 -0.00222096 0.00132539 0.999993 -0.00375609 0.00222574 0.00375292 0.999991 -0.0889151 0.193009 0.20347
FixedParameters: 0 0 0

#Transform 96
Transform: AffineTransform_float_3_3
Parameters: 0.999999 -0.000445306 -0.00128503 0.00043942 0.999988 -0.00489281 0.00128668 0.00489219 0.999988 -0.122807 0.160177 0.181231
FixedParameters: 0 0 0

#Transform 97
Transform: AffineTransform_float_3_3
Parameters: 0.999997 -0.00116831 -0.00193588 0.00115663 0.99998 -0.00626638 0.00194391 0.00626462 0.999979 -0.0962037 0.308603 0.2196
FixedParameters: 0 0 0

#Transform 98
Transform: AffineTransform_float_3_3
Parameters: 0.999997 -0.00124917 -0.00213589 0.00123561 0.999979 -0.00639379 0.00214446 0.00639121 0.999977 -0.0715963 0.313781 0.22267
FixedParameters: 0 0 0

#Transform 99
Transform: AffineTransform_float_3_3
Parameters: 0.999996 -0.00154075 -0.00234407 0.00152655 0.99998 -0.00605077 0.00235336 0.00604722 0.999979 -0.0707972 0.292463 0.138943
FixedParameters: 0 0 0

#Transform 100
Transform: AffineTransform_float_3_3
Parameters: 0.999997 -0.00137938 -0.00208796 0.00136566 0.999979 -0.006394 0.00209701 0.006391 0.999977 -0.0963155 0.290373 0.168952
FixedParameters: 0 0 0

#Transform 101
Transform: AffineTransform_float_3_3
Parameters: 0.999998 -0.00105583 -0.00168734 0.00104399 0.999975 -0.00700466 0.00169432 0.00700334 0.999974 -0.125724 0.337738 0.170429
FixedParameters: 0 0 0

#Transform 102
Transform: AffineTransform_float_3_3
Parameters: 0.999997 -0.00121008 -0.00206274 0.00119403 0.999971 -0.00755761 0.00207184 0.00755539 0.999969 -0.101948 0.360886 0.185476
FixedParameters: 0 0 0

#Transform 103
Transform: AffineTransform_float_3_3
Parameters: 0.999998 -0.00153427 -0.00171296 0.00152169 0.999969 -0.0076945 0.00172406 0.00769149 0.999968 -0.100894 0.349541 0.200299
FixedParameters: 0 0 0

#Transform 104
Transform: AffineTransform_float_3_3
Parameters: 0.999998 -0.00127815 -0.00161736 0.0012677 0.999975 -0.00693819 0.00162632 0.00693681 0.999975 -0.0918829 0.325735 0.232307
FixedParameters: 0 0 0

#Transform 105
Transform: AffineTransform_float_3_3
Parameters: 0.999998 -0.00126065 -0.00156789 0.00124995 0.999975 -0.00692606 0.00157637 0.00692394 0.999975 -0.0993256 0.355483 0.294118
FixedParameters: 0 0 0

#Transform 106
Transform: AffineTransform_float_3_3
Parameters: 0.999997 -0.00108259 -0.00243671 0.0010673 0.999979 -0.00636415 0.00244349 0.00636085 0.999977 -0.0812681 0.32525 0.276635
FixedParameters: 0 0 0

#Transform 107
Transform: AffineTransform_float_3_3
Parameters: 0.999996 -0.00127093 -0.00247288 0.00125142 0.99997 -0.00763929 0.00248273 0.0076367 0.999967 -0.073677 0.402016 0.225513
FixedParameters: 0 0 0

#Transform 108
Transform: AffineTransform_float_3_3
Parameters: 0.999992 -0.00172712 -0.00343539 0.0016806 0.999905 -0.0136994 0.00345844 0.0136936 0.9999 -0.0698208 0.588628 0.160858
FixedParameters: 0 0 0

#Transform 109
Transform: AffineTransform_float_3_3
Parameters: 0.999986 -0.00370048 -0.00378772 0.00367744 0.999975 -0.00609056 0.0038099 0.00607644 0.999974 -0.032688 0.213325 0.370431
FixedParameters: 0 0 0

#Transform 110
Transform: AffineTransform_float_3_3
Parameters: 0.999981 -0.00373805 -0.0049376 0.00370914 0.999976 -0.00586483 0.00495973 0.00584617 0.999971 -0.0173791 0.278884 0.451785
FixedParameters: 0 0 0

#Transform 111
Transform: AffineTransform_float_3_3
Parameters: 0.999987 -0.00302247 -0.00393499 0.00300076 0.99998 -0.00554218 0.0039515 0.00552982 0.999977 -0.0533711 0.269637 0.412579
FixedParameters: 0 0 0

#Transform 112
Transform: AffineTransform_float_3_3
Parameters: 0.999992 -0.00253939 -0.00328378 0.00251384 0.999967 -0.00775351 0.00330378 0.0077455 0.999965 -0.0664666 0.368249 0.291472
FixedParameters: 0 0 0

#Transform 113
Transform: AffineTransform_float_3_3
Parameters: 0.999993 -0.0022302 -0.00282151 0.00221166 0.999976 -0.00653038 0.00283599 0.00652462 0.999975 -0.0690396 0.354007 0.323028
FixedParameters: 0 0 0

#Transform 114
Transform: AffineTransform_float_3_3
Parameters: 0.999994 -0.00233599 -0.00255928 0.00231602 0.999968 -0.00763182 0.00257634 0.00762617 0.999967 -0.0881579 0.39074 0.285012
FixedParameters: 0 0 0

#Transform 115
Transform: AffineTransform_float_3_3
Parameters: 0.999993 -0.00204453 -0.0028932 0.00202005 0.999963 -0.0083372 0.00291065 0.00833181 0.999962 -0.0790223 0.408645 0.226779
FixedParameters: 0 0 0

#Transform 116
Transform: AffineTransform_float_3_3
Parameters: 0.999991 -0.00234596 -0.00332787 0.00231645 0.999958 -0.00888992 0.00334901 0.00888208 0.999955 -0.0753613 0.485093 0.213825
FixedParameters: 0 0 0

#Transform 117
Transform: AffineTransform_float_3_3
Parameters: 0.999988 -0.0024696 -0.0042058 0.00242355 0.999936 -0.0109802 0.00423253 0.0109698 0.999931 -0.0529824 0.560728 0.208229
FixedParameters: 0 0 0

#Transform 118
Transform: AffineTransform_float_3_3
Parameters: 0.99999 -0.00250026 -0.00351629 0.00246279 0.999943 -0.0104049 0.00354279 0.0103961 0.999939 -0.0783949 0.524247 0.197311
FixedParameters: 0 0 0

#Transform 119
Transform: AffineTransform_float_3_3
Parameters: 0.999988 -0.00285442 -0.00380474 0.00281756 0.999949 -0.0097209 0.00383297 0.00971011 0.999945 -0.063134 0.476803 0.251619
FixedParameters: 0 0 0

#Transform 120
Transform: AffineTransform_float_3_3
Parameters: 0.999992 -0.00184235 -0.00369628 0.00180599 0.99995 -0.00983134 0.00371427 0.00982566 0.999944 -0.0244598 0.523437 0.259734
FixedParameters: 0 0 0

#Transform 121
Transform: AffineTransform_float_3_3
Parameters: 0.99999 -0.0024184 -0.00392013 0.00237909 0.999947 -0.0100719 0.00394413 0.0100631 0.999941 -0.0494932 0.488556 0.214657
FixedParameters: 0 0 0

#Transform 122
Transform: AffineTransform_float_3_3
Parameters: 0.999993 -0.00227508 -0.00304269 0.00223365 0.999904 -0.013691 0.00307346 0.013684 0.999902 -0.0951742 0.628145 0.015545
FixedParameters: 0 0 0

#Transform 123
Transform: AffineTransform_float_3_3
Parameters: 0.999992 -0.00321054 -0.00237478 0.00318432 0.999936 -0.0108459 0.00240967 0.0108381 0.999938 -0.140053 0.515078 0.187398
FixedParameters: 0 0 0

#Transform 124
Transform: AffineTransform_float_3_3
Parameters: 0.999989 -0.00257725 -0.00390609 0.00253151 0.999929 -0.0115785 0.00393587 0.0115685 0.999925 -0.0681835 0.539531 0.222562
FixedParameters: 0 0 0

#Transform 125
Transform: AffineTransform_float_3_3
Parameters: 0.999989 -0.00244939 -0.00381309 0.00239983 0.999914 -0.0129477 0.00384439 0.0129383 0.999909 -0.0803998 0.616308 0.234601
FixedParameters: 0 0 0

#Transform 126
Transform: AffineTransform_float_3_3
Parameters: 0.999989 -0.00244791 -0.00381404 0.00240013 0.999918 -0.0125597 0.00384422 0.0125503 0.999914 -0.0684711 0.567016 0.21501
FixedParameters: 0 0 0

#Transform 127
Transform: AffineTransform_float_3_3
Parameters: 0.99999 -0.002821 -0.00363637 0.00277436 0.999915 -0.0127454 0.00367146 0.0127346 0.999912 -0.0735599 0.623203 0.244894
FixedParameters: 0 0 0

#Transform 128
Transform: AffineTransform_float_3_3
Parameters: 0.999988 -0.00263155 -0.00425886 0.00257482 0.999909 -0.0132149 0.0042935 0.0132041 0.999904 -0.0213575 0.649612 0.183189
FixedParameters: 0 0 0

#Transform 129
Transform: AffineTransform_float_3_3
Parameters: 0.999986 -0.00284701 -0.00429745 0.00278192 0.999882 -0.0150847 0.00433986 0.0150723 0.999877 -0.0302834 0.694847 0.155194
FixedParameters: 0 0 0

#Transform 130
Transform: AffineTransform_float_3_3
Parameters: 0.999989 -0.00296839 -0.0036603 0.00291686 0.999896 -0.0141467 0.00370249 0.0141363 0.999893 -0.0453662 0.650519 0.144111
FixedParameters: 0 0 0

#Transform 131
Transform: AffineTransform_float_3_3
Parameters: 0.999988 -0.00276687 -0.0041008 0.0027134 0.999912 -0.0129936 0.00413625 0.0129824 0.999907 -0.0365448 0.588921 0.390199
FixedParameters: 0 0 0

#Transform 132
Transform: AffineTransform_float_3_3
Parameters: 0.999993 -0.0027986 -0.00219353 0.00277971 0.999958 -0.00869956 0.00221753 0.00869344 0.99996 -0.11633 0.418396 0.322594
FixedParameters: 0 0 0

#Transform 133
Transform: AffineTransform_float_3_3
Parameters: 0.999991 -0.00261107 -0.0032165 0.00256022 0.999875 -0.0156493 0.00325694 0.0156407 0.999872 -0.0778931 0.717757 0.241722
FixedParameters: 0 0 0

#Transform 134
Transform: AffineTransform_float_3_3
Parameters: 0.999991 -0.00254046 -0.00355941 0.00248927 0.999893 -0.0143644 0.0035955 0.0143556 0.999891 -0.0673289 0.661496 0.255089
FixedParameters: 0 0 0

#Transform 135
Transform: AffineTransform_float_3_3
Parameters: 0.999988 -0.00290754 -0.00396828 0.00284308 0.999866 -0.0161008 0.00401404 0.0160892 0.999862 -0.0419731 0.716301 0.260916
FixedParameters: 0 0 0

#Transform 136
Transform: AffineTransform_float_3_3
Parameters: 0.999992 -0.00269188 -0.00274803 0.00266079 0.999936 -0.0110101 0.00277744 0.0110029 0.999936 -0.100309 0.506745 0.332971
FixedParameters: 0 0 0

#Transform 137
Transform: AffineTransform_float_3_3
Parameters: 0.99999 -0.00304887 -0.00331189 0.0029965 0.999874 -0.0156299 0.00335904 0.0156201 0.999873 -0.0874116 0.663053 0.257689
FixedParameters: 0 0 0

#Transform 138
Transform: AffineTransform_float_3_3
Parameters: 0.999986 -0.00282287 -0.00445753 0.00276202 0.999905 -0.0135051 0.00449549 0.0134929 0.999899 -0.0798592 0.309182 0.42741
FixedParameters: 0 0 0

#Transform 139
Transform: AffineTransform_float_3_3
Parameters: 0.999979 -0.00362455 -0.0054915 0.00355208 0.999908 -0.0131107 0.0055394 0.0130913 0.999899 -0.0690912 0.414215 0.381283
FixedParameters: 0 0 0

#Transform 140
Transform: AffineTransform_float_3_3
Parameters: 0.999992 -0.0019618 -0.00355423 0.00191573 0.999916 -0.0127947 0.0035786 0.0127873 0.999912 -0.130557 0.500669 0.437261
FixedParameters: 0 0 0

#Transform 141
Transform: AffineTransform_float_3_3
Parameters: 0.99999 -0.00265746 -0.00357592 0.00261459 0.999925 -0.0120237 0.00360757 0.0120143 0.999922 -0.0921427 0.528454 0.351407
FixedParameters: 0 0 0

#Transform 142
Transform: AffineTransform_float_3_3
Parameters: 0.99999 -0.00242404 -0.00393737 0.00237281 0.999912 -0.0129991 0.00396866 0.0129889 0.999907 -0.0768048 0.579689 0.266371
FixedParameters: 0 0 0

#Transform 143
Transform: AffineTransform_float_3_3
Parameters: 0.999992 -0.00221603 -0.00348353 0.00216733 0.999904 -0.013707 0.00351369 0.013699 0.9999 -0.0889097 0.582702 0.250042
FixedParameters: 0 0 0

#Transform 144
Transform: AffineTransform_float_3_3
Parameters: 0.999991 -0.00218217 -0.00366746 0.00212855 0.999894 -0.0144075 0.00369871 0.0143995 0.99989 -0.0762274 0.645081 0.253696
FixedParameters: 0 0 0

#Transform 145
Transform: AffineTransform_float_3_3
Parameters: 0.999992 -0.0024129 -0.0033689 0.0023595 0.999872 -0.0158435 0.00340681 0.0158355 0.999869 -0.0976618 0.719297 0.262523
FixedParameters: 0 0 0

#Transform 146
Transform: AffineTransform_float_3_3
Parameters: 0.999996 -0.00263299 -0.00145854 0.00261119 0.999891 -0.0145392 0.00149734 0.0145348 0.999893 -0.143107 0.680153 0.308274
FixedParameters: 0 0 0

#Transform 147
Transform: AffineTransform_float_3_3
Parameters: 0.999993 -0.00261393 -0.00289464 0.00257186 0.999891 -0.0145234 0.00293292 0.0145155 0.99989 -0.0901831 0.630691 0.354728
FixedParameters: 0 0 0

#Transform 148
Transform: AffineTransform_float_3_3
Parameters: 0.99999 -0.00269339 -0.00336202 0.00263885 0.999865 -0.016217 0.00340492 0.016208 0.999863 -0.0842056 0.767017 0.360532
FixedParameters: 0 0 0

#Transform 149
Transform: AffineTransform_float_3_3
Parameters: 0.999995 -0.00221089 -0.00196582 0.00218608 0.999918 -0.0126291 0.00199395 0.0126249 0.999919 -0.145194 0.604028 0.280173
FixedParameters: 0 0 0

#Transform 150
Transform: AffineTransform_float_3_3
Parameters: 0.999997 -0.00196402 -0.00161029 0.00194511 0.99993 -0.0117039 0.00163349 0.0117011 0.99993 -0.147553 0.590182 0.254396
FixedParameters: 0 0 0

#Transform 151
Transform: AffineTransform_float_3_3
Parameters: 0.999995 -0.00230885 -0.00217527 0.0022817 0.99992 -0.0124468 0.00220443 0.0124412 0.99992 -0.115492 0.617406 0.246903
FixedParameters: 0 0 0
