# transform file /out/sourcedata/freesurfer/sub-v2s3x28836_ses-1/mri/transforms/cc_up.lta
# created by oesteban on Fri Mar 13 04:37:41 2026

type      = 0 # LINEAR_VOX_TO_VOX
nxforms   = 1
mean      = 134.0000 107.0000 102.0000
sigma     = 10000.0000
1 4 4
9.726411700248718e-01 2.292503863573074e-01 3.759584203362465e-02 -3.040689849853516e+01 
-2.290793061256409e-01 9.733675718307495e-01 -8.854683488607407e-03 6.976387023925781e+01 
-3.862451016902924e-02 0.000000000000000e+00 9.992538094520569e-01 3.136767768859863e+01 
0.000000000000000e+00 0.000000000000000e+00 0.000000000000000e+00 1.000000000000000e+00 
src volume info
valid = 1  # volume info valid
filename = /out/sourcedata/freesurfer/sub-v2s3x28836_ses-1/mri/norm.mgz
volume = 256 256 256
voxelsize = 1.000000000000000e+00 1.000000000000000e+00 1.000000000000000e+00
xras   = -1.000000000000000e+00 0.000000000000000e+00 0.000000000000000e+00
yras   = 0.000000000000000e+00 0.000000000000000e+00 -1.000000000000000e+00
zras   = 0.000000000000000e+00 1.000000000000000e+00 0.000000000000000e+00
cras   = 7.634658813476562e-01 5.536442565917969e+01 -8.122741699218750e+00
dst volume info
valid = 1  # volume info valid
filename = /out/sourcedata/freesurfer/sub-v2s3x28836_ses-1/mri/norm.mgz
volume = 256 256 256
voxelsize = 1.000000000000000e+00 1.000000000000000e+00 1.000000000000000e+00
xras   = -1.000000000000000e+00 0.000000000000000e+00 0.000000000000000e+00
yras   = 0.000000000000000e+00 0.000000000000000e+00 -1.000000000000000e+00
zras   = 0.000000000000000e+00 1.000000000000000e+00 0.000000000000000e+00
cras   = 7.634658813476562e-01 5.536442565917969e+01 -8.122741699218750e+00
