# transform file /out/sourcedata/freesurfer/sub-v2s3x28843_ses-1/mri/transforms/cc_up.lta
# created by oesteban on Fri Mar 13 05:03:09 2026

type      = 0 # LINEAR_VOX_TO_VOX
nxforms   = 1
mean      = 130.0000 93.0000 109.0000
sigma     = 10000.0000
1 4 4
9.921814799308777e-01 7.785503566265106e-02 9.754313528537750e-02 -1.749707031250000e+01 
-7.748150080442429e-02 9.969647526741028e-01 -7.617345079779625e-03 6.413382720947266e+01 
-9.784011542797089e-02 4.656613428188905e-10 9.952022433280945e-01 4.329936981201172e+01 
0.000000000000000e+00 0.000000000000000e+00 0.000000000000000e+00 1.000000000000000e+00 
src volume info
valid = 1  # volume info valid
filename = /out/sourcedata/freesurfer/sub-v2s3x28843_ses-1/mri/norm.mgz
volume = 256 256 256
voxelsize = 1.000000000000000e+00 1.000000000000000e+00 1.000000000000000e+00
xras   = -1.000000000000000e+00 0.000000000000000e+00 0.000000000000000e+00
yras   = 0.000000000000000e+00 0.000000000000000e+00 -1.000000000000000e+00
zras   = 0.000000000000000e+00 1.000000000000000e+00 0.000000000000000e+00
cras   = -1.039391326904297e+01 4.110777282714844e+01 -8.122741699218750e+00
dst volume info
valid = 1  # volume info valid
filename = /out/sourcedata/freesurfer/sub-v2s3x28843_ses-1/mri/norm.mgz
volume = 256 256 256
voxelsize = 1.000000000000000e+00 1.000000000000000e+00 1.000000000000000e+00
xras   = -1.000000000000000e+00 0.000000000000000e+00 0.000000000000000e+00
yras   = 0.000000000000000e+00 0.000000000000000e+00 -1.000000000000000e+00
zras   = 0.000000000000000e+00 1.000000000000000e+00 0.000000000000000e+00
cras   = -1.039391326904297e+01 4.110777282714844e+01 -8.122741699218750e+00
