# transform file /out/sourcedata/freesurfer/sub-v2s3x28791_ses-1/mri/transforms/cc_up.lta
# created by oesteban on Fri Mar 13 01:44:22 2026

type      = 0 # LINEAR_VOX_TO_VOX
nxforms   = 1
mean      = 127.0000 125.0000 122.0000
sigma     = 10000.0000
1 4 4
9.957577586174011e-01 -1.377819944173098e-02 9.097629785537720e-02 -7.269042015075684e+00 
1.372105162590742e-02 9.999051094055176e-01 1.253608614206314e-03 1.811202239990234e+01 
-9.098493307828903e-02 0.000000000000000e+00 9.958522915840149e-01 2.209575080871582e+01 
0.000000000000000e+00 0.000000000000000e+00 0.000000000000000e+00 1.000000000000000e+00 
src volume info
valid = 1  # volume info valid
filename = /out/sourcedata/freesurfer/sub-v2s3x28791_ses-1/mri/norm.mgz
volume = 256 256 256
voxelsize = 1.000000000000000e+00 1.000000000000000e+00 1.000000000000000e+00
xras   = -1.000000000000000e+00 0.000000000000000e+00 0.000000000000000e+00
yras   = 0.000000000000000e+00 0.000000000000000e+00 -1.000000000000000e+00
zras   = 0.000000000000000e+00 1.000000000000000e+00 0.000000000000000e+00
cras   = -3.748016357421875e+00 2.776094055175781e+01 1.626094055175781e+01
dst volume info
valid = 1  # volume info valid
filename = /out/sourcedata/freesurfer/sub-v2s3x28791_ses-1/mri/norm.mgz
volume = 256 256 256
voxelsize = 1.000000000000000e+00 1.000000000000000e+00 1.000000000000000e+00
xras   = -1.000000000000000e+00 0.000000000000000e+00 0.000000000000000e+00
yras   = 0.000000000000000e+00 0.000000000000000e+00 -1.000000000000000e+00
zras   = 0.000000000000000e+00 1.000000000000000e+00 0.000000000000000e+00
cras   = -3.748016357421875e+00 2.776094055175781e+01 1.626094055175781e+01
