#Insight Transform File V1.0
#Transform 0
Transform: AffineTransform_float_3_3
Parameters: 0.999977 0.00657375 0.00161701 -0.00660034 0.99984 0.0166184 -0.00150774 -0.0166286 0.99986 0.00127551 -0.776727 -0.192448
FixedParameters: 0 0 0

#Transform 1
Transform: AffineTransform_float_3_3
Parameters: 0.999998 0.000131961 0.00228692 -0.000156965 0.999942 0.0108094 -0.00228588 -0.0108096 0.999939 -0.119293 -0.457575 -0.0976829
FixedParameters: 0 0 0

#Transform 2
Transform: AffineTransform_float_3_3
Parameters: 0.999999 0.000328813 0.00150788 -0.000344258 0.999944 0.0106374 -0.00150476 -0.0106386 0.999943 -0.0164499 -0.400175 -0.229414
FixedParameters: 0 0 0

#Transform 3
Transform: AffineTransform_float_3_3
Parameters: 1 0.000276004 -5.63704e-06 -0.000275649 0.999966 0.008262 8.20937e-06 -0.008262 0.999966 0.0810384 -0.349122 -0.138427
FixedParameters: 0 0 0

#Transform 4
Transform: AffineTransform_float_3_3
Parameters: 1 0.000392006 8.02012e-05 -0.000392769 0.999979 0.00637396 -7.71845e-05 -0.00637403 0.999979 0.0691986 -0.258502 -0.185158
FixedParameters: 0 0 0

#Transform 5
Transform: AffineTransform_float_3_3
Parameters: 1 0.00034345 2.06342e-06 -0.000343223 0.999986 0.005282 -4.21922e-07 -0.005282 0.999986 0.0259284 -0.245705 -0.0893996
FixedParameters: 0 0 0

#Transform 6
Transform: AffineTransform_float_3_3
Parameters: 1 0.000592515 0.000364877 -0.000593557 0.999995 0.0032859 -0.000363838 -0.0032861 0.999994 0.00478204 -0.156824 -0.0755339
FixedParameters: 0 0 0

#Transform 7
Transform: AffineTransform_float_3_3
Parameters: 0.999999 0.000552792 0.000682635 -0.000555541 0.999993 0.00364962 -0.000680335 -0.00365038 0.999993 -0.010182 -0.167064 -0.101539
FixedParameters: 0 0 0

#Transform 8
Transform: AffineTransform_float_3_3
Parameters: 0.999999 0.000564511 0.000587524 -0.00056688 0.999992 0.00391867 -0.000584836 -0.00391933 0.999992 -0.0104379 -0.190387 -0.122894
FixedParameters: 0 0 0

#Transform 9
Transform: AffineTransform_float_3_3
Parameters: 1 0.00075967 0.000884493 -0.000763184 0.999994 0.00331631 -0.000882181 -0.00331669 0.999994 -0.0156377 -0.145852 -0.236565
FixedParameters: 0 0 0

#Transform 10
Transform: AffineTransform_float_3_3
Parameters: 0.999999 0.000633963 0.000595033 -0.000635543 0.999997 0.00226662 -0.000593027 -0.00226738 0.999998 -0.00121378 -0.106652 -0.123283
FixedParameters: 0 0 0

#Transform 11
Transform: AffineTransform_float_3_3
Parameters: 1 -0.000223578 -0.000107878 0.000223805 1 0.00104998 0.000107409 -0.00105002 1 0.0367235 -0.0370433 -0.0789116
FixedParameters: 0 0 0

#Transform 12
Transform: AffineTransform_float_3_3
Parameters: 1 0.000262741 -4.89091e-05 -0.000262783 1 -0.000427973 4.86844e-05 0.000427027 1 0.0276292 0.018109 -0.0356924
FixedParameters: 0 0 0

#Transform 13
Transform: AffineTransform_float_3_3
Parameters: 0.999999 0.000915004 3.01637e-05 -0.000915008 0.999999 6.29724e-05 -3.00484e-05 -6.30275e-05 1 -0.00506731 -0.0160533 0.0376953
FixedParameters: 0 0 0

#Transform 14
Transform: AffineTransform_float_3_3
Parameters: 1 -3.9316e-05 0.000119198 3.98654e-05 0.999998 -0.002306 -0.000119016 0.00230601 0.999998 -0.0565127 0.123418 0.170049
FixedParameters: 0 0 0

#Transform 15
Transform: AffineTransform_float_3_3
Parameters: 1 0.000459477 0.000333275 -0.00045905 0.999999 -0.000641153 -0.000333864 0.000640846 0.999999 -0.0136646 0.0630928 0.0151219
FixedParameters: 0 0 0

#Transform 16
Transform: AffineTransform_float_3_3
Parameters: 1 0.000193059 -0.000133151 -0.000193622 0.999997 -0.00212197 0.000132331 0.00212202 0.999997 -0.0385477 0.110621 0.0973341
FixedParameters: 0 0 0

#Transform 17
Transform: AffineTransform_float_3_3
Parameters: 0.999999 0.000639829 0.000340937 -0.000639455 0.999999 -0.000548218 -0.000341639 0.000547781 1 -0.0255249 0.0299613 0.0264751
FixedParameters: 0 0 0

#Transform 18
Transform: AffineTransform_float_3_3
Parameters: 1 0.000238316 -0.00024033 -0.000238804 1 -0.00101694 0.000239845 0.00101706 1 0.0359936 0.0308604 -0.0464707
FixedParameters: 0 0 0

#Transform 19
Transform: AffineTransform_float_3_3
Parameters: 1 -1.29113e-05 -0.00013453 1.29637e-05 1 0.000194998 0.000134525 -0.000195002 1 0.0240404 -0.0298331 0.0200673
FixedParameters: 0 0 0

#Transform 20
Transform: AffineTransform_float_3_3
Parameters: 1 -9.68175e-05 0.000251204 9.6917e-05 1 -0.000197976 -0.000251165 0.000198024 1 -0.0304945 0.0232534 0.0237867
FixedParameters: 0 0 0

#Transform 21
Transform: AffineTransform_float_3_3
Parameters: 1 0.0001848 -0.000246686 -0.000185102 1 -0.000612954 0.000246459 0.000613045 1 0.0234553 0.0679637 -0.0272356
FixedParameters: 0 0 0

#Transform 22
Transform: AffineTransform_float_3_3
Parameters: 1 0.000222996 0.000313065 -0.000223041 1 7.19302e-05 -0.000313033 -7.20698e-05 1 -0.032321 -0.00886206 0.0298035
FixedParameters: 0 0 0

#Transform 23
Transform: AffineTransform_float_3_3
Parameters: 1 0.000272303 -9.38513e-05 -0.000272212 1 0.000485025 9.41153e-05 -0.000484974 1 0.00510187 -0.00106876 0.0336103
FixedParameters: 0 0 0

#Transform 24
Transform: AffineTransform_float_3_3
Parameters: 1 0.000289354 -0.000233761 -0.000289027 0.999999 0.000699067 0.000234165 -0.000698932 0.999999 0.0342361 -0.0328228 -0.0158576
FixedParameters: 0 0 0

#Transform 25
Transform: AffineTransform_float_3_3
Parameters: 1 0.000263257 -1.94309e-05 -0.000263243 1 0.000362005 1.96214e-05 -0.000361995 1 0.00256813 -0.0248624 0.0251856
FixedParameters: 0 0 0

#Transform 26
Transform: AffineTransform_float_3_3
Parameters: 0.999999 0.000784426 -0.000280765 -0.000785373 0.999999 8.22349e-05 0.000280774 -8.27653e-05 1 0.0251958 0.0370852 -0.0727434
FixedParameters: 0 0 0

#Transform 27
Transform: AffineTransform_float_3_3
Parameters: 0.999999 0.000743384 5.85561e-05 -0.000744391 0.999999 0.00114796 -5.7961e-05 -0.00114804 1 0.00259429 -0.0404883 -0.00343125
FixedParameters: 0 0 0

#Transform 28
Transform: AffineTransform_float_3_3
Parameters: 0.999999 0.000761102 -8.82554e-05 -0.000761107 0.999999 -2.89328e-05 8.82112e-05 2.90671e-05 1 0.00959043 0.035395 -0.0585092
FixedParameters: 0 0 0

#Transform 29
Transform: AffineTransform_float_3_3
Parameters: 1 0.000289732 0.000391913 -0.00029039 0.999999 0.000839886 -0.000391426 -0.000840113 0.999999 -0.0258403 -0.0161995 -0.0206401
FixedParameters: 0 0 0

#Transform 30
Transform: AffineTransform_float_3_3
Parameters: 1 0.000289989 0.000391724 -0.000290134 1 0.000185886 -0.000391616 -0.000186114 1 -0.0228467 0.0442933 -0.0535456
FixedParameters: 0 0 0

#Transform 31
Transform: AffineTransform_float_3_3
Parameters: 0.999999 0.000638115 0.000434421 -0.000638808 1 0.000936827 -0.000434218 -0.000936172 0.999999 -0.0170172 -0.023808 -0.0507143
FixedParameters: 0 0 0

#Transform 32
Transform: AffineTransform_float_3_3
Parameters: 1 0.000348187 -8.88296e-05 -0.000348188 1 -6.96907e-06 8.88247e-05 7.03093e-06 1 0.00727797 0.0492828 -0.0600243
FixedParameters: 0 0 0

#Transform 33
Transform: AffineTransform_float_3_3
Parameters: 1 0.000277798 -9.70797e-05 -0.000277486 1 0.000987146 9.6635e-05 -0.000986854 0.999999 -0.0270919 -0.0244029 -0.0390981
FixedParameters: 0 0 0

#Transform 34
Transform: AffineTransform_float_3_3
Parameters: 1 0.000280073 -6.67754e-05 -0.000279918 1 0.000268019 6.59327e-05 -0.000267982 1 -0.0265234 0.0355441 -0.0114644
FixedParameters: 0 0 0

#Transform 35
Transform: AffineTransform_float_3_3
Parameters: 1 0.000549644 0.000160514 -0.000549839 0.999999 0.000606912 -0.000159847 -0.000607088 1 -0.0186166 -0.0034284 -0.0485531
FixedParameters: 0 0 0

#Transform 36
Transform: AffineTransform_float_3_3
Parameters: 1 0.000301857 -5.48817e-05 -0.000301758 0.999999 0.000900016 5.5425e-05 -0.000899983 0.999999 -0.0308328 -0.00337573 -0.0049061
FixedParameters: 0 0 0

#Transform 37
Transform: AffineTransform_float_3_3
Parameters: 0.999999 0.000635564 0.000332889 -0.000635714 1 0.000225788 -0.000332602 -0.000226211 1 -0.00771624 0.0163019 -0.0810483
FixedParameters: 0 0 0

#Transform 38
Transform: AffineTransform_float_3_3
Parameters: 1 0.000646057 0.000244431 -0.000645725 0.999998 0.00159984 -0.000243237 -0.00160016 0.999998 0.0162227 -0.0882436 -0.0888624
FixedParameters: 0 0 0

#Transform 39
Transform: AffineTransform_float_3_3
Parameters: 0.999999 0.000626207 0.000408662 -0.000625703 0.999999 0.000744744 -0.000408602 -0.000745255 0.999999 -0.00957071 -0.0166561 -0.0235933
FixedParameters: 0 0 0

#Transform 40
Transform: AffineTransform_float_3_3
Parameters: 1 0.000245555 0.000485917 -0.00024626 1 -0.000296134 -0.000486183 0.000296866 1 -0.0272708 0.0625237 -0.0133032
FixedParameters: 0 0 0

#Transform 41
Transform: AffineTransform_float_3_3
Parameters: 1 -0.000124759 0.000441231 0.00012502 1 -0.000295945 -0.000441157 0.000296055 1 -0.0440704 0.0670546 -0.0433971
FixedParameters: 0 0 0

#Transform 42
Transform: AffineTransform_float_3_3
Parameters: 1 -7.35359e-06 1.92594e-05 7.37785e-06 1 -0.00063 -1.92501e-05 0.00063 1 -0.0311397 0.0860084 0.0193751
FixedParameters: 0 0 0

#Transform 43
Transform: AffineTransform_float_3_3
Parameters: 1 -6.53513e-06 3.74872e-05 6.56317e-06 1 -0.000374 -3.74823e-05 0.000374 1 -0.0321017 0.0778508 -0.0131781
FixedParameters: 0 0 0

#Transform 44
Transform: AffineTransform_float_3_3
Parameters: 1 -0.00101055 -0.000147636 0.00101078 0.999999 0.00117985 0.000146244 -0.00118015 1 -0.0182581 0.0176838 0.0372706
FixedParameters: 0 0 0

#Transform 45
Transform: AffineTransform_float_3_3
Parameters: 1 -0.000456548 -0.00014726 0.000456776 0.999999 0.000774932 0.000146552 -0.000775066 0.999999 -0.0138464 0.0196707 -0.00838845
FixedParameters: 0 0 0

#Transform 46
Transform: AffineTransform_float_3_3
Parameters: 1 0.000163998 0.000483265 -0.000164315 1 0.000326921 -0.000483158 -0.000327079 1 -0.0087293 0.0269824 -0.00192541
FixedParameters: 0 0 0

#Transform 47
Transform: AffineTransform_float_3_3
Parameters: 1 -9.17444e-05 0.000257822 9.1518e-05 1 0.000439024 -0.000257902 -0.000438976 1 -0.032673 0.0264537 -0.0452446
FixedParameters: 0 0 0

#Transform 48
Transform: AffineTransform_float_3_3
Parameters: 1 -0.000141734 -0.000219548 0.00014157 1 -0.000372031 0.000219654 0.000371969 1 -0.0257267 0.0698563 0.060003
FixedParameters: 0 0 0

#Transform 49
Transform: AffineTransform_float_3_3
Parameters: 1 -0.000627188 6.4662e-05 0.000627417 1 -0.00083984 -6.46009e-05 0.00084016 0.999999 -0.0323081 0.0922995 0.0176995
FixedParameters: 0 0 0

#Transform 50
Transform: AffineTransform_float_3_3
Parameters: 1 -3.47316e-05 0.000515537 3.55977e-05 0.999999 -0.000839981 -0.000515478 0.000840017 0.999999 -0.0446484 0.0907251 0.0177915
FixedParameters: 0 0 0

#Transform 51
Transform: AffineTransform_float_3_3
Parameters: 1 0.000144963 0.000385111 -0.000144617 1 -0.000448056 -0.000385241 0.000447944 1 -0.0460386 0.0546005 -0.00694615
FixedParameters: 0 0 0

#Transform 52
Transform: AffineTransform_float_3_3
Parameters: 1 0.000114982 0.000633328 -0.00011455 1 -0.000341073 -0.000633406 0.000340927 0.999999 -0.051356 0.0629735 -0.01192
FixedParameters: 0 0 0

#Transform 53
Transform: AffineTransform_float_3_3
Parameters: 1 -0.000116849 0.00035362 0.000116757 0.999999 -0.00127296 -0.000353443 0.00127304 0.999999 -0.0559213 0.11148 -0.00110204
FixedParameters: 0 0 0

#Transform 54
Transform: AffineTransform_float_3_3
Parameters: 1 -3.95931e-05 0.000362868 3.91418e-05 0.999999 -0.000745985 -0.000362929 0.000746014 0.999999 -0.0489231 0.0690122 0.0181577
FixedParameters: 0 0 0

#Transform 55
Transform: AffineTransform_float_3_3
Parameters: 1 0.000145321 0.000384976 -0.000144258 0.999999 -0.00138006 -0.000385376 0.00137994 0.999999 -0.0487542 0.11821 0.0118536
FixedParameters: 0 0 0

#Transform 56
Transform: AffineTransform_float_3_3
Parameters: 1 0.000310915 0.00109039 -0.000310723 1 0.000366542 -0.00109005 -0.000367458 1 -0.064872 0.0344599 -0.00802276
FixedParameters: 0 0 0

#Transform 57
Transform: AffineTransform_float_3_3
Parameters: 1 0.000393409 0.000414795 -0.000392673 1 -0.00103216 -0.000414613 0.00103184 1 -0.0339254 0.0867958 0.0278079
FixedParameters: 0 0 0

#Transform 58
Transform: AffineTransform_float_3_3
Parameters: 1 0.000145149 0.000385041 -0.00014443 0.999999 -0.000933055 -0.000385311 0.000932943 0.999999 -0.0524538 0.0976709 -0.00538641
FixedParameters: 0 0 0

#Transform 59
Transform: AffineTransform_float_3_3
Parameters: 1 -0.000273524 0.000429261 0.000273539 1 -1.68826e-05 -0.000429252 1.71174e-05 1 -0.0588207 0.0613305 0.0262671
FixedParameters: 0 0 0

#Transform 60
Transform: AffineTransform_float_3_3
Parameters: 1 0.000144939 0.00038512 -0.000144641 1 -0.00038707 -0.000385232 0.00038793 1 -0.0496241 0.099856 -0.0147168
FixedParameters: 0 0 0

#Transform 61
Transform: AffineTransform_float_3_3
Parameters: 1 -2.85659e-05 0.000436725 2.87449e-05 1 -0.000204987 -0.000436713 0.000205012 1 -0.0749379 0.0657256 0.00444858
FixedParameters: 0 0 0

#Transform 62
Transform: AffineTransform_float_3_3
Parameters: 1 2.28628e-05 0.000370393 -2.24976e-05 1 -0.000493008 -0.000370416 0.000492991 1 -0.0670888 0.110899 0.0238628
FixedParameters: 0 0 0

#Transform 63
Transform: AffineTransform_float_3_3
Parameters: 1 0.000144962 0.000385112 -0.000144618 1 -0.000446056 -0.000385241 0.000445944 1 -0.0657632 0.0850107 0.00868031
FixedParameters: 0 0 0

#Transform 64
Transform: AffineTransform_float_3_3
Parameters: 1 0.000145069 0.000385071 -0.000144511 0.999999 -0.000725055 -0.000385281 0.000724944 0.999999 -0.066963 0.107914 0.0499651
FixedParameters: 0 0 0

#Transform 65
Transform: AffineTransform_float_3_3
Parameters: 1 -0.000330399 0.000394409 0.000330183 0.999999 -0.000831869 -0.000394972 0.00083213 0.999999 -0.0730993 0.132812 0.0112971
FixedParameters: 0 0 0

#Transform 66
Transform: AffineTransform_float_3_3
Parameters: 1 -0.000181236 0.000597712 0.00018191 0.999999 -0.00139489 -0.000597325 0.00139511 0.999999 -0.0867394 0.0839675 -0.00811767
FixedParameters: 0 0 0

#Transform 67
Transform: AffineTransform_float_3_3
Parameters: 1 0.000175701 0.00038827 -0.000174558 0.999996 -0.00290507 -0.000388415 0.00290493 0.999995 -0.0731983 0.113553 -0.0192117
FixedParameters: 0 0 0

#Transform 68
Transform: AffineTransform_float_3_3
Parameters: 1 8.25662e-07 0.000432139 6.20277e-07 0.999998 -0.001673 -0.000432139 0.001673 0.999998 -0.0773133 0.150093 0.0503259
FixedParameters: 0 0 0

#Transform 69
Transform: AffineTransform_float_3_3
Parameters: 1 -0.000127111 -9.07569e-05 0.000126891 1 -0.00120701 9.10635e-05 0.00120699 1 -0.0327488 0.155254 0.086506
FixedParameters: 0 0 0

#Transform 70
Transform: AffineTransform_float_3_3
Parameters: 1 -0.000200016 0.00051269 0.000200023 1 -6.89745e-06 -0.000512688 7.10255e-06 1 -0.0801473 0.0840268 0.0306848
FixedParameters: 0 0 0

#Transform 71
Transform: AffineTransform_float_3_3
Parameters: 1 -0.000169924 0.000267751 0.000169795 0.999998 -0.00161395 -0.000267323 0.00161404 0.999998 -0.0496604 0.156321 0.00439319
FixedParameters: 0 0 0

#Transform 72
Transform: AffineTransform_float_3_3
Parameters: 1 -0.000153889 0.000132617 0.000154156 1 -0.00100798 -0.000132306 0.00100802 1 -0.0576325 0.128863 0.0526517
FixedParameters: 0 0 0

#Transform 73
Transform: AffineTransform_float_3_3
Parameters: 1 -0.000128564 -7.87989e-05 0.000128442 0.999999 -0.00154201 7.82025e-05 0.00154199 0.999999 -0.0477282 0.159087 0.0926149
FixedParameters: 0 0 0

#Transform 74
Transform: AffineTransform_float_3_3
Parameters: 1 -0.000179528 0.000346068 0.000179165 0.999999 -0.000909937 -0.000345862 0.000910061 0.999999 -0.0696286 0.112313 0.0928473
FixedParameters: 0 0 0

#Transform 75
Transform: AffineTransform_float_3_3
Parameters: 1 -0.00013177 -5.19765e-05 0.000131599 0.999998 -0.00164001 5.24084e-05 0.00163999 0.999998 -0.0531442 0.157553 0.0931501
FixedParameters: 0 0 0

#Transform 76
Transform: AffineTransform_float_3_3
Parameters: 1 -0.000137811 -1.46641e-06 0.000137809 1 -0.000691 1.65687e-06 0.000690999 1 -0.0537842 0.0932942 0.111899
FixedParameters: 0 0 0

#Transform 77
Transform: AffineTransform_float_3_3
Parameters: 1 -3.59694e-05 0.000132673 3.6407e-05 0.999998 -0.00164999 -0.000132554 0.00165 0.999998 -0.0581446 0.170513 0.0786465
FixedParameters: 0 0 0

#Transform 78
Transform: AffineTransform_float_3_3
Parameters: 1 -0.000153006 0.000124588 0.000153118 1 -0.000449981 -0.00012445 0.000450019 1 -0.0648884 0.0863667 0.109554
FixedParameters: 0 0 0

#Transform 79
Transform: AffineTransform_float_3_3
Parameters: 1 -0.000156307 0.000153552 0.000155911 0.999999 -0.00154898 -0.000154181 0.00154902 0.999999 -0.0575189 0.161806 0.0458104
FixedParameters: 0 0 0

#Transform 80
Transform: AffineTransform_float_3_3
Parameters: 1 7.40612e-05 0.000314078 -7.35541e-05 0.999999 -0.000807023 -0.000314197 0.000806976 0.999999 -0.0641653 0.104323 0.0789829
FixedParameters: 0 0 0

#Transform 81
Transform: AffineTransform_float_3_3
Parameters: 1 1.45886e-05 1.2813e-05 -1.45377e-05 0.999998 -0.001981 -1.28707e-05 0.001981 0.999998 -0.0501159 0.172098 0.0617234
FixedParameters: 0 0 0

#Transform 82
Transform: AffineTransform_float_3_3
Parameters: 1 -4.39839e-05 0.000502332 4.43113e-05 0.999999 -0.00131398 -0.000502336 0.00131402 0.999999 -0.0580707 0.136047 0.0284198
FixedParameters: 0 0 0

#Transform 83
Transform: AffineTransform_float_3_3
Parameters: 1 0.000256388 0.000500017 -0.000255138 0.999999 -0.00124913 -0.000500656 0.00124887 0.999999 -0.0744833 0.139438 0.0518822
FixedParameters: 0 0 0

#Transform 84
Transform: AffineTransform_float_3_3
Parameters: 1 -0.000350885 0.000264168 0.000350551 0.999999 -0.00124891 -0.000263412 0.00124909 0.999999 -0.0731023 0.130838 0.0971196
FixedParameters: 0 0 0

#Transform 85
Transform: AffineTransform_float_3_3
Parameters: 1 -4.05885e-05 0.000390944 4.18932e-05 0.999998 -0.00166898 -0.000390807 0.00166901 0.999998 -0.0702788 0.190871 0.0942314
FixedParameters: 0 0 0

#Transform 86
Transform: AffineTransform_float_3_3
Parameters: 1 -0.000109175 9.5675e-05 0.000108489 0.999999 -0.000969989 -9.65767e-05 0.00097001 0.999999 -0.0582767 0.147927 0.0960293
FixedParameters: 0 0 0

#Transform 87
Transform: AffineTransform_float_3_3
Parameters: 1 3.10819e-05 0.000102406 -3.08786e-05 0.999998 -0.001586 -0.000101511 0.001586 0.999998 -0.0586353 0.195195 0.109477
FixedParameters: 0 0 0

#Transform 88
Transform: AffineTransform_float_3_3
Parameters: 1 -0.000127945 0.000193119 0.000127277 0.999999 -0.000840975 -0.000193025 0.000841024 0.999999 -0.0746773 0.15148 0.11394
FixedParameters: 0 0 0

#Transform 89
Transform: AffineTransform_float_3_3
Parameters: 1 -0.000138016 0.00049113 0.000138904 0.999998 -0.00191593 -0.000490719 0.00191607 0.999998 -0.0755269 0.208622 0.0105349
FixedParameters: 0 0 0

#Transform 90
Transform: AffineTransform_float_3_3
Parameters: 1 -0.000214709 0.000111337 0.000215061 0.999998 -0.00158298 -0.000110656 0.00158302 0.999998 -0.0691754 0.168207 0.100873
FixedParameters: 0 0 0

#Transform 91
Transform: AffineTransform_float_3_3
Parameters: 1 -0.000314494 -0.000349003 0.000313049 0.999994 -0.00365611 0.000350424 0.00365589 0.999994 -0.0548494 0.257988 0.134582
FixedParameters: 0 0 0

#Transform 92
Transform: AffineTransform_float_3_3
Parameters: 1 8.65312e-05 0.000250716 -8.55138e-05 0.999991 -0.00424904 -0.000250574 0.00424996 0.999991 -0.0549956 0.259153 0.111421
FixedParameters: 0 0 0

#Transform 93
Transform: AffineTransform_float_3_3
Parameters: 1 0.000391348 -0.000126346 -0.000391436 0.999992 -0.00382795 0.000124462 0.00382805 0.999992 -0.0495706 0.248744 0.165047
FixedParameters: 0 0 0

#Transform 94
Transform: AffineTransform_float_3_3
Parameters: 1 0.00031978 -0.000134853 -0.000320047 0.999991 -0.00424896 0.000133248 0.00424904 0.999991 -0.0230518 0.229943 0.0639898
FixedParameters: 0 0 0

#Transform 95
Transform: AffineTransform_float_3_3
Parameters: 0.999998 0.000660907 -0.00176793 -0.000667134 0.999994 -0.00337893 0.00176615 0.00338007 0.999992 0.0844921 0.159316 -0.00701353
FixedParameters: 0 0 0

#Transform 96
Transform: AffineTransform_float_3_3
Parameters: 1 0.000593397 -0.00103713 -0.000597062 0.999991 -0.00404849 0.0010349 0.00404851 0.999991 0.0235923 0.183566 0.123325
FixedParameters: 0 0 0

#Transform 97
Transform: AffineTransform_float_3_3
Parameters: 1 0.000683896 -9.91903e-05 -0.000684438 0.999985 -0.00540094 9.58911e-05 0.00540107 0.999986 -0.0142972 0.261439 -0.032191
FixedParameters: 0 0 0

#Transform 98
Transform: AffineTransform_float_3_3
Parameters: 1 0.000110098 -0.000252931 -0.00011116 0.999991 -0.00406697 0.000252152 0.00406703 0.999991 -0.0306201 0.193935 0.0296128
FixedParameters: 0 0 0

#Transform 99
Transform: AffineTransform_float_3_3
Parameters: 1 0.000191188 1.80884e-05 -0.000191114 0.999987 -0.00522601 -1.90935e-05 0.005226 0.999987 -0.0527983 0.284648 0.0207848
FixedParameters: 0 0 0

#Transform 100
Transform: AffineTransform_float_3_3
Parameters: 1 1.2727e-05 -0.000118322 -1.28777e-05 0.999989 -0.004832 0.000118318 0.004832 0.999989 -0.0598719 0.255461 0.0511561
FixedParameters: 0 0 0

#Transform 101
Transform: AffineTransform_float_3_3
Parameters: 1 0.000223461 -0.000103953 -0.000223611 0.999987 -0.00494597 0.000102854 0.00494602 0.999988 -0.0469018 0.262369 0.0171553
FixedParameters: 0 0 0

#Transform 102
Transform: AffineTransform_float_3_3
Parameters: 1 0.000212607 -0.000105072 -0.000213617 0.999991 -0.00424998 0.000104253 0.00425002 0.999991 -0.0545155 0.243576 0.0747352
FixedParameters: 0 0 0

#Transform 103
Transform: AffineTransform_float_3_3
Parameters: 1 0.000321141 -0.000476093 -0.000323793 0.99999 -0.00462085 0.000475338 0.00462116 0.999989 -0.0284146 0.248322 0.0231948
FixedParameters: 0 0 0

#Transform 104
Transform: AffineTransform_float_3_3
Parameters: 1 0.000281212 -0.000132333 -0.000282602 0.999991 -0.00435384 0.000131864 0.00435416 0.99999 -0.0598668 0.237724 0.0835259
FixedParameters: 0 0 0

#Transform 105
Transform: AffineTransform_float_3_3
Parameters: 1 0.000277036 -9.65961e-05 -0.00027813 0.99999 -0.00442797 9.61233e-05 0.00442803 0.99999 -0.04626 0.244976 0.0462421
FixedParameters: 0 0 0

#Transform 106
Transform: AffineTransform_float_3_3
Parameters: 1 0.000282948 -0.000147232 -0.000284344 0.999991 -0.00435384 0.000145755 0.00435416 0.99999 -0.0565212 0.248375 0.0864943
FixedParameters: 0 0 0

#Transform 107
Transform: AffineTransform_float_3_3
Parameters: 1 0.00028284 -0.000147441 -0.000283459 0.999987 -0.00508896 0.000145671 0.00508904 0.999987 -0.0615779 0.281266 0.080057
FixedParameters: 0 0 0

#Transform 108
Transform: AffineTransform_float_3_3
Parameters: 1 0.000313847 -0.000411365 -0.000315351 0.999992 -0.00410288 0.000410017 0.00410313 0.999992 -0.0397967 0.234047 0.109918
FixedParameters: 0 0 0

#Transform 109
Transform: AffineTransform_float_3_3
Parameters: 1 0.000282911 -0.000147305 -0.000283389 0.99999 -0.00460895 0.000145808 0.00460806 0.99999 -0.0483064 0.257016 0.0363848
FixedParameters: 0 0 0

#Transform 110
Transform: AffineTransform_float_3_3
Parameters: 1 0.000296626 -0.000263297 -0.000297777 0.999993 -0.0038508 0.00026212 0.0038512 0.999992 -0.0653518 0.203913 0.120748
FixedParameters: 0 0 0

#Transform 111
Transform: AffineTransform_float_3_3
Parameters: 1 0.000397973 -0.000445081 -0.000400392 0.999989 -0.00482683 0.000442461 0.00482718 0.999989 -0.00914525 0.260943 0.0362081
FixedParameters: 0 0 0

#Transform 112
Transform: AffineTransform_float_3_3
Parameters: 1 0.000219076 -0.000228015 -0.000219816 0.999993 -0.00353895 0.000227574 0.00353905 0.999993 -0.0272859 0.187863 0.115129
FixedParameters: 0 0 0

#Transform 113
Transform: AffineTransform_float_3_3
Parameters: 1 0.00042816 -0.000236091 -0.000429541 0.999989 -0.00453588 0.000234306 0.00453511 0.999989 -0.0301998 0.279362 0.0369882
FixedParameters: 0 0 0

#Transform 114
Transform: AffineTransform_float_3_3
Parameters: 1 0.000196423 -0.000395822 -0.000197476 0.999993 -0.00368692 0.000395602 0.00368708 0.999993 -0.039144 0.206093 0.106027
FixedParameters: 0 0 0

#Transform 115
Transform: AffineTransform_float_3_3
Parameters: 0.999999 0.000367589 -0.000695264 -0.000370618 0.999988 -0.00486474 0.000694138 0.00486526 0.999988 -0.0106181 0.290175 0.0637462
FixedParameters: 0 0 0

#Transform 116
Transform: AffineTransform_float_3_3
Parameters: 1 0.000390428 -0.000211827 -0.000390933 0.999994 -0.00326192 0.000210391 0.00326208 0.999994 -0.0431663 0.204925 0.0750258
FixedParameters: 0 0 0

#Transform 117
Transform: AffineTransform_float_3_3
Parameters: 0.999999 0.000718396 0.000255337 -0.000716132 0.999986 -0.0050942 -0.000259667 0.0050948 0.999987 -0.0372382 0.267112 -0.0212012
FixedParameters: 0 0 0

#Transform 118
Transform: AffineTransform_float_3_3
Parameters: 1 0.000471471 -0.000326128 -0.00047346 0.999985 -0.00555773 0.000324095 0.00555827 0.999984 -0.0772255 0.238845 0.217508
FixedParameters: 0 0 0

#Transform 119
Transform: AffineTransform_float_3_3
Parameters: 1 0.00032289 -0.000119695 -0.000324252 0.999986 -0.00523796 0.000117298 0.00523804 0.999987 -0.0797343 0.315698 0.10213
FixedParameters: 0 0 0

#Transform 120
Transform: AffineTransform_float_3_3
Parameters: 1 0.000322978 -0.000119457 -0.000324165 0.99999 -0.00450096 0.000117536 0.00450104 0.99999 -0.0797592 0.252636 0.16585
FixedParameters: 0 0 0

#Transform 121
Transform: AffineTransform_float_3_3
Parameters: 0.999999 0.000787101 -0.000484175 -0.00078928 0.999995 -0.00303561 0.000481496 0.0030354 0.999995 -0.0626003 0.216604 0.0891347
FixedParameters: 0 0 0

#Transform 122
Transform: AffineTransform_float_3_3
Parameters: 1 0.000328418 -0.000164907 -0.000329775 0.999993 -0.00376694 0.00016342 0.00376705 0.999993 -0.0839678 0.219753 0.171497
FixedParameters: 0 0 0

#Transform 123
Transform: AffineTransform_float_3_3
Parameters: 1 0.000247855 -1.06738e-05 -0.00024821 0.999985 -0.005565 9.89874e-06 0.00556501 0.999985 -0.0849068 0.337799 0.152069
FixedParameters: 0 0 0

#Transform 124
Transform: AffineTransform_float_3_3
Parameters: 1 0.000321154 -0.000103485 -0.000322147 0.999991 -0.00425597 0.00010174 0.00425603 0.999991 -0.0739338 0.243209 0.165397
FixedParameters: 0 0 0

#Transform 125
Transform: AffineTransform_float_3_3
Parameters: 1 0.000362822 -0.000463263 -0.000365441 0.999988 -0.00485183 0.000460963 0.00485217 0.999988 -0.0577413 0.304145 0.164566
FixedParameters: 0 0 0

#Transform 126
Transform: AffineTransform_float_3_3
Parameters: 1 0.000347195 -0.000327001 -0.000349281 0.999991 -0.00434689 0.000326079 0.00434712 0.999991 -0.0679727 0.259159 0.191706
FixedParameters: 0 0 0

#Transform 127
Transform: AffineTransform_float_3_3
Parameters: 1 0.000260968 -0.000391475 -0.000262709 0.99999 -0.0046119 0.000390293 0.00461211 0.99999 -0.0731453 0.288027 0.203686
FixedParameters: 0 0 0

#Transform 128
Transform: AffineTransform_float_3_3
Parameters: 1 0.000369135 -0.000520066 -0.000371952 0.999985 -0.0053488 0.000518448 0.00534919 0.999985 -0.0611979 0.311574 0.133387
FixedParameters: 0 0 0

#Transform 129
Transform: AffineTransform_float_3_3
Parameters: 1 0.000355428 -0.000399705 -0.000357589 0.999988 -0.00489386 0.000398441 0.00489414 0.999988 -0.0773663 0.310073 0.226015
FixedParameters: 0 0 0

#Transform 130
Transform: AffineTransform_float_3_3
Parameters: 1 0.000359744 -0.000440766 -0.000363119 0.999983 -0.00582184 0.000438783 0.00582216 0.999983 -0.0652924 0.358303 0.148337
FixedParameters: 0 0 0

#Transform 131
Transform: AffineTransform_float_3_3
Parameters: 1 -7.06054e-05 -0.000449158 6.84079e-05 0.999989 -0.00465203 0.000450045 0.00465197 0.999989 -0.071933 0.301181 0.222023
FixedParameters: 0 0 0

#Transform 132
Transform: AffineTransform_float_3_3
Parameters: 1 0.000244487 -0.000295958 -0.000245963 0.999984 -0.00565893 0.000294415 0.00565907 0.999984 -0.0732313 0.344655 0.184363
FixedParameters: 0 0 0

#Transform 133
Transform: AffineTransform_float_3_3
Parameters: 1 0.000286426 -0.00046513 -0.000288267 0.999987 -0.00505985 0.000463576 0.00505915 0.999987 -0.070755 0.311423 0.221636
FixedParameters: 0 0 0

#Transform 134
Transform: AffineTransform_float_3_3
Parameters: 1 0.000341939 -0.000284623 -0.000344082 0.999986 -0.0053199 0.000282086 0.00532009 0.999986 -0.0774696 0.344431 0.160731
FixedParameters: 0 0 0

#Transform 135
Transform: AffineTransform_float_3_3
Parameters: 1 0.000342069 -0.000284468 -0.000343954 0.999988 -0.00486689 0.000282243 0.00486611 0.999988 -0.0833593 0.305743 0.204881
FixedParameters: 0 0 0

#Transform 136
Transform: AffineTransform_float_3_3
Parameters: 1 0.000206301 -0.000357739 -0.000208492 0.999984 -0.00567892 0.000356616 0.00567907 0.999984 -0.0818792 0.361606 0.146073
FixedParameters: 0 0 0

#Transform 137
Transform: AffineTransform_float_3_3
Parameters: 1 0.000186563 -0.000435356 -0.000188665 0.999989 -0.00455891 0.000434878 0.00455908 0.999989 -0.0766809 0.295232 0.216469
FixedParameters: 0 0 0

#Transform 138
Transform: AffineTransform_float_3_3
Parameters: 1 0.000310554 -0.000449365 -0.000312637 0.999985 -0.00550986 0.000447284 0.00551014 0.999984 -0.0616223 0.359414 0.164088
FixedParameters: 0 0 0

#Transform 139
Transform: AffineTransform_float_3_3
Parameters: 1 0.000337761 -0.000246621 -0.000339134 0.999989 -0.00456991 0.000244641 0.00457008 0.999989 -0.0807189 0.284243 0.213349
FixedParameters: 0 0 0

#Transform 140
Transform: AffineTransform_float_3_3
Parameters: 1 0.000337527 -0.000246942 -0.000339366 0.999984 -0.00551891 0.000244319 0.00551908 0.999984 -0.0755103 0.352467 0.186884
FixedParameters: 0 0 0

#Transform 141
Transform: AffineTransform_float_3_3
Parameters: 1 0.000348936 -0.000344117 -0.000351622 0.999988 -0.00500688 0.000342715 0.00500712 0.999988 -0.0723687 0.31003 0.170265
FixedParameters: 0 0 0

#Transform 142
Transform: AffineTransform_float_3_3
Parameters: 1 0.00036254 -0.000461317 -0.000365367 0.999987 -0.00496283 0.00045993 0.00496316 0.999987 -0.0758769 0.324843 0.216072
FixedParameters: 0 0 0

#Transform 143
Transform: AffineTransform_float_3_3
Parameters: 1 0.000337612 -0.000246826 -0.000339282 0.999986 -0.00517691 0.000244435 0.00517708 0.999986 -0.0691834 0.326478 0.18422
FixedParameters: 0 0 0

#Transform 144
Transform: AffineTransform_float_3_3
Parameters: 1 0.000225602 -0.000259607 -0.000226808 0.999991 -0.00424994 0.000257804 0.00425006 0.999991 -0.0536693 0.288478 0.213492
FixedParameters: 0 0 0

#Transform 145
Transform: AffineTransform_float_3_3
Parameters: 1 0.000364761 -0.000479085 -0.000367346 0.999989 -0.00465483 0.00047691 0.00465518 0.999989 -0.0610022 0.297461 0.183588
FixedParameters: 0 0 0

#Transform 146
Transform: AffineTransform_float_3_3
Parameters: 1 0.000337621 -0.000246813 -0.000339273 0.999987 -0.0051389 0.000244448 0.00513809 0.999986 -0.0890545 0.332406 0.221264
FixedParameters: 0 0 0

#Transform 147
Transform: AffineTransform_float_3_3
Parameters: 1 0.000337668 -0.00024675 -0.000339227 0.999988 -0.0049499 0.000244512 0.00494909 0.999987 -0.0893552 0.309064 0.249028
FixedParameters: 0 0 0

#Transform 148
Transform: AffineTransform_float_3_3
Parameters: 1 0.000337512 -0.000246962 -0.000339381 0.999985 -0.00557992 0.000244298 0.00558009 0.999985 -0.078787 0.352063 0.181005
FixedParameters: 0 0 0

#Transform 149
Transform: AffineTransform_float_3_3
Parameters: 1 0.000337597 -0.000246846 -0.000339297 0.999986 -0.00523592 0.000244415 0.00523609 0.999987 -0.0895526 0.337659 0.196278
FixedParameters: 0 0 0

#Transform 150
Transform: AffineTransform_float_3_3
Parameters: 1 0.000337583 -0.000246865 -0.000339311 0.999986 -0.00529292 0.000244395 0.00529308 0.999986 -0.0796273 0.327689 0.197855
FixedParameters: 0 0 0

#Transform 151
Transform: AffineTransform_float_3_3
Parameters: 0.999999 0.000338068 -0.00117993 -0.000344072 0.999988 -0.0050206 0.00117822 0.0050214 0.999986 -0.0363133 0.317135 0.248766
FixedParameters: 0 0 0
