# transform file /out/sourcedata/freesurfer/sub-v2s3x28840_ses-1/mri/transforms/cc_up.lta
# created by oesteban on Fri Mar 13 04:29:10 2026

type      = 0 # LINEAR_VOX_TO_VOX
nxforms   = 1
mean      = 128.0000 103.0000 126.0000
sigma     = 10000.0000
1 4 4
9.974423050880432e-01 -2.383130043745041e-02 -6.738809496164322e-02 9.557238578796387e+00 
2.377709746360779e-02 9.997161626815796e-01 -1.606402103789151e-03 3.815184402465820e+01 
6.740723550319672e-02 1.164153357047226e-10 9.977256655693054e-01 -1.420320510864258e+00 
0.000000000000000e+00 0.000000000000000e+00 0.000000000000000e+00 1.000000000000000e+00 
src volume info
valid = 1  # volume info valid
filename = /out/sourcedata/freesurfer/sub-v2s3x28840_ses-1/mri/norm.mgz
volume = 256 256 256
voxelsize = 1.000000000000000e+00 1.000000000000000e+00 1.000000000000000e+00
xras   = -1.000000000000000e+00 0.000000000000000e+00 0.000000000000000e+00
yras   = 0.000000000000000e+00 0.000000000000000e+00 -1.000000000000000e+00
zras   = 0.000000000000000e+00 1.000000000000000e+00 0.000000000000000e+00
cras   = 5.673553466796875e+00 1.994216918945312e+01 -6.520874023437500e+00
dst volume info
valid = 1  # volume info valid
filename = /out/sourcedata/freesurfer/sub-v2s3x28840_ses-1/mri/norm.mgz
volume = 256 256 256
voxelsize = 1.000000000000000e+00 1.000000000000000e+00 1.000000000000000e+00
xras   = -1.000000000000000e+00 0.000000000000000e+00 0.000000000000000e+00
yras   = 0.000000000000000e+00 0.000000000000000e+00 -1.000000000000000e+00
zras   = 0.000000000000000e+00 1.000000000000000e+00 0.000000000000000e+00
cras   = 5.673553466796875e+00 1.994216918945312e+01 -6.520874023437500e+00
