#Insight Transform File V1.0
#Transform 0
Transform: AffineTransform_float_3_3
Parameters: 1 -0.00089099 -0.000424021 0.00089101 0.999999 2.26222e-05 0.00042398 -2.33778e-05 1 -0.00982476 -0.141381 -0.145413
FixedParameters: 0 0 0

#Transform 1
Transform: AffineTransform_float_3_3
Parameters: 1 -0.000558023 -7.48303e-05 0.000557977 1 -0.000304042 7.41696e-05 0.000303959 1 0.0276969 -0.112709 -0.169354
FixedParameters: 0 0 0

#Transform 2
Transform: AffineTransform_float_3_3
Parameters: 0.999999 -0.000807957 -5.95873e-05 0.000808043 1 0.000726952 5.84125e-05 -0.000727048 0.999999 0.0175123 -0.182328 -0.164982
FixedParameters: 0 0 0

#Transform 3
Transform: AffineTransform_float_3_3
Parameters: 1 -0.000315479 -0.00109215 0.000316521 1 0.000476655 0.00109185 -0.000477345 1 0.0368171 -0.162543 -0.152551
FixedParameters: 0 0 0

#Transform 4
Transform: AffineTransform_float_3_3
Parameters: 0.999999 -0.000498268 -0.000800456 0.000499732 1 0.000914601 0.000799543 -0.000914399 1 0.0516046 -0.216279 -0.237109
FixedParameters: 0 0 0

#Transform 5
Transform: AffineTransform_float_3_3
Parameters: 1 -0.000452895 -0.00036413 0.000453105 1 0.000287835 0.000363869 -0.000288165 1 0.0408426 -0.146579 -0.16373
FixedParameters: 0 0 0

#Transform 6
Transform: AffineTransform_float_3_3
Parameters: 0.999999 -0.000290835 -0.000647074 0.000291164 1 0.000253812 0.000646926 -0.000254188 1 0.0558285 -0.19523 -0.132959
FixedParameters: 0 0 0

#Transform 7
Transform: AffineTransform_float_3_3
Parameters: 0.999998 0.000471896 -0.00194003 -0.000472104 1 -5.30842e-05 0.00193998 5.39156e-05 0.999998 0.0777737 -0.184923 -0.106119
FixedParameters: 0 0 0

#Transform 8
Transform: AffineTransform_float_3_3
Parameters: 1 0.000718394 -0.000759575 -0.000719608 1 -0.000799454 0.000759426 0.000799547 1 0.0536062 -0.130085 -0.13935
FixedParameters: 0 0 0

#Transform 9
Transform: AffineTransform_float_3_3
Parameters: 0.999999 0.000605379 -0.00110234 -0.000606621 0.999999 -0.000563332 0.00110166 0.000563667 0.999999 0.059675 -0.14592 -0.121012
FixedParameters: 0 0 0

#Transform 10
Transform: AffineTransform_float_3_3
Parameters: 1 0.000699527 -0.000754439 -0.000700472 0.999999 -0.000626471 0.000753561 0.000627527 0.999999 0.0630204 -0.142586 -0.142928
FixedParameters: 0 0 0

#Transform 11
Transform: AffineTransform_float_3_3
Parameters: 0.999999 0.000928607 -0.000148476 -0.000928394 0.999996 -0.00266586 0.000146526 0.00266514 0.999997 0.0427658 -0.0912133 -0.0943678
FixedParameters: 0 0 0

#Transform 12
Transform: AffineTransform_float_3_3
Parameters: 0.999999 0.000798182 8.02026e-05 -0.000798818 0.999997 -0.00225206 -8.1799e-05 0.00225193 0.999997 0.0311718 -0.0497219 -0.014934
FixedParameters: 0 0 0

#Transform 13
Transform: AffineTransform_float_3_3
Parameters: 1 0.000545652 -0.0002378 -0.000545348 0.999999 -0.00146587 0.000237201 0.00146613 0.999999 0.022301 -0.124938 0.0541649
FixedParameters: 0 0 0

#Transform 14
Transform: AffineTransform_float_3_3
Parameters: 1 9.51164e-05 -0.000648279 -9.68826e-05 0.999996 -0.00290594 0.000647721 0.00290606 0.999995 0.0244958 -0.0326491 0.0320463
FixedParameters: 0 0 0

#Transform 15
Transform: AffineTransform_float_3_3
Parameters: 0.999999 0.000229847 -0.000981506 -0.000232154 0.999997 -0.00219377 0.000981493 0.00219423 0.999997 0.0304489 -0.0850141 -0.051761
FixedParameters: 0 0 0

#Transform 16
Transform: AffineTransform_float_3_3
Parameters: 1 0.000654933 -0.00016826 -0.000655066 0.999999 -0.00039689 0.00016774 0.00039711 1 0.0126121 -0.122609 -0.0928516
FixedParameters: 0 0 0

#Transform 17
Transform: AffineTransform_float_3_3
Parameters: 0.999999 0.000653877 -0.000636155 -0.000655122 0.999998 -0.00176558 0.000634844 0.00176642 0.999998 0.0599326 -0.0513128 -0.0206146
FixedParameters: 0 0 0

#Transform 18
Transform: AffineTransform_float_3_3
Parameters: 0.999999 0.000710609 -0.000533521 -0.000711392 1 -0.000733621 0.000533477 0.000734379 0.999999 0.0324736 0.0257448 -0.0595619
FixedParameters: 0 0 0

#Transform 19
Transform: AffineTransform_float_3_3
Parameters: 1 0.00043593 8.93409e-05 -0.000436069 0.999999 0.000781961 -8.8659e-05 -0.000782038 0.999999 0.0335262 -0.0111755 -0.00151047
FixedParameters: 0 0 0

#Transform 20
Transform: AffineTransform_float_3_3
Parameters: 1 0.000435819 0.000301261 -0.000436181 0.999999 0.000598868 -0.000301739 -0.000599131 1 0.00476226 0.0105455 0.010821
FixedParameters: 0 0 0

#Transform 21
Transform: AffineTransform_float_3_3
Parameters: 1 -0.000419115 -0.000545911 0.000418885 1 -0.000211229 0.000546088 0.000210771 1 0.00678886 0.00183873 -0.0338502
FixedParameters: 0 0 0

#Transform 22
Transform: AffineTransform_float_3_3
Parameters: 1 -0.000204232 -0.000282832 0.000204767 0.999999 -0.000821057 0.000283168 0.000820942 0.999999 0.00488891 -0.023405 -0.0364861
FixedParameters: 0 0 0

#Transform 23
Transform: AffineTransform_float_3_3
Parameters: 1 -0.000280038 -6.68421e-05 0.000279962 1 -0.000564019 6.71579e-05 0.000563981 1 -0.00240458 -0.114452 -0.0549944
FixedParameters: 0 0 0

#Transform 24
Transform: AffineTransform_float_3_3
Parameters: 1 -0.00016839 -0.000605891 0.00016861 1 -0.000644102 0.000606108 0.000643898 0.999999 0.016808 -0.0967945 -0.0902467
FixedParameters: 0 0 0

#Transform 25
Transform: AffineTransform_float_3_3
Parameters: 1 0.000447049 0.000117813 -0.00044695 1 -0.000419053 -0.000118187 0.000418947 1 0.0167051 -0.0417335 -0.0729988
FixedParameters: 0 0 0

#Transform 26
Transform: AffineTransform_float_3_3
Parameters: 1 0.000481961 0.000118158 -0.000482038 1 0.000326943 -0.000117842 -0.000327057 1 0.0186452 -0.0605961 0.00946255
FixedParameters: 0 0 0

#Transform 27
Transform: AffineTransform_float_3_3
Parameters: 1 7.29477e-05 -0.000315012 -7.30523e-05 1 -0.000165977 0.000314988 0.000166023 1 0.0121563 -0.0233606 -0.0216496
FixedParameters: 0 0 0

#Transform 28
Transform: AffineTransform_float_3_3
Parameters: 1 5.46026e-05 -0.000357061 -5.43973e-05 1 -0.00111298 0.00035694 0.00111302 1 0.0127757 -0.0419466 -0.0565514
FixedParameters: 0 0 0

#Transform 29
Transform: AffineTransform_float_3_3
Parameters: 1 0.000307596 -0.000619201 -0.000308404 0.999999 -0.000652809 0.000618798 0.00065319 0.999999 0.0386097 -0.0597626 -0.0749785
FixedParameters: 0 0 0

#Transform 30
Transform: AffineTransform_float_3_3
Parameters: 0.999999 -3.09256e-05 -0.00071196 3.00744e-05 0.999999 -0.00130002 0.000712039 0.00129998 0.999999 0.0197513 -0.0660032 -0.0506814
FixedParameters: 0 0 0

#Transform 31
Transform: AffineTransform_float_3_3
Parameters: 0.999999 0.000416734 -0.000712155 -0.000417266 1 -0.000373703 0.000711844 0.000373297 0.999999 0.00734854 -0.0494645 -0.0614604
FixedParameters: 0 0 0

#Transform 32
Transform: AffineTransform_float_3_3
Parameters: 0.999999 0.00071498 -0.000321043 -0.000715019 0.999999 -6.07704e-05 0.000320956 6.12295e-05 1 0.0319516 -0.0551603 0.000789098
FixedParameters: 0 0 0

#Transform 33
Transform: AffineTransform_float_3_3
Parameters: 0.999999 0.000714933 -0.00013934 -0.000715065 0.999999 -0.0004749 0.00013866 0.000475099 1 0.022949 0.00741862 0.103116
FixedParameters: 0 0 0

#Transform 34
Transform: AffineTransform_float_3_3
Parameters: 0.999999 0.00071443 -0.000712572 -0.00071557 1 -0.000800491 0.000711428 0.000800509 1 0.0407242 -0.00547249 0.0437042
FixedParameters: 0 0 0

#Transform 35
Transform: AffineTransform_float_3_3
Parameters: 0.999999 0.000715033 -0.000711965 -0.000714965 0.999999 4.8509e-05 0.000712034 -4.74909e-05 0.999999 0.0622494 -0.0270773 0.0161212
FixedParameters: 0 0 0

#Transform 36
Transform: AffineTransform_float_3_3
Parameters: 0.999999 0.000714728 -0.000768251 -0.00071527 0.999999 -0.00035245 0.000767747 0.000353549 0.999999 0.0581684 -0.0168225 -0.0130921
FixedParameters: 0 0 0

#Transform 37
Transform: AffineTransform_float_3_3
Parameters: 1 0.000975079 -0.000711891 -0.000974921 0.999999 0.000111694 0.000712109 -0.000111306 0.999999 0.0627351 -0.026638 0.00803541
FixedParameters: 0 0 0

#Transform 38
Transform: AffineTransform_float_3_3
Parameters: 0.999999 0.000905721 -0.000825306 -0.000906278 0.999999 -0.000337252 0.000824694 0.000337747 0.999999 0.0640563 -0.0156834 0.0218563
FixedParameters: 0 0 0

#Transform 39
Transform: AffineTransform_float_3_3
Parameters: 0.999999 0.00114666 -0.000583668 -0.00114634 0.999999 -0.000582331 0.000583332 0.000582669 0.999999 0.0633659 -0.0291159 0.0249106
FixedParameters: 0 0 0

#Transform 40
Transform: AffineTransform_float_3_3
Parameters: 1 0.00114712 -0.000384649 -0.00114688 1 0.000306441 0.000385352 -0.000306558 1 0.0582622 -0.0518946 0.0316329
FixedParameters: 0 0 0

#Transform 41
Transform: AffineTransform_float_3_3
Parameters: 1 0.00114701 -8.09346e-05 -0.001147 1 5.70929e-05 8.10654e-05 -5.69071e-05 1 0.0505268 -0.039212 0.0396856
FixedParameters: 0 0 0

#Transform 42
Transform: AffineTransform_float_3_3
Parameters: 1 0.000610499 -0.00032195 -0.0006105 0.999998 -0.0015558 0.00032105 0.0015562 0.999998 0.0500596 -0.0288404 -0.00892806
FixedParameters: 0 0 0

#Transform 43
Transform: AffineTransform_float_3_3
Parameters: 1 0.000625138 0.000977912 -0.000625863 1 -0.000140612 -0.000978088 0.000140389 0.999999 0.0368836 -0.0213638 0.0497587
FixedParameters: 0 0 0

#Transform 44
Transform: AffineTransform_float_3_3
Parameters: 0.999999 0.00113431 0.000656462 -0.00113369 0.999999 -0.000474745 -0.000656538 0.000474256 0.999999 0.0443383 0.00847817 0.062077
FixedParameters: 0 0 0

#Transform 45
Transform: AffineTransform_float_3_3
Parameters: 0.999999 0.00113393 0.000749105 -0.00113407 1 9.21506e-05 -0.000748895 -9.28493e-05 0.999999 0.0419131 -0.0233755 0.0424788
FixedParameters: 0 0 0

#Transform 46
Transform: AffineTransform_float_3_3
Parameters: 1 0.000898031 0.000584953 -0.000897969 0.999999 -5.25253e-05 -0.000585048 5.24746e-05 1 0.040722 -0.0214469 0.0459001
FixedParameters: 0 0 0

#Transform 47
Transform: AffineTransform_float_3_3
Parameters: 0.999999 0.000711811 0.000166808 -0.000712189 0.999999 0.00113488 -0.000166192 -0.00113512 1 0.0471423 -0.0375609 0.0440336
FixedParameters: 0 0 0

#Transform 48
Transform: AffineTransform_float_3_3
Parameters: 0.999999 0.000702652 0.000167464 -0.000702346 0.999997 0.00208288 -0.000165537 -0.00208312 0.999998 0.0410376 -0.0775771 0.0256264
FixedParameters: 0 0 0

#Transform 49
Transform: AffineTransform_float_3_3
Parameters: 1 0.000541194 -0.000365712 -0.000540805 0.999999 0.000532198 0.000366288 -0.000531802 1 0.0372111 -0.0731112 0.00961233
FixedParameters: 0 0 0

#Transform 50
Transform: AffineTransform_float_3_3
Parameters: 0.999999 0.000590165 0.000570864 -0.000590835 0.999999 0.00146366 -0.000570136 -0.00146334 0.999999 0.0324559 -0.0881106 0.0256498
FixedParameters: 0 0 0

#Transform 51
Transform: AffineTransform_float_3_3
Parameters: 1 0.00113417 -0.000297335 -0.00113383 0.999999 0.000586338 0.000298664 -0.000585662 1 0.0491738 -0.0614356 0.049876
FixedParameters: 0 0 0

#Transform 52
Transform: AffineTransform_float_3_3
Parameters: 0.999999 0.00141866 -0.000501124 -0.00141834 0.999998 0.00132271 0.000502876 -0.00132229 0.999999 0.0278394 -0.035894 0.1065
FixedParameters: 0 0 0

#Transform 53
Transform: AffineTransform_float_3_3
Parameters: 1 0.000936931 -0.000491229 -0.00093607 0.999998 0.00189146 0.000492772 -0.00189154 0.999998 -0.00225011 -0.0584269 0.109552
FixedParameters: 0 0 0

#Transform 54
Transform: AffineTransform_float_3_3
Parameters: 0.999999 0.000970599 -0.000779255 -0.000970402 0.999999 0.000768757 0.000779746 -0.000767244 1 0.0214742 -0.00173997 0.0920433
FixedParameters: 0 0 0

#Transform 55
Transform: AffineTransform_float_3_3
Parameters: 0.999999 0.000799097 -0.00103515 -0.000797903 0.999999 0.00105983 0.00103585 -0.00105917 0.999999 0.0309177 -0.0552542 0.0786207
FixedParameters: 0 0 0

#Transform 56
Transform: AffineTransform_float_3_3
Parameters: 1 0.0010451 -0.000349709 -0.0010449 1 0.000278366 0.00035029 -0.000277634 1 0.0161364 -0.032642 0.0804666
FixedParameters: 0 0 0

#Transform 57
Transform: AffineTransform_float_3_3
Parameters: 1 0.0010073 -0.000517409 -0.0010067 1 0.000587521 0.000517591 -0.000586479 0.999999 0.0384693 -0.0387757 0.0888323
FixedParameters: 0 0 0

#Transform 58
Transform: AffineTransform_float_3_3
Parameters: 1 0.000824214 -0.000654731 -0.000824786 0.999999 0.00032654 0.00065527 -0.00032646 0.999999 0.0292136 -0.0393994 0.0678802
FixedParameters: 0 0 0

#Transform 59
Transform: AffineTransform_float_3_3
Parameters: 1 0.000885436 -0.000522262 -0.000884565 1 0.000833462 0.000522738 -0.000833537 0.999999 0.0405776 -0.0575707 0.0920412
FixedParameters: 0 0 0

#Transform 60
Transform: AffineTransform_float_3_3
Parameters: 1 0.000956579 -0.000671176 -0.000955421 0.999999 0.000862642 0.000671824 -0.000861358 1 0.0391192 -0.0204998 0.072938
FixedParameters: 0 0 0

#Transform 61
Transform: AffineTransform_float_3_3
Parameters: 0.999999 0.00081912 -0.000312683 -0.000818878 0.999999 0.000387256 0.000313317 -0.000386743 1 0.0288917 -0.043489 0.0439107
FixedParameters: 0 0 0

#Transform 62
Transform: AffineTransform_float_3_3
Parameters: 0.999999 0.000923904 0.000106834 -0.000924096 0.999999 0.000902901 -0.000106165 -0.000903098 0.999999 0.0359749 -0.0614422 0.0514262
FixedParameters: 0 0 0

#Transform 63
Transform: AffineTransform_float_3_3
Parameters: 1 0.000304189 -0.000616907 -0.000303811 1 0.000306187 0.000617093 -0.000305812 1 0.0546474 -0.0464249 0.0594585
FixedParameters: 0 0 0

#Transform 64
Transform: AffineTransform_float_3_3
Parameters: 1 0.000924354 -0.000505356 -0.000923648 1 0.000697467 0.000505645 -0.000697533 0.999999 0.0372295 -0.0560047 0.0513033
FixedParameters: 0 0 0

#Transform 65
Transform: AffineTransform_float_3_3
Parameters: 1 0.000746161 -0.000651816 -0.00074584 0.999999 0.000246486 0.000652184 -0.000246513 1 0.0368689 -0.0561971 0.0866077
FixedParameters: 0 0 0

#Transform 66
Transform: AffineTransform_float_3_3
Parameters: 1 0.00107499 -0.00036304 -0.00107501 1 -3.66098e-05 0.00036296 3.73902e-05 1 0.0370766 -0.046479 0.0582918
FixedParameters: 0 0 0

#Transform 67
Transform: AffineTransform_float_3_3
Parameters: 0.999999 0.000553332 -0.000780764 -0.000552667 1 0.000426431 0.000780235 -0.000425568 0.999999 0.0355598 -0.0623747 0.060975
FixedParameters: 0 0 0

#Transform 68
Transform: AffineTransform_float_3_3
Parameters: 0.999999 0.000585988 -0.000585012 -0.000586012 1 -2.06572e-05 0.000584988 2.03428e-05 1 0.038791 -0.0269983 0.0520449
FixedParameters: 0 0 0

#Transform 69
Transform: AffineTransform_float_3_3
Parameters: 0.999999 0.000869097 -0.000176525 -0.000868904 1 0.000546154 0.000176474 -0.000545847 1 0.0275437 -0.0484675 0.0824812
FixedParameters: 0 0 0

#Transform 70
Transform: AffineTransform_float_3_3
Parameters: 1 0.000777583 -0.00061927 -0.000777418 1 0.000940482 0.000619731 -0.000939519 1 0.048836 -0.01439 0.104936
FixedParameters: 0 0 0

#Transform 71
Transform: AffineTransform_float_3_3
Parameters: 0.999999 0.0011875 -0.000825278 -0.0011865 0.999999 0.00060898 0.000825723 -0.00060802 1 0.0717287 -0.00971997 0.125144
FixedParameters: 0 0 0

#Transform 72
Transform: AffineTransform_float_3_3
Parameters: 0.999999 0.00146815 -0.000810723 -0.00146885 0.999999 0.000189191 0.000811277 -0.000187809 0.999999 0.0577092 0.0165967 0.110861
FixedParameters: 0 0 0

#Transform 73
Transform: AffineTransform_float_3_3
Parameters: 0.999999 0.00139423 -0.000686532 -0.00139377 0.999999 0.000335957 0.000686466 -0.000334043 0.999999 0.0342869 0.00810179 0.0797842
FixedParameters: 0 0 0

#Transform 74
Transform: AffineTransform_float_3_3
Parameters: 0.999999 0.00120104 -0.000504898 -0.00120096 1 8.56064e-05 0.000505102 -8.43934e-05 1 0.0337412 -0.0251068 0.0821513
FixedParameters: 0 0 0

#Transform 75
Transform: AffineTransform_float_3_3
Parameters: 1 0.00108895 -0.000306185 -0.00108905 1 -0.000169667 0.000305816 0.000169333 1 0.0272286 -0.00537948 0.0711698
FixedParameters: 0 0 0

#Transform 76
Transform: AffineTransform_float_3_3
Parameters: 1 0.000973065 -0.000337811 -0.000972934 0.999999 0.000194329 0.000338189 -0.000193671 1 0.0157527 -0.0128042 0.0724269
FixedParameters: 0 0 0

#Transform 77
Transform: AffineTransform_float_3_3
Parameters: 1 0.00107907 -0.000364785 -0.00107893 1 0.000199394 0.000364216 -0.000199607 1 0.00187201 -0.0210144 0.0778146
FixedParameters: 0 0 0

#Transform 78
Transform: AffineTransform_float_3_3
Parameters: 0.999999 0.000870222 -0.000901785 -0.000869778 0.999999 0.000246784 0.000902214 -0.000246215 0.999999 0.0309344 -0.0455023 0.110661
FixedParameters: 0 0 0

#Transform 79
Transform: AffineTransform_float_3_3
Parameters: 1 0.00101905 -0.000281831 -0.00101895 1 0.000166287 0.000281169 -0.000165714 1 0.0293492 -0.000330206 0.109759
FixedParameters: 0 0 0

#Transform 80
Transform: AffineTransform_float_3_3
Parameters: 0.999999 0.00168004 -0.000461865 -0.00167996 0.999998 8.0776e-05 0.000462136 -8.02237e-05 1 0.0386995 -0.0293606 0.121182
FixedParameters: 0 0 0

#Transform 81
Transform: AffineTransform_float_3_3
Parameters: 0.999999 0.00112531 -0.000615435 -0.00112469 0.999999 0.000502693 0.000616565 -0.000502307 0.999999 0.0341648 -0.0131657 0.1274
FixedParameters: 0 0 0

#Transform 82
Transform: AffineTransform_float_3_3
Parameters: 0.999999 0.0012582 -0.000502493 -0.0012578 0.999999 0.000403632 0.000502508 -0.000403368 1 0.030047 -0.013652 0.113429
FixedParameters: 0 0 0

#Transform 83
Transform: AffineTransform_float_3_3
Parameters: 0.999999 0.00127502 -9.0759e-05 -0.00127498 0.999999 0.000189116 9.12422e-05 -0.000189884 1 0.023318 -0.0245035 0.138399
FixedParameters: 0 0 0

#Transform 84
Transform: AffineTransform_float_3_3
Parameters: 0.999999 0.00126965 -0.0007479 -0.00126935 0.999999 0.00086695 0.0007491 -0.00086605 1 0.0196174 0.00251763 0.117666
FixedParameters: 0 0 0

#Transform 85
Transform: AffineTransform_float_3_3
Parameters: 0.999998 0.00139556 -0.00104325 -0.00139544 0.999999 0.000537457 0.00104475 -0.000535543 1 0.0153893 -0.0132671 0.102468
FixedParameters: 0 0 0

#Transform 86
Transform: AffineTransform_float_3_3
Parameters: 0.999999 0.00160902 -0.000888962 -0.00160898 0.999998 2.44303e-05 0.000889037 -2.25695e-05 0.999999 0.0126786 0.0204349 0.0904345
FixedParameters: 0 0 0

#Transform 87
Transform: AffineTransform_float_3_3
Parameters: 0.999999 0.00154974 -0.000889462 -0.00154927 0.999999 -0.000297622 0.000888539 0.000298377 0.999999 0.0150419 0.0106549 0.123899
FixedParameters: 0 0 0

#Transform 88
Transform: AffineTransform_float_3_3
Parameters: 0.999998 0.00135921 -0.00132276 -0.0013588 0.999998 0.000911798 0.00132324 -0.000910203 0.999998 0.0217663 -0.00337692 0.085513
FixedParameters: 0 0 0

#Transform 89
Transform: AffineTransform_float_3_3
Parameters: 0.999998 0.00148181 -0.00131109 -0.00148119 0.999998 0.000615943 0.00131191 -0.000614057 0.999999 0.0350997 0.015836 0.0734887
FixedParameters: 0 0 0

#Transform 90
Transform: AffineTransform_float_3_3
Parameters: 0.999999 0.00153196 -0.00094946 -0.00153105 0.999999 0.00100646 0.000950542 -0.00100555 0.999999 0.0260803 0.0118272 0.111021
FixedParameters: 0 0 0

#Transform 91
Transform: AffineTransform_float_3_3
Parameters: 0.999999 0.00135023 -0.000750578 -0.00134977 0.999999 0.000313013 0.000750421 -0.000311987 0.999999 0.0068026 0.0248344 0.110527
FixedParameters: 0 0 0

#Transform 92
Transform: AffineTransform_float_3_3
Parameters: 0.999999 0.00145321 -0.000246741 -0.00145279 0.999998 0.000866359 0.000247258 -0.000865641 0.999999 0.0115048 0.00503817 0.115518
FixedParameters: 0 0 0

#Transform 93
Transform: AffineTransform_float_3_3
Parameters: 0.999999 0.00170587 -0.000531233 -0.00170514 0.999997 0.00162291 0.000533767 -0.00162209 0.999998 0.0103969 0.129883 0.113104
FixedParameters: 0 0 0

#Transform 94
Transform: AffineTransform_float_3_3
Parameters: 0.999999 0.00126073 -0.000825407 -0.00126127 0.999999 -0.000322959 0.000824592 0.00032404 0.999999 0.0170324 0.0304715 0.134032
FixedParameters: 0 0 0

#Transform 95
Transform: AffineTransform_float_3_3
Parameters: 0.999999 0.00101321 -0.000761722 -0.00101279 1 0.000274772 0.000761278 -0.000274229 0.999999 0.00887813 0.00037443 0.238276
FixedParameters: 0 0 0

#Transform 96
Transform: AffineTransform_float_3_3
Parameters: 0.999999 0.00108825 -0.000786041 -0.00108975 0.999999 -0.000955144 0.000784959 0.000955855 0.999999 0.0215251 0.106055 0.19609
FixedParameters: 0 0 0

#Transform 97
Transform: AffineTransform_float_3_3
Parameters: 0.999999 0.00158137 -0.000971027 -0.00158163 0.999998 -0.000648465 0.000969973 0.000650535 1 0.0047019 0.0552763 0.267554
FixedParameters: 0 0 0

#Transform 98
Transform: AffineTransform_float_3_3
Parameters: 0.999998 0.000992415 -0.00125046 -0.000993584 1 -0.000466758 0.00124954 0.000468241 0.999999 -0.00179138 0.0799407 0.23444
FixedParameters: 0 0 0

#Transform 99
Transform: AffineTransform_float_3_3
Parameters: 0.999998 0.00150444 -0.00112041 -0.00150456 0.999999 0.000391686 0.00112059 -0.000389315 1 0.00673219 0.0541053 0.229881
FixedParameters: 0 0 0

#Transform 100
Transform: AffineTransform_float_3_3
Parameters: 0.999998 0.00118467 -0.00118232 -0.00118433 0.999999 0.000570401 0.00118268 -0.0005696 0.999999 0.000819248 0.0577506 0.228692
FixedParameters: 0 0 0

#Transform 101
Transform: AffineTransform_float_3_3
Parameters: 0.999999 0.000950518 -0.0015679 -0.000951484 0.999999 -0.00094551 0.0015671 0.000946492 0.999999 0.0185288 0.0777021 0.24858
FixedParameters: 0 0 0

#Transform 102
Transform: AffineTransform_float_3_3
Parameters: 0.999998 0.0010319 -0.00119795 -0.0010331 0.999999 -0.000920763 0.00119705 0.000922236 0.999999 0.0222129 0.0794608 0.20612
FixedParameters: 0 0 0

#Transform 103
Transform: AffineTransform_float_3_3
Parameters: 0.999999 0.00120997 -0.000876418 -0.00121103 0.999998 -0.00117094 0.000875582 0.00117206 0.999999 0.0133346 0.0847787 0.221334
FixedParameters: 0 0 0

#Transform 104
Transform: AffineTransform_float_3_3
Parameters: 0.999999 0.00134127 -0.00119894 -0.00134273 0.999998 -0.00144439 0.00119706 0.00144561 0.999998 0.0228095 0.0986511 0.214522
FixedParameters: 0 0 0

#Transform 105
Transform: AffineTransform_float_3_3
Parameters: 0.999999 0.00120384 -0.00128009 -0.00120516 0.999999 -0.000904458 0.00127891 0.000905541 0.999999 0.0140198 0.0614231 0.206917
FixedParameters: 0 0 0

#Transform 106
Transform: AffineTransform_float_3_3
Parameters: 0.999998 0.00119108 -0.00159743 -0.00119292 0.999998 -0.0012001 0.00159657 0.0012019 0.999998 0.0262151 0.0938106 0.20093
FixedParameters: 0 0 0

#Transform 107
Transform: AffineTransform_float_3_3
Parameters: 0.999999 0.00117843 -0.00130052 -0.00117957 0.999999 -0.000438467 0.00130048 0.000440533 0.999999 0.0116645 0.0505576 0.21409
FixedParameters: 0 0 0

#Transform 108
Transform: AffineTransform_float_3_3
Parameters: 0.999998 0.00103675 -0.001298 -0.00103825 0.999999 -0.000960653 0.001297 0.000961346 0.999998 0.021369 0.0729738 0.245908
FixedParameters: 0 0 0

#Transform 109
Transform: AffineTransform_float_3_3
Parameters: 0.999998 0.0012366 -0.00112055 -0.0012374 0.999999 -0.00125062 0.00111845 0.00125238 0.999998 0.000459575 0.0693677 0.231026
FixedParameters: 0 0 0

#Transform 110
Transform: AffineTransform_float_3_3
Parameters: 0.999997 0.0016681 -0.00141406 -0.0016689 0.999999 -0.000633642 0.00141294 0.000636359 0.999999 0.0179703 0.0609372 0.252441
FixedParameters: 0 0 0

#Transform 111
Transform: AffineTransform_float_3_3
Parameters: 0.999997 0.00167151 -0.00191517 -0.00167349 0.999998 -0.0012978 0.00191283 0.0013012 0.999998 0.0308925 0.0721516 0.216129
FixedParameters: 0 0 0

#Transform 112
Transform: AffineTransform_float_3_3
Parameters: 0.999996 0.00201003 -0.00204595 -0.00201097 0.999998 -0.000470887 0.00204505 0.000475112 0.999998 0.0419924 0.046266 0.224196
FixedParameters: 0 0 0

#Transform 113
Transform: AffineTransform_float_3_3
Parameters: 0.999996 0.00216355 -0.0017101 -0.00216545 0.999996 -0.0014313 0.0017069 0.0014347 0.999997 0.0371425 0.0945381 0.208263
FixedParameters: 0 0 0

#Transform 114
Transform: AffineTransform_float_3_3
Parameters: 0.999996 0.00189894 -0.00184812 -0.00190106 0.999997 -0.00111549 0.00184588 0.00111851 0.999997 0.0344997 0.0569857 0.196395
FixedParameters: 0 0 0

#Transform 115
Transform: AffineTransform_float_3_3
Parameters: 0.999996 0.0021074 -0.0018773 -0.0021126 0.999994 -0.00298605 0.0018707 0.00298995 0.999994 0.0196652 0.0877379 0.203417
FixedParameters: 0 0 0

#Transform 116
Transform: AffineTransform_float_3_3
Parameters: 0.999994 0.0023398 -0.00233621 -0.0023442 0.999995 -0.00179553 0.00233179 0.00180046 0.999995 0.0219963 0.0879774 0.17229
FixedParameters: 0 0 0

#Transform 117
Transform: AffineTransform_float_3_3
Parameters: 0.999994 0.00186946 -0.00267618 -0.00187454 0.999997 -0.00169499 0.00267282 0.00170001 0.999995 0.0340292 0.0830783 0.214496
FixedParameters: 0 0 0

#Transform 118
Transform: AffineTransform_float_3_3
Parameters: 0.999994 0.00196216 -0.00261439 -0.00196883 0.999995 -0.00223086 0.00261061 0.00223613 0.999994 0.0203694 0.0958638 0.198236
FixedParameters: 0 0 0

#Transform 119
Transform: AffineTransform_float_3_3
Parameters: 0.999995 0.00193165 -0.00251466 -0.00193935 0.999994 -0.00292214 0.00250934 0.00292686 0.999992 0.0212902 0.0868114 0.174388
FixedParameters: 0 0 0

#Transform 120
Transform: AffineTransform_float_3_3
Parameters: 0.999994 0.00195159 -0.00289334 -0.00195741 0.999995 -0.00221535 0.00288967 0.00222065 0.999994 0.0345347 0.079832 0.181529
FixedParameters: 0 0 0

#Transform 121
Transform: AffineTransform_float_3_3
Parameters: 0.999997 0.00216605 -0.00155951 -0.00217495 0.999981 -0.00575963 0.0015475 0.00576337 0.999982 0.0542018 0.101646 0.216668
FixedParameters: 0 0 0

#Transform 122
Transform: AffineTransform_float_3_3
Parameters: 0.999995 0.0024438 -0.00212646 -0.0024512 0.999989 -0.00386181 0.00211655 0.00386619 0.999991 0.0506168 0.100937 0.243404
FixedParameters: 0 0 0

#Transform 123
Transform: AffineTransform_float_3_3
Parameters: 0.999994 0.00248964 -0.00216864 -0.00249836 0.99999 -0.00386161 0.00215936 0.0038664 0.99999 0.0363626 0.0990838 0.229702
FixedParameters: 0 0 0

#Transform 124
Transform: AffineTransform_float_3_3
Parameters: 0.999995 0.00226057 -0.0022415 -0.00226644 0.999995 -0.00242593 0.0022355 0.00243007 0.999994 0.0241675 0.0911925 0.23313
FixedParameters: 0 0 0

#Transform 125
Transform: AffineTransform_float_3_3
Parameters: 0.999995 0.0022353 -0.00229451 -0.0022437 0.999991 -0.00379787 0.00228549 0.00380313 0.99999 0.0263151 0.132388 0.207559
FixedParameters: 0 0 0

#Transform 126
Transform: AffineTransform_float_3_3
Parameters: 0.999997 0.00180515 -0.00202403 -0.00181385 0.999991 -0.00388134 0.00201697 0.00388566 0.999991 0.0300805 0.110748 0.26226
FixedParameters: 0 0 0

#Transform 127
Transform: AffineTransform_float_3_3
Parameters: 0.999994 0.00230197 -0.00231201 -0.00230802 0.999994 -0.00260668 0.00230598 0.00261232 0.999994 0.0430024 0.114858 0.251651
FixedParameters: 0 0 0

#Transform 128
Transform: AffineTransform_float_3_3
Parameters: 0.999994 0.00242277 -0.00245713 -0.00243323 0.999989 -0.00417005 0.00244687 0.00417596 0.999989 0.0551691 0.127644 0.269284
FixedParameters: 0 0 0

#Transform 129
Transform: AffineTransform_float_3_3
Parameters: 0.999994 0.0024569 -0.00245512 -0.0024641 0.999993 -0.00289297 0.00244787 0.00289903 0.999993 0.0445452 0.0944961 0.239655
FixedParameters: 0 0 0

#Transform 130
Transform: AffineTransform_float_3_3
Parameters: 0.999995 0.00196422 -0.00254159 -0.00197378 0.99999 -0.003851 0.00253341 0.003856 0.99999 0.0309124 0.131631 0.22537
FixedParameters: 0 0 0

#Transform 131
Transform: AffineTransform_float_3_3
Parameters: 0.999994 0.00249881 -0.0021321 -0.00250419 0.999994 -0.00243567 0.0021269 0.00244033 0.999995 0.0326885 0.084764 0.255862
FixedParameters: 0 0 0

#Transform 132
Transform: AffineTransform_float_3_3
Parameters: 0.999995 0.00223807 -0.0025092 -0.00224493 0.999993 -0.00276138 0.00250281 0.00276662 0.999993 0.0358294 0.113412 0.243638
FixedParameters: 0 0 0

#Transform 133
Transform: AffineTransform_float_3_3
Parameters: 0.999994 0.00249737 -0.00213378 -0.00250362 0.999992 -0.00310767 0.00212622 0.00311333 0.999993 0.0281353 0.124113 0.231746
FixedParameters: 0 0 0

#Transform 134
Transform: AffineTransform_float_3_3
Parameters: 0.999995 0.00230555 -0.00243603 -0.00231445 0.999992 -0.00347238 0.00242797 0.00347762 0.999991 0.0419257 0.138311 0.250856
FixedParameters: 0 0 0

#Transform 135
Transform: AffineTransform_float_3_3
Parameters: 0.999993 0.00249422 -0.00258049 -0.00250378 0.999989 -0.00379356 0.00257151 0.00380044 0.999989 0.0470819 0.159737 0.261478
FixedParameters: 0 0 0

#Transform 136
Transform: AffineTransform_float_3_3
Parameters: 0.999994 0.00249679 -0.00267376 -0.00250422 0.999993 -0.00269832 0.00266724 0.00270568 0.999993 0.0553485 0.125678 0.286358
FixedParameters: 0 0 0

#Transform 137
Transform: AffineTransform_float_3_3
Parameters: 0.999991 0.00249174 -0.00323448 -0.00250426 0.999989 -0.00379193 0.00322551 0.00380007 0.999987 0.04436 0.136285 0.260267
FixedParameters: 0 0 0

#Transform 138
Transform: AffineTransform_float_3_3
Parameters: 0.999992 0.00249434 -0.00313073 -0.00250366 0.999992 -0.00308719 0.00312228 0.00309481 0.999991 0.0321705 0.10933 0.251376
FixedParameters: 0 0 0

#Transform 139
Transform: AffineTransform_float_3_3
Parameters: 0.999993 0.00249253 -0.00302449 -0.00250346 0.999989 -0.00379246 0.00301452 0.00380054 0.999988 0.029565 0.149052 0.254822
FixedParameters: 0 0 0

#Transform 140
Transform: AffineTransform_float_3_3
Parameters: 0.999992 0.0022393 -0.00313068 -0.00224969 0.999991 -0.00341798 0.00312232 0.00342502 0.99999 0.0396343 0.123767 0.247957
FixedParameters: 0 0 0

#Transform 141
Transform: AffineTransform_float_3_3
Parameters: 0.999992 0.0024929 -0.00292748 -0.0025041 0.999989 -0.00379269 0.00291851 0.0038003 0.999988 0.04057 0.15782 0.263389
FixedParameters: 0 0 0

#Transform 142
Transform: AffineTransform_float_3_3
Parameters: 0.999993 0.00249364 -0.00273349 -0.00250336 0.999989 -0.00379318 0.00272452 0.00379982 0.999989 0.0353245 0.124521 0.25451
FixedParameters: 0 0 0

#Transform 143
Transform: AffineTransform_float_3_3
Parameters: 0.999993 0.00228921 -0.00290554 -0.0022998 0.99999 -0.00371734 0.00289746 0.00372366 0.999989 0.0403874 0.130669 0.272173
FixedParameters: 0 0 0

#Transform 144
Transform: AffineTransform_float_3_3
Parameters: 0.999993 0.00249178 -0.00302212 -0.00250422 0.999988 -0.00404546 0.00301188 0.00405354 0.999987 0.0431962 0.130228 0.256913
FixedParameters: 0 0 0

#Transform 145
Transform: AffineTransform_float_3_3
Parameters: 0.999992 0.00277044 -0.00267888 -0.00277856 0.999991 -0.00319558 0.00267012 0.00320342 0.999992 0.0171866 0.0889821 0.183906
FixedParameters: 0 0 0

#Transform 146
Transform: AffineTransform_float_3_3
Parameters: 0.999994 0.00249732 -0.00267624 -0.00250368 0.999994 -0.00249332 0.00267076 0.00250069 0.999994 0.0321245 0.0959875 0.236871
FixedParameters: 0 0 0

#Transform 147
Transform: AffineTransform_float_3_3
Parameters: 0.999992 0.00249545 -0.00292731 -0.00250354 0.999992 -0.00291869 0.0029207 0.00292631 0.999992 0.0408368 0.106876 0.223651
FixedParameters: 0 0 0

#Transform 148
Transform: AffineTransform_float_3_3
Parameters: 0.999993 0.00286257 -0.00215954 -0.00286943 0.999992 -0.00297782 0.00215146 0.00298418 0.999993 0.04512 0.0942289 0.232529
FixedParameters: 0 0 0

#Transform 149
Transform: AffineTransform_float_3_3
Parameters: 0.999995 0.00260337 -0.00187624 -0.00260963 0.999991 -0.00354112 0.00186676 0.00354588 0.999992 0.0357635 0.106789 0.185586
FixedParameters: 0 0 0

#Transform 150
Transform: AffineTransform_float_3_3
Parameters: 0.999995 0.00232449 -0.00222194 -0.00233351 0.99999 -0.00383684 0.00221306 0.00384216 0.99999 0.0440672 0.0993193 0.199733
FixedParameters: 0 0 0

#Transform 151
Transform: AffineTransform_float_3_3
Parameters: 0.999994 0.00250635 -0.00206432 -0.00251364 0.99999 -0.00370883 0.00205468 0.00371417 0.999991 0.0494254 0.107724 0.136186
FixedParameters: 0 0 0
