# transform file /out/sourcedata/freesurfer/sub-v2s3x28815_ses-1/mri/transforms/cc_up.lta
# created by oesteban on Fri Mar 13 03:42:57 2026

type      = 0 # LINEAR_VOX_TO_VOX
nxforms   = 1
mean      = 131.0000 90.0000 97.0000
sigma     = 10000.0000
1 4 4
9.965288043022156e-01 2.024414576590061e-02 8.074965327978134e-02 -1.152824687957764e+01 
-2.017801068723202e-02 9.997950196266174e-01 -1.635042950510979e-03 6.179081344604492e+01 
-8.076620846986771e-02 0.000000000000000e+00 9.967330694198608e-01 4.580933380126953e+01 
0.000000000000000e+00 0.000000000000000e+00 0.000000000000000e+00 1.000000000000000e+00 
src volume info
valid = 1  # volume info valid
filename = /out/sourcedata/freesurfer/sub-v2s3x28815_ses-1/mri/norm.mgz
volume = 256 256 256
voxelsize = 1.000000000000000e+00 1.000000000000000e+00 1.000000000000000e+00
xras   = -1.000000000000000e+00 0.000000000000000e+00 0.000000000000000e+00
yras   = 0.000000000000000e+00 0.000000000000000e+00 -1.000000000000000e+00
zras   = 0.000000000000000e+00 1.000000000000000e+00 0.000000000000000e+00
cras   = -2.318443298339844e+00 5.498428344726562e+01 -7.148345947265625e+00
dst volume info
valid = 1  # volume info valid
filename = /out/sourcedata/freesurfer/sub-v2s3x28815_ses-1/mri/norm.mgz
volume = 256 256 256
voxelsize = 1.000000000000000e+00 1.000000000000000e+00 1.000000000000000e+00
xras   = -1.000000000000000e+00 0.000000000000000e+00 0.000000000000000e+00
yras   = 0.000000000000000e+00 0.000000000000000e+00 -1.000000000000000e+00
zras   = 0.000000000000000e+00 1.000000000000000e+00 0.000000000000000e+00
cras   = -2.318443298339844e+00 5.498428344726562e+01 -7.148345947265625e+00
