# transform file /out/sourcedata/freesurfer/sub-v2s3x28821_ses-1/mri/transforms/cc_up.lta
# created by oesteban on Fri Mar 13 03:27:49 2026

type      = 0 # LINEAR_VOX_TO_VOX
nxforms   = 1
mean      = 126.0000 86.0000 112.0000
sigma     = 10000.0000
1 4 4
9.982627630233765e-01 2.164232544600964e-02 5.480009689927101e-02 -7.398436546325684e+00 
-2.160978876054287e-02 9.997658133506775e-01 -1.186279463581741e-03 6.491555786132812e+01 
-5.481293424963951e-02 0.000000000000000e+00 9.984965920448303e-01 2.218593215942383e+01 
0.000000000000000e+00 0.000000000000000e+00 0.000000000000000e+00 1.000000000000000e+00 
src volume info
valid = 1  # volume info valid
filename = /out/sourcedata/freesurfer/sub-v2s3x28821_ses-1/mri/norm.mgz
volume = 256 256 256
voxelsize = 1.000000000000000e+00 1.000000000000000e+00 1.000000000000000e+00
xras   = -1.000000000000000e+00 0.000000000000000e+00 0.000000000000000e+00
yras   = 0.000000000000000e+00 0.000000000000000e+00 -1.000000000000000e+00
zras   = 0.000000000000000e+00 1.000000000000000e+00 0.000000000000000e+00
cras   = 1.192085266113281e+01 3.428936767578125e+01 -6.844940185546875e-01
dst volume info
valid = 1  # volume info valid
filename = /out/sourcedata/freesurfer/sub-v2s3x28821_ses-1/mri/norm.mgz
volume = 256 256 256
voxelsize = 1.000000000000000e+00 1.000000000000000e+00 1.000000000000000e+00
xras   = -1.000000000000000e+00 0.000000000000000e+00 0.000000000000000e+00
yras   = 0.000000000000000e+00 0.000000000000000e+00 -1.000000000000000e+00
zras   = 0.000000000000000e+00 1.000000000000000e+00 0.000000000000000e+00
cras   = 1.192085266113281e+01 3.428936767578125e+01 -6.844940185546875e-01
