#Insight Transform File V1.0
#Transform 0
Transform: AffineTransform_float_3_3
Parameters: 0.999999 0.000706383 -0.00122678 -0.000706616 0.999999 0.000312867 0.00122722 -0.000312133 0.999999 -0.0485531 -0.112972 0.0169148
FixedParameters: 0 0 0

#Transform 1
Transform: AffineTransform_float_3_3
Parameters: 1 0.000455773 -0.000900115 -0.000455228 1 -0.00025259 0.000900885 0.000252411 0.999999 -0.0577789 -0.116349 0.0491611
FixedParameters: 0 0 0

#Transform 2
Transform: AffineTransform_float_3_3
Parameters: 1 0.000705739 -0.00071026 -0.000706261 0.999999 -0.000367498 0.000709741 0.000367501 0.999999 -0.0402615 -0.107211 0.0496266
FixedParameters: 0 0 0

#Transform 3
Transform: AffineTransform_float_3_3
Parameters: 0.999999 0.000705679 -0.0011082 -0.000706321 0.999999 -0.000289218 0.0011078 0.000289782 1 -0.0305611 -0.091333 -0.0152908
FixedParameters: 0 0 0

#Transform 4
Transform: AffineTransform_float_3_3
Parameters: 1 0.00070631 -0.000899756 -0.000705689 0.999999 0.000345635 0.000900243 -0.000344364 0.999999 -0.0247912 -0.110141 0.0310442
FixedParameters: 0 0 0

#Transform 5
Transform: AffineTransform_float_3_3
Parameters: 0.999999 0.000514702 -0.00141975 -0.000513298 0.999999 0.000494729 0.00141925 -0.00049427 0.999999 -0.0390046 -0.0850252 0.0298338
FixedParameters: 0 0 0

#Transform 6
Transform: AffineTransform_float_3_3
Parameters: 0.999999 0.000706101 -0.00132195 -0.000705899 0.999999 7.69332e-05 0.00132205 -7.60666e-05 0.999999 -0.0383716 -0.0735659 0.000115437
FixedParameters: 0 0 0

#Transform 7
Transform: AffineTransform_float_3_3
Parameters: 0.999999 0.000372089 -0.00140198 -0.000371911 1 6.35215e-05 0.00140202 -6.34784e-05 0.999999 -0.0439951 -0.0692425 -0.0144023
FixedParameters: 0 0 0

#Transform 8
Transform: AffineTransform_float_3_3
Parameters: 0.999999 0.000356168 -0.00131468 -0.00035483 0.999999 0.000889467 0.00131532 -0.000888532 0.999998 -0.0384436 -0.0867907 0.0355556
FixedParameters: 0 0 0

#Transform 9
Transform: AffineTransform_float_3_3
Parameters: 1 0.000706722 -0.000899435 -0.000706279 1 0.000801636 0.000900567 -0.000801365 1 -0.0361429 -0.0698862 0.0366606
FixedParameters: 0 0 0

#Transform 10
Transform: AffineTransform_float_3_3
Parameters: 0.999999 0.000398141 -0.000899937 -0.000397859 1 0.000156358 0.000900062 -0.000156642 0.999999 -0.0362442 -0.0479612 -0.00428059
FixedParameters: 0 0 0

#Transform 11
Transform: AffineTransform_float_3_3
Parameters: 1 0.000705436 -0.000769518 -0.000706565 1 -0.000733457 0.000769482 0.000734544 1 -0.0353714 -0.0171703 -0.0288879
FixedParameters: 0 0 0

#Transform 12
Transform: AffineTransform_float_3_3
Parameters: 0.999999 0.000442805 -0.000827103 -0.000443194 1 -0.000234633 0.000826895 0.000235366 0.999999 -0.02483 -0.0591867 0.0305396
FixedParameters: 0 0 0

#Transform 13
Transform: AffineTransform_float_3_3
Parameters: 0.999999 0.00031208 -0.000899972 -0.00031192 1 8.92808e-05 0.000900028 -8.87192e-05 1 -0.0290299 -0.0664037 0.0246683
FixedParameters: 0 0 0

#Transform 14
Transform: AffineTransform_float_3_3
Parameters: 0.999999 0.000214697 -0.00142605 -0.000215302 1 -0.000211693 0.00142595 0.000212306 0.999999 -0.038946 -0.0450128 0.00302892
FixedParameters: 0 0 0

#Transform 15
Transform: AffineTransform_float_3_3
Parameters: 0.999999 0.000215196 -0.000899952 -0.000214804 1 0.000218193 0.000900046 -0.000217806 0.999999 -0.0362174 -0.0189479 -0.0468255
FixedParameters: 0 0 0

#Transform 16
Transform: AffineTransform_float_3_3
Parameters: 1 0.000215477 -0.0010149 -0.000215523 1 0.000470219 0.0010151 -0.000469782 1 -0.0472013 -0.0534716 0.0322458
FixedParameters: 0 0 0

#Transform 17
Transform: AffineTransform_float_3_3
Parameters: 0.999999 0.000214245 -0.000983165 -0.000214755 0.999999 -0.000767789 0.000982835 0.000768211 0.999999 -0.0367778 -0.0204211 0.0324857
FixedParameters: 0 0 0

#Transform 18
Transform: AffineTransform_float_3_3
Parameters: 0.999999 -0.000583051 -0.000470937 0.000582949 1 -0.000108275 0.000471063 0.000107725 1 0.0181112 -0.0208968 0.0540418
FixedParameters: 0 0 0

#Transform 19
Transform: AffineTransform_float_3_3
Parameters: 1 7.29862e-05 2.20458e-05 -7.30138e-05 1 0.000626998 -2.19542e-05 -0.000627001 1 0.0207568 -0.0156399 0.0655708
FixedParameters: 0 0 0

#Transform 20
Transform: AffineTransform_float_3_3
Parameters: 1 -0.000298003 -5.59821e-05 0.000297997 1 -6.00167e-05 5.60179e-05 5.99833e-05 1 0.00807471 -0.020056 0.0405232
FixedParameters: 0 0 0

#Transform 21
Transform: AffineTransform_float_3_3
Parameters: 1 7.2785e-05 -0.000501031 -7.32149e-05 1 -0.000428963 0.000500968 0.000429036 1 -0.00505919 -0.0211356 -0.0595946
FixedParameters: 0 0 0

#Transform 22
Transform: AffineTransform_float_3_3
Parameters: 0.999999 6.71833e-05 -0.000969986 -6.68166e-05 1 0.000189065 0.000970012 -0.000188935 0.999999 -0.0289828 -0.0178571 -0.13496
FixedParameters: 0 0 0

#Transform 23
Transform: AffineTransform_float_3_3
Parameters: 0.999999 -0.00036905 -0.000752975 0.000368949 1 -6.72778e-05 0.000753024 6.67221e-05 0.999999 -0.00992919 -0.0202235 -0.114008
FixedParameters: 0 0 0

#Transform 24
Transform: AffineTransform_float_3_3
Parameters: 1 0.000145086 0.000199938 -0.000144914 1 -0.000429029 -0.000200062 0.000428971 1 -0.00496249 -0.0209491 -0.0597525
FixedParameters: 0 0 0

#Transform 25
Transform: AffineTransform_float_3_3
Parameters: 0.999999 -0.000707399 -0.000325134 0.000706601 0.999999 -0.00122523 0.000325866 0.00122477 0.999999 0.00687811 0.030632 -0.138858
FixedParameters: 0 0 0

#Transform 26
Transform: AffineTransform_float_3_3
Parameters: 1 -7.99865e-05 1.80596e-05 8.00141e-05 0.999999 -0.000744998 -1.89404e-05 0.000745001 0.999999 0.015378 -0.00902107 -0.149935
FixedParameters: 0 0 0

#Transform 27
Transform: AffineTransform_float_3_3
Parameters: 1 -0.000181814 0.000149227 0.000181186 0.999999 -0.00124897 -0.000148774 0.00124903 0.999999 0.000290787 0.00490484 -0.196782
FixedParameters: 0 0 0

#Transform 28
Transform: AffineTransform_float_3_3
Parameters: 1 -0.000354851 0.000108489 0.00035515 0.999999 -0.00137696 -0.000108511 0.00137704 0.999999 0.0177941 0.00393715 -0.213386
FixedParameters: 0 0 0

#Transform 29
Transform: AffineTransform_float_3_3
Parameters: 1 0.00012131 0.000199812 -0.00012069 0.999999 -0.00155002 -0.000200187 0.00154998 0.999999 0.0162909 0.0271828 -0.234649
FixedParameters: 0 0 0

#Transform 30
Transform: AffineTransform_float_3_3
Parameters: 1 0.000131344 0.000199774 -0.000130656 0.999998 -0.00172102 -0.000200225 0.00172097 0.999998 0.0163224 0.0367383 -0.249491
FixedParameters: 0 0 0

#Transform 31
Transform: AffineTransform_float_3_3
Parameters: 1 8.53099e-05 0.000199868 -8.46899e-05 0.999999 -0.00155002 -0.000200131 0.00154998 0.999999 0.0276962 0.0375233 -0.252652
FixedParameters: 0 0 0

#Transform 32
Transform: AffineTransform_float_3_3
Parameters: 1 0.000213036 2.97452e-05 -0.000212964 1 -0.00119601 -3.02547e-05 0.00119599 1 0.0254394 0.0395515 -0.251611
FixedParameters: 0 0 0

#Transform 33
Transform: AffineTransform_float_3_3
Parameters: 1 0.00025003 2.97532e-05 -0.00024997 1 -0.000987007 -3.02467e-05 0.000986992 0.999999 0.019268 0.0406863 -0.239689
FixedParameters: 0 0 0

#Transform 34
Transform: AffineTransform_float_3_3
Parameters: 1 -7.28864e-05 0.000200041 7.31136e-05 1 -0.000567985 -0.000199958 0.000568014 1 0.0203394 0.0421501 -0.214972
FixedParameters: 0 0 0

#Transform 35
Transform: AffineTransform_float_3_3
Parameters: 1 -7.21175e-05 0.000645099 7.28823e-05 0.999999 -0.00136795 -0.000644901 0.00136805 0.999999 0.0223029 0.0694187 -0.261337
FixedParameters: 0 0 0

#Transform 36
Transform: AffineTransform_float_3_3
Parameters: 0.999999 -7.2643e-05 0.000733035 7.33569e-05 1 -0.000486946 -0.000732964 0.000487053 0.999999 0.0258444 0.0624852 -0.299476
FixedParameters: 0 0 0

#Transform 37
Transform: AffineTransform_float_3_3
Parameters: 0.999999 0.000109292 0.000774958 -0.000108708 1 -0.000377084 -0.000775041 0.000376915 0.999999 0.0192484 0.0468708 -0.308637
FixedParameters: 0 0 0

#Transform 38
Transform: AffineTransform_float_3_3
Parameters: 1 -7.26985e-05 0.000456048 7.33014e-05 1 -0.000660966 -0.000455951 0.000661033 0.999999 0.0175676 0.0507202 -0.318326
FixedParameters: 0 0 0

#Transform 39
Transform: AffineTransform_float_3_3
Parameters: 0.999999 0.000215183 0.000834952 -0.000214817 1 -0.000219179 -0.000835046 0.00021882 0.999999 0.0196223 0.0436581 -0.314463
FixedParameters: 0 0 0

#Transform 40
Transform: AffineTransform_float_3_3
Parameters: 1 0.000309152 0.000465899 -0.000308848 1 -0.000326144 -0.000466101 0.000326856 1 0.0177634 0.082251 -0.346626
FixedParameters: 0 0 0

#Transform 41
Transform: AffineTransform_float_3_3
Parameters: 0.999999 0.000217285 0.000755918 -0.000216715 1 -0.000377164 -0.000756081 0.000376836 0.999999 0.0191495 0.0494968 -0.362035
FixedParameters: 0 0 0

#Transform 42
Transform: AffineTransform_float_3_3
Parameters: 0.999999 -9.28593e-05 0.000725018 9.21406e-05 1 -0.000193933 -0.000724982 0.000194067 0.999999 0.0190417 0.0471163 -0.348219
FixedParameters: 0 0 0

#Transform 43
Transform: AffineTransform_float_3_3
Parameters: 1 -9.24649e-05 0.000650076 9.25357e-05 0.999999 -0.00082294 -0.000650924 0.00082306 1 0.0351244 0.0675386 -0.390426
FixedParameters: 0 0 0

#Transform 44
Transform: AffineTransform_float_3_3
Parameters: 1 -9.24699e-05 0.000558088 9.25301e-05 1 -0.000949949 -0.000557912 0.000950053 1 0.0346628 0.0810754 -0.419618
FixedParameters: 0 0 0

#Transform 45
Transform: AffineTransform_float_3_3
Parameters: 0.999999 -9.22719e-05 0.000728093 9.27289e-05 0.999999 -0.000999932 -0.000728908 0.00100007 0.999999 0.0408535 0.0600726 -0.416824
FixedParameters: 0 0 0

#Transform 46
Transform: AffineTransform_float_3_3
Parameters: 1 -9.23268e-05 0.0006251 9.26731e-05 1 -0.00107694 -0.000624901 0.00107706 0.999999 0.0291341 0.0415595 -0.380023
FixedParameters: 0 0 0

#Transform 47
Transform: AffineTransform_float_3_3
Parameters: 1 -9.21801e-05 0.000635119 9.28197e-05 0.999999 -0.00129094 -0.000634881 0.00129106 0.999999 0.0128214 0.0580134 -0.350667
FixedParameters: 0 0 0

#Transform 48
Transform: AffineTransform_float_3_3
Parameters: 0.999999 -0.000155916 0.000958176 0.000157083 1 -0.00113085 -0.000957822 0.00113115 0.999999 0.0143419 0.0687935 -0.369302
FixedParameters: 0 0 0

#Transform 49
Transform: AffineTransform_float_3_3
Parameters: 1 -0.000268219 0.0010432 0.000268782 0.999999 -0.00074972 -0.0010428 0.00074928 0.999999 0.0216227 0.0864822 -0.42189
FixedParameters: 0 0 0

#Transform 50
Transform: AffineTransform_float_3_3
Parameters: 1 -0.000441278 0.00100432 0.000441723 0.999999 -0.000719557 -0.00100468 0.000719444 0.999999 0.0110288 0.0641564 -0.391753
FixedParameters: 0 0 0

#Transform 51
Transform: AffineTransform_float_3_3
Parameters: 0.999998 -9.21428e-05 0.00160805 9.28585e-05 1 -0.000533851 -0.00160795 0.000533149 0.999998 0.0271895 0.082077 -0.381158
FixedParameters: 0 0 0

#Transform 52
Transform: AffineTransform_float_3_3
Parameters: 0.999998 -0.000725856 0.00146357 0.000727142 0.999999 -0.000780936 -0.00146243 0.000782062 0.999998 0.0253614 0.0827949 -0.402212
FixedParameters: 0 0 0

#Transform 53
Transform: AffineTransform_float_3_3
Parameters: 0.999998 -0.000512394 0.00156785 0.000515604 0.999998 -0.00166119 -0.00156715 0.00166281 0.999998 0.0313126 0.0812527 -0.431742
FixedParameters: 0 0 0

#Transform 54
Transform: AffineTransform_float_3_3
Parameters: 0.999999 -0.000725313 0.00130994 0.000727687 0.999999 -0.00128805 -0.00130906 0.00128895 0.999999 0.0194133 0.0912381 -0.449528
FixedParameters: 0 0 0

#Transform 55
Transform: AffineTransform_float_3_3
Parameters: 0.999998 -0.000724054 0.00148444 0.000726945 0.999998 -0.00198492 -0.00148256 0.00198608 0.999997 0.0259077 0.0672661 -0.4689
FixedParameters: 0 0 0

#Transform 56
Transform: AffineTransform_float_3_3
Parameters: 0.999998 -0.000725237 0.00173974 0.000726763 0.999999 -0.00101274 -0.00173926 0.00101426 0.999998 0.0192707 0.0935873 -0.431175
FixedParameters: 0 0 0

#Transform 57
Transform: AffineTransform_float_3_3
Parameters: 0.999998 -0.000724513 0.00149721 0.000727488 0.999999 -0.00166091 -0.00149679 0.00166209 0.999998 0.039277 0.0977355 -0.471907
FixedParameters: 0 0 0

#Transform 58
Transform: AffineTransform_float_3_3
Parameters: 0.999999 -0.000822243 0.00162789 0.000823757 0.999999 -0.00107866 -0.00162711 0.00108034 0.999998 0.0186858 0.100456 -0.468649
FixedParameters: 0 0 0

#Transform 59
Transform: AffineTransform_float_3_3
Parameters: 0.999999 -0.000725931 0.00138756 0.000727069 0.999999 -0.000769991 -0.00138744 0.000771007 0.999998 0.00728419 0.120105 -0.476207
FixedParameters: 0 0 0

#Transform 60
Transform: AffineTransform_float_3_3
Parameters: 0.999998 -0.000708657 0.00154961 0.000709342 1 -0.000865903 -0.00154839 0.000867099 0.999999 0.0227249 0.101795 -0.457268
FixedParameters: 0 0 0

#Transform 61
Transform: AffineTransform_float_3_3
Parameters: 0.999999 -0.000267721 0.00135925 0.00026928 0.999999 -0.000941634 -0.00135875 0.000941364 0.999998 0.0132296 0.116536 -0.468003
FixedParameters: 0 0 0

#Transform 62
Transform: AffineTransform_float_3_3
Parameters: 0.999999 -0.000268458 0.00138211 0.000269541 1 -0.000391628 -0.00138189 0.000392371 0.999999 0.0132775 0.118418 -0.509914
FixedParameters: 0 0 0

#Transform 63
Transform: AffineTransform_float_3_3
Parameters: 0.999999 -0.000347204 0.00150918 0.000347796 1 -0.000527475 -0.00150882 0.000527524 0.999998 0.00668303 0.10448 -0.48252
FixedParameters: 0 0 0

#Transform 64
Transform: AffineTransform_float_3_3
Parameters: 0.999999 -0.000267075 0.0017503 0.000269926 1 -0.00109953 -0.0017507 0.00110047 0.999998 0.0152735 0.101689 -0.469543
FixedParameters: 0 0 0

#Transform 65
Transform: AffineTransform_float_3_3
Parameters: 0.999999 -0.000637595 0.00175051 0.000638405 0.999999 -0.000801884 -0.00175049 0.000803117 0.999998 0.0151669 0.146311 -0.505781
FixedParameters: 0 0 0

#Transform 66
Transform: AffineTransform_float_3_3
Parameters: 0.999997 -0.000721751 0.00205979 0.000724247 0.999999 -0.00109051 -0.00205921 0.00109249 0.999998 0.0167001 0.106058 -0.491587
FixedParameters: 0 0 0

#Transform 67
Transform: AffineTransform_float_3_3
Parameters: 0.999999 -0.000538472 0.00177746 0.000539527 0.999999 -0.000859042 -0.00177654 0.000859958 0.999998 0.0154688 0.11466 -0.48244
FixedParameters: 0 0 0

#Transform 68
Transform: AffineTransform_float_3_3
Parameters: 0.999998 -0.000610942 0.00200463 0.000613058 1 -0.00102577 -0.00200437 0.00102723 0.999998 0.0287363 0.12827 -0.47386
FixedParameters: 0 0 0

#Transform 69
Transform: AffineTransform_float_3_3
Parameters: 0.999998 -0.000752382 0.00182967 0.000754618 1 -0.000883621 -0.00182933 0.000885378 0.999998 0.0319633 0.137657 -0.484965
FixedParameters: 0 0 0

#Transform 70
Transform: AffineTransform_float_3_3
Parameters: 0.999998 -0.000739758 0.00175353 0.000741245 1 -0.000708702 -0.00175348 0.000709299 0.999998 0.0151658 0.142008 -0.505725
FixedParameters: 0 0 0

#Transform 71
Transform: AffineTransform_float_3_3
Parameters: 0.999998 -0.000520048 0.00194825 0.000520951 0.999999 -0.000487986 -0.00194775 0.000489014 0.999998 0.0202444 0.116568 -0.459145
FixedParameters: 0 0 0

#Transform 72
Transform: AffineTransform_float_3_3
Parameters: 0.999999 -0.000633803 0.00169245 0.000634198 0.999999 -0.000706928 -0.00169255 0.000708074 0.999999 0.015044 0.131788 -0.456747
FixedParameters: 0 0 0

#Transform 73
Transform: AffineTransform_float_3_3
Parameters: 0.999997 -0.000933083 0.0022528 0.000934919 0.999999 -0.000850897 -0.00225221 0.000852104 0.999997 0.0417713 0.156591 -0.454004
FixedParameters: 0 0 0

#Transform 74
Transform: AffineTransform_float_3_3
Parameters: 0.999996 -0.00103183 0.00254788 0.00103417 0.999999 -0.000850369 -0.00254712 0.000852632 0.999997 0.0333892 0.176591 -0.406506
FixedParameters: 0 0 0

#Transform 75
Transform: AffineTransform_float_3_3
Parameters: 0.999997 -0.000853171 0.00221809 0.00085583 0.999999 -0.0012751 -0.00221691 0.00127689 0.999996 0.0251919 0.138722 -0.432555
FixedParameters: 0 0 0

#Transform 76
Transform: AffineTransform_float_3_3
Parameters: 0.999998 -0.000974689 0.00206157 0.000978313 0.999998 -0.00160599 -0.00206043 0.00160801 0.999996 0.0242184 0.171539 -0.478853
FixedParameters: 0 0 0

#Transform 77
Transform: AffineTransform_float_3_3
Parameters: 0.999997 -0.000974083 0.00229267 0.000977917 0.999998 -0.00170776 -0.00229133 0.00171024 0.999996 0.0252975 0.16238 -0.516035
FixedParameters: 0 0 0

#Transform 78
Transform: AffineTransform_float_3_3
Parameters: 0.999996 -0.000974612 0.00238839 0.000978391 0.999999 -0.00141867 -0.00238761 0.00142033 0.999996 0.0258201 0.155017 -0.482546
FixedParameters: 0 0 0

#Transform 79
Transform: AffineTransform_float_3_3
Parameters: 0.999997 -0.00104009 0.00227525 0.00104491 0.999997 -0.00215963 -0.00227275 0.00216237 0.999995 0.0413247 0.172181 -0.496904
FixedParameters: 0 0 0

#Transform 80
Transform: AffineTransform_float_3_3
Parameters: 0.999997 -0.00115297 0.00205926 0.00115703 0.999997 -0.00195662 -0.00205674 0.00195838 0.999996 0.0409325 0.171039 -0.546274
FixedParameters: 0 0 0

#Transform 81
Transform: AffineTransform_float_3_3
Parameters: 0.999997 -0.00120142 0.00221195 0.00120458 0.999998 -0.00161834 -0.00221005 0.00162066 0.999996 0.0248803 0.153622 -0.536933
FixedParameters: 0 0 0

#Transform 82
Transform: AffineTransform_float_3_3
Parameters: 0.999996 -0.000975181 0.00241714 0.000977817 0.999999 -0.00116464 -0.00241586 0.00116736 0.999997 0.0259627 0.178168 -0.491567
FixedParameters: 0 0 0

#Transform 83
Transform: AffineTransform_float_3_3
Parameters: 0.999998 -0.000974033 0.00187606 0.000977968 0.999998 -0.00211517 -0.00187393 0.00211683 0.999996 0.0380829 0.172968 -0.528824
FixedParameters: 0 0 0

#Transform 84
Transform: AffineTransform_float_3_3
Parameters: 0.999997 -0.00155292 0.00199219 0.00155708 0.999996 -0.0020499 -0.00198981 0.0020531 0.999996 0.0235977 0.179131 -0.542733
FixedParameters: 0 0 0

#Transform 85
Transform: AffineTransform_float_3_3
Parameters: 0.999996 -0.0015523 0.00237008 0.0015567 0.999997 -0.00198132 -0.00236792 0.00198468 0.999995 0.0255933 0.157566 -0.550466
FixedParameters: 0 0 0

#Transform 86
Transform: AffineTransform_float_3_3
Parameters: 0.999997 -0.00155277 0.00200229 0.00155623 0.999996 -0.00211389 -0.00199871 0.00211711 0.999996 0.0188758 0.169591 -0.501377
FixedParameters: 0 0 0

#Transform 87
Transform: AffineTransform_float_3_3
Parameters: 0.999997 -0.00147986 0.00182736 0.00148414 0.999997 -0.00226529 -0.00182464 0.00226771 0.999996 0.0122255 0.170935 -0.559981
FixedParameters: 0 0 0

#Transform 88
Transform: AffineTransform_float_3_3
Parameters: 0.999998 -0.00155414 0.00172558 0.00155686 0.999998 -0.00165832 -0.00172342 0.00166068 0.999997 0.0162336 0.156433 -0.521118
FixedParameters: 0 0 0

#Transform 89
Transform: AffineTransform_float_3_3
Parameters: 0.999997 -0.00155418 0.0015708 0.00155682 0.999997 -0.00179856 -0.0015682 0.00180044 0.999997 0.02148 0.163394 -0.510274
FixedParameters: 0 0 0

#Transform 90
Transform: AffineTransform_float_3_3
Parameters: 0.999998 -0.00155351 0.00174811 0.00155649 0.999997 -0.00199629 -0.0017449 0.00199872 0.999997 0.0162526 0.1664 -0.503357
FixedParameters: 0 0 0

#Transform 91
Transform: AffineTransform_float_3_3
Parameters: 0.999997 -0.0014806 0.00161113 0.0014844 0.999996 -0.00211061 -0.00160787 0.00211238 0.999996 0.0150527 0.18979 -0.544566
FixedParameters: 0 0 0

#Transform 92
Transform: AffineTransform_float_3_3
Parameters: 0.999997 -0.00155376 0.0019406 0.00155624 0.999998 -0.00166799 -0.0019384 0.00167102 0.999996 0.00125886 0.186057 -0.562671
FixedParameters: 0 0 0

#Transform 93
Transform: AffineTransform_float_3_3
Parameters: 0.999997 -0.001931 0.00145899 0.00193401 0.999996 -0.00206118 -0.00145501 0.00206382 0.999997 -0.0211235 0.172533 -0.510858
FixedParameters: 0 0 0

#Transform 94
Transform: AffineTransform_float_3_3
Parameters: 0.999998 -0.00179677 0.00140415 0.00180023 0.999995 -0.00230548 -0.00139985 0.00230752 0.999997 -0.0152748 0.192505 -0.509843
FixedParameters: 0 0 0

#Transform 95
Transform: AffineTransform_float_3_3
Parameters: 0.999997 -0.00198306 0.00175234 0.00198694 0.999996 -0.00167852 -0.00174866 0.00168247 0.999997 -0.021903 0.206331 -0.56671
FixedParameters: 0 0 0

#Transform 96
Transform: AffineTransform_float_3_3
Parameters: 0.999996 -0.00211143 0.00178542 0.00211557 0.999995 -0.00256323 -0.00177958 0.00256677 0.999995 -0.00198634 0.144218 -0.497283
FixedParameters: 0 0 0

#Transform 97
Transform: AffineTransform_float_3_3
Parameters: 0.999997 -0.00189913 0.00157767 0.00190287 0.999995 -0.00245601 -0.00157333 0.002459 0.999995 -0.0205254 0.176129 -0.518196
FixedParameters: 0 0 0

#Transform 98
Transform: AffineTransform_float_3_3
Parameters: 0.999997 -0.00183243 0.0016021 0.00183557 0.999996 -0.00223107 -0.00159891 0.00223394 0.999996 -0.0288472 0.144902 -0.485326
FixedParameters: 0 0 0

#Transform 99
Transform: AffineTransform_float_3_3
Parameters: 0.999996 -0.00187541 0.00235347 0.0018816 0.999996 -0.00237658 -0.00234953 0.00238142 0.999995 -0.0185458 0.178821 -0.492713
FixedParameters: 0 0 0

#Transform 100
Transform: AffineTransform_float_3_3
Parameters: 0.999995 -0.00206732 0.00214844 0.00207368 0.999993 -0.00311056 -0.00214156 0.00311444 0.999993 -0.0161563 0.191051 -0.535007
FixedParameters: 0 0 0

#Transform 101
Transform: AffineTransform_float_3_3
Parameters: 0.999996 -0.00197646 0.00206532 0.00198254 0.999995 -0.00268392 -0.00205968 0.00268808 0.999995 -0.000698229 0.172915 -0.538111
FixedParameters: 0 0 0

#Transform 102
Transform: AffineTransform_float_3_3
Parameters: 0.999996 -0.00201329 0.00165298 0.00201971 0.999992 -0.00346267 -0.00164601 0.00346532 0.999992 -0.0310299 0.152391 -0.482479
FixedParameters: 0 0 0

#Transform 103
Transform: AffineTransform_float_3_3
Parameters: 0.999996 -0.00193976 0.00199907 0.00194524 0.999993 -0.00312412 -0.00199293 0.00312788 0.999993 -0.0267845 0.16805 -0.478872
FixedParameters: 0 0 0

#Transform 104
Transform: AffineTransform_float_3_3
Parameters: 0.999996 -0.0020654 0.00195314 0.0020736 0.999988 -0.00441397 -0.00194386 0.00441803 0.999989 -0.0194637 0.161328 -0.547871
FixedParameters: 0 0 0

#Transform 105
Transform: AffineTransform_float_3_3
Parameters: 0.999996 -0.00201299 0.00203396 0.00202201 0.999988 -0.00443891 -0.00202504 0.0044431 0.999988 -0.0275494 0.161305 -0.547734
FixedParameters: 0 0 0

#Transform 106
Transform: AffineTransform_float_3_3
Parameters: 0.999996 -0.00178695 0.00184483 0.00179505 0.999989 -0.0043697 -0.00183717 0.0043733 0.999989 -0.044478 0.16195 -0.506904
FixedParameters: 0 0 0

#Transform 107
Transform: AffineTransform_float_3_3
Parameters: 0.999997 -0.0016633 0.00148553 0.0016697 0.999989 -0.00451853 -0.00147847 0.00452147 0.999988 -0.0398556 0.163524 -0.494864
FixedParameters: 0 0 0

#Transform 108
Transform: AffineTransform_float_3_3
Parameters: 0.999996 -0.00174753 0.00187991 0.00175547 0.999989 -0.00451172 -0.0018721 0.00451429 0.999988 -0.0442849 0.176309 -0.544715
FixedParameters: 0 0 0

#Transform 109
Transform: AffineTransform_float_3_3
Parameters: 0.999997 -0.00174758 0.00209605 0.00175543 0.999991 -0.00402434 -0.00208895 0.00402767 0.999989 -0.043044 0.163874 -0.523264
FixedParameters: 0 0 0

#Transform 110
Transform: AffineTransform_float_3_3
Parameters: 0.999997 -0.00174928 0.00164916 0.00175572 0.99999 -0.00408112 -0.00164185 0.00408389 0.999991 -0.0453738 0.163649 -0.524211
FixedParameters: 0 0 0

#Transform 111
Transform: AffineTransform_float_3_3
Parameters: 0.999997 -0.00174821 0.00168711 0.0017558 0.999987 -0.00462905 -0.00167989 0.00463195 0.999988 -0.0409682 0.192405 -0.52398
FixedParameters: 0 0 0

#Transform 112
Transform: AffineTransform_float_3_3
Parameters: 0.999996 -0.00199875 0.00173539 0.00200526 0.999989 -0.00418853 -0.00172761 0.00419147 0.999989 -0.030679 0.191498 -0.550213
FixedParameters: 0 0 0

#Transform 113
Transform: AffineTransform_float_3_3
Parameters: 0.999997 -0.00174876 0.00169749 0.00175524 0.99999 -0.00427504 -0.00168951 0.00427797 0.99999 -0.0451801 0.179676 -0.53311
FixedParameters: 0 0 0

#Transform 114
Transform: AffineTransform_float_3_3
Parameters: 0.999997 -0.00174827 0.00171591 0.00175573 0.999989 -0.004513 -0.00170809 0.004516 0.999989 -0.0450291 0.178367 -0.503097
FixedParameters: 0 0 0

#Transform 115
Transform: AffineTransform_float_3_3
Parameters: 0.999997 -0.00174798 0.00159483 0.00175601 0.999986 -0.00504021 -0.00158517 0.00504378 0.999986 -0.045656 0.186876 -0.505814
FixedParameters: 0 0 0

#Transform 116
Transform: AffineTransform_float_3_3
Parameters: 0.999996 -0.00199864 0.00167383 0.00200536 0.999989 -0.00440866 -0.00166517 0.00441134 0.999989 -0.0453615 0.178382 -0.524365
FixedParameters: 0 0 0

#Transform 117
Transform: AffineTransform_float_3_3
Parameters: 0.999998 -0.00175069 0.00150819 0.00175531 0.999992 -0.00352836 -0.00150181 0.00353164 0.999992 -0.0655516 0.183362 -0.488642
FixedParameters: 0 0 0

#Transform 118
Transform: AffineTransform_float_3_3
Parameters: 0.999997 -0.00174765 0.0017046 0.00175534 0.999987 -0.00490702 -0.0016954 0.00491098 0.999986 -0.0546479 0.181955 -0.501608
FixedParameters: 0 0 0

#Transform 119
Transform: AffineTransform_float_3_3
Parameters: 0.999997 -0.00174772 0.00163887 0.00175528 0.999985 -0.00506314 -0.00163013 0.00506686 0.999986 -0.0455009 0.175661 -0.528098
FixedParameters: 0 0 0

#Transform 120
Transform: AffineTransform_float_3_3
Parameters: 0.999998 -0.00174921 0.00152283 0.00175578 0.999988 -0.00446734 -0.00151417 0.00446966 0.999989 -0.0504542 0.151465 -0.48621
FixedParameters: 0 0 0

#Transform 121
Transform: AffineTransform_float_3_3
Parameters: 0.999997 -0.00188284 0.00141989 0.00189116 0.999981 -0.00577033 -0.00140911 0.00577267 0.999983 -0.0708097 0.185893 -0.511011
FixedParameters: 0 0 0

#Transform 122
Transform: AffineTransform_float_3_3
Parameters: 0.999996 -0.00227256 0.00117553 0.00227944 0.999982 -0.00550534 -0.00116247 0.00550766 0.999984 -0.0688786 0.145456 -0.521841
FixedParameters: 0 0 0

#Transform 123
Transform: AffineTransform_float_3_3
Parameters: 0.999997 -0.00153547 0.00182108 0.00154453 0.999985 -0.0052432 -0.00181292 0.0052458 0.999984 -0.0659131 0.135468 -0.485142
FixedParameters: 0 0 0

#Transform 124
Transform: AffineTransform_float_3_3
Parameters: 0.999998 -0.00169823 0.00156368 0.00170778 0.999979 -0.00627035 -0.00155332 0.00627365 0.999979 -0.0458374 0.166396 -0.575987
FixedParameters: 0 0 0

#Transform 125
Transform: AffineTransform_float_3_3
Parameters: 0.999998 -0.00170056 0.00152634 0.00170744 0.999986 -0.0048894 -0.00151767 0.00489159 0.999987 -0.060807 0.140514 -0.517978
FixedParameters: 0 0 0

#Transform 126
Transform: AffineTransform_float_3_3
Parameters: 0.999997 -0.00153763 0.00160303 0.00154736 0.999981 -0.00585653 -0.00159396 0.00585946 0.999981 -0.0559071 0.150156 -0.525818
FixedParameters: 0 0 0

#Transform 127
Transform: AffineTransform_float_3_3
Parameters: 0.999996 -0.00199573 0.00165194 0.00200727 0.99997 -0.00746171 -0.00163707 0.00746429 0.999971 -0.0455677 0.15643 -0.587007
FixedParameters: 0 0 0

#Transform 128
Transform: AffineTransform_float_3_3
Parameters: 0.999998 -0.00187105 0.00135049 0.00187996 0.999976 -0.00666048 -0.00133851 0.00666252 0.999977 -0.0469562 0.120655 -0.559562
FixedParameters: 0 0 0

#Transform 129
Transform: AffineTransform_float_3_3
Parameters: 0.999998 -0.00162319 0.00120622 0.00162981 0.999982 -0.00566504 -0.00119778 0.00566695 0.999983 -0.0755016 0.158231 -0.494182
FixedParameters: 0 0 0

#Transform 130
Transform: AffineTransform_float_3_3
Parameters: 0.999998 -0.00162215 0.00110758 0.00162984 0.999974 -0.00712121 -0.00109542 0.00712279 0.999974 -0.09066 0.156949 -0.525498
FixedParameters: 0 0 0

#Transform 131
Transform: AffineTransform_float_3_3
Parameters: 0.999998 -0.00162068 0.00114432 0.00162932 0.999965 -0.00819315 -0.00113069 0.00819485 0.999966 -0.094713 0.11785 -0.610669
FixedParameters: 0 0 0

#Transform 132
Transform: AffineTransform_float_3_3
Parameters: 0.999998 -0.00162206 0.000934915 0.00162994 0.999962 -0.00855649 -0.000921085 0.00855851 0.999963 -0.0898128 0.0984954 -0.587439
FixedParameters: 0 0 0

#Transform 133
Transform: AffineTransform_float_3_3
Parameters: 0.999999 -0.00119311 0.000948021 0.00120089 0.999964 -0.00837087 -0.000937979 0.00837213 0.999964 -0.0955782 0.117337 -0.534322
FixedParameters: 0 0 0

#Transform 134
Transform: AffineTransform_float_3_3
Parameters: 0.999998 -0.00140755 0.000801235 0.00141545 0.999955 -0.00937788 -0.000787761 0.00937812 0.999955 -0.110582 0.115031 -0.618357
FixedParameters: 0 0 0

#Transform 135
Transform: AffineTransform_float_3_3
Parameters: 0.999999 -0.00115544 0.00101004 0.00116456 0.999954 -0.00951684 -0.000998961 0.00951817 0.999954 -0.123494 0.0753667 -0.591448
FixedParameters: 0 0 0

#Transform 136
Transform: AffineTransform_float_3_3
Parameters: 0.999999 -0.00109107 0.000874982 0.00109893 0.999958 -0.00911505 -0.000865019 0.00911595 0.999958 -0.115422 0.0728988 -0.516358
FixedParameters: 0 0 0

#Transform 137
Transform: AffineTransform_float_3_3
Parameters: 0.999998 -0.00114306 0.00121039 0.00115493 0.99995 -0.00990862 -0.00119861 0.00990939 0.99995 -0.111542 0.0889461 -0.599661
FixedParameters: 0 0 0

#Transform 138
Transform: AffineTransform_float_3_3
Parameters: 0.999999 -0.00121071 0.00064986 0.00121629 0.999952 -0.00977022 -0.000638146 0.00977179 0.999952 -0.12099 0.0786173 -0.601203
FixedParameters: 0 0 0

#Transform 139
Transform: AffineTransform_float_3_3
Parameters: 0.999999 -0.00140183 0.00107045 0.00141217 0.999954 -0.0095585 -0.00105655 0.0095595 0.999953 -0.109407 0.059164 -0.553985
FixedParameters: 0 0 0

#Transform 140
Transform: AffineTransform_float_3_3
Parameters: 0.999998 -0.00120548 0.00112645 0.00121651 0.999946 -0.0102796 -0.00111355 0.0102813 0.999946 -0.102851 0.0706478 -0.553637
FixedParameters: 0 0 0

#Transform 141
Transform: AffineTransform_float_3_3
Parameters: 0.999999 -0.00121536 0.000535008 0.00122164 0.999942 -0.0106774 -0.000521985 0.0106786 0.999943 -0.114278 0.0207969 -0.511209
FixedParameters: 0 0 0

#Transform 142
Transform: AffineTransform_float_3_3
Parameters: 1 -0.00101619 0.000554786 0.00102182 0.999944 -0.0105834 -0.000544215 0.0105846 0.999944 -0.0975152 0.0416923 -0.511003
FixedParameters: 0 0 0

#Transform 143
Transform: AffineTransform_float_3_3
Parameters: 1 -0.000934324 0.000443977 0.000938676 0.999943 -0.0106506 -0.000434027 0.0106514 0.999943 -0.0886068 0.0348108 -0.506909
FixedParameters: 0 0 0

#Transform 144
Transform: AffineTransform_float_3_3
Parameters: 1 -0.000958446 5.47658e-05 0.000959558 0.999937 -0.011229 -4.42279e-05 0.0112291 0.999937 -0.104727 0.00398549 -0.464527
FixedParameters: 0 0 0

#Transform 145
Transform: AffineTransform_float_3_3
Parameters: 0.999999 -0.000840114 0.00103179 0.000851877 0.999932 -0.0115741 -0.00102121 0.0115749 0.999933 -0.111653 0.0321835 -0.484031
FixedParameters: 0 0 0

#Transform 146
Transform: AffineTransform_float_3_3
Parameters: 1 -0.000843944 0.000688002 0.000851057 0.99993 -0.0117944 -0.000678009 0.0117956 0.99993 -0.11082 0.0413466 -0.52977
FixedParameters: 0 0 0

#Transform 147
Transform: AffineTransform_float_3_3
Parameters: 0.999999 -0.000922136 0.00115718 0.000935862 0.999927 -0.0120379 -0.00114582 0.0120391 0.999927 -0.112489 0.0115634 -0.529513
FixedParameters: 0 0 0

#Transform 148
Transform: AffineTransform_float_3_3
Parameters: 1 -0.000591086 0.000905222 0.000601924 0.999926 -0.0121045 -0.000898781 0.0121045 0.999927 -0.116971 0.0237032 -0.457048
FixedParameters: 0 0 0

#Transform 149
Transform: AffineTransform_float_3_3
Parameters: 0.999999 -0.000735935 0.000727288 0.000745061 0.999921 -0.0125435 -0.000717711 0.0125435 0.999921 -0.0965322 0.0213031 -0.478873
FixedParameters: 0 0 0

#Transform 150
Transform: AffineTransform_float_3_3
Parameters: 0.999999 -0.000839394 0.00103832 0.000851615 0.999925 -0.0122011 -0.00102869 0.0122019 0.999925 -0.0948614 0.0229465 -0.48757
FixedParameters: 0 0 0

#Transform 151
Transform: AffineTransform_float_3_3
Parameters: 1 -0.000783745 0.000860454 0.000793262 0.999928 -0.0119833 -0.000851555 0.0119837 0.999928 -0.112352 0.019034 -0.469136
FixedParameters: 0 0 0
