# transform file /out/sourcedata/freesurfer/sub-v2s3x28818_ses-1/mri/transforms/cc_up.lta
# created by oesteban on Fri Mar 13 03:36:40 2026

type      = 0 # LINEAR_VOX_TO_VOX
nxforms   = 1
mean      = 130.0000 108.0000 98.0000
sigma     = 10000.0000
1 4 4
9.966091513633728e-01 4.079954698681831e-02 7.145503908395767e-02 -1.170108413696289e+01 
-4.069508239626884e-02 9.991675019264221e-01 -2.917762380093336e-03 4.367031478881836e+01 
-7.151458412408829e-02 -2.328306714094452e-10 9.974396228790283e-01 5.562243652343750e+01 
0.000000000000000e+00 0.000000000000000e+00 0.000000000000000e+00 1.000000000000000e+00 
src volume info
valid = 1  # volume info valid
filename = /out/sourcedata/freesurfer/sub-v2s3x28818_ses-1/mri/norm.mgz
volume = 256 256 256
voxelsize = 1.000000000000000e+00 1.000000000000000e+00 1.000000000000000e+00
xras   = -1.000000000000000e+00 0.000000000000000e+00 0.000000000000000e+00
yras   = 0.000000000000000e+00 0.000000000000000e+00 -1.000000000000000e+00
zras   = 0.000000000000000e+00 1.000000000000000e+00 0.000000000000000e+00
cras   = -1.698585510253906e+00 4.692617797851562e+01 2.769332885742188e+00
dst volume info
valid = 1  # volume info valid
filename = /out/sourcedata/freesurfer/sub-v2s3x28818_ses-1/mri/norm.mgz
volume = 256 256 256
voxelsize = 1.000000000000000e+00 1.000000000000000e+00 1.000000000000000e+00
xras   = -1.000000000000000e+00 0.000000000000000e+00 0.000000000000000e+00
yras   = 0.000000000000000e+00 0.000000000000000e+00 -1.000000000000000e+00
zras   = 0.000000000000000e+00 1.000000000000000e+00 0.000000000000000e+00
cras   = -1.698585510253906e+00 4.692617797851562e+01 2.769332885742188e+00
