#Insight Transform File V1.0
#Transform 0
Transform: AffineTransform_float_3_3
Parameters: 1 0.000366369 0.000367042 -0.000366101 0.999998 -0.00170913 -0.000368438 0.00170886 0.999998 -0.0112112 -0.0189184 -0.0229262
FixedParameters: 0 0 0

#Transform 1
Transform: AffineTransform_float_3_3
Parameters: 1 0.00025054 0.000245291 -0.000250734 0.999998 -0.00161806 -0.000246247 0.00161794 0.999998 -0.000786367 -0.0131312 -0.00879378
FixedParameters: 0 0 0

#Transform 2
Transform: AffineTransform_float_3_3
Parameters: 1 0.000387253 0.000242866 -0.000386701 0.999999 -0.00143409 -0.000242987 0.00143391 0.999999 -0.00447484 0.010583 -0.0083299
FixedParameters: 0 0 0

#Transform 3
Transform: AffineTransform_float_3_3
Parameters: 1 -3.90732e-05 0.000270189 3.97707e-05 0.999999 -0.00129099 -0.000270088 0.00129101 0.999999 -0.00739339 -0.0141509 -0.0479038
FixedParameters: 0 0 0

#Transform 4
Transform: AffineTransform_float_3_3
Parameters: 1 0.000416645 0.000297753 -0.000415948 0.999999 -0.00116912 -0.000298727 0.00116888 1 0.00127472 -0.0215482 -0.0320053
FixedParameters: 0 0 0

#Transform 5
Transform: AffineTransform_float_3_3
Parameters: 1 0.000373222 0.000276381 -0.000372812 1 -0.00100296 -0.000276139 0.00100304 0.999999 0.000981541 -0.0030675 -0.0153025
FixedParameters: 0 0 0

#Transform 6
Transform: AffineTransform_float_3_3
Parameters: 1 -0.000671739 -8.12055e-06 0.000671859 0.999998 -0.00145001 9.07925e-06 0.00144999 0.999999 0.00539187 0.0266524 0.0037974
FixedParameters: 0 0 0

#Transform 7
Transform: AffineTransform_float_3_3
Parameters: 1 0.000293114 0.000180857 -0.000293685 1 -0.00115605 -0.000181679 0.00115595 1 0.0150911 0.00297494 -0.040596
FixedParameters: 0 0 0

#Transform 8
Transform: AffineTransform_float_3_3
Parameters: 1 0.000391617 -8.0673e-05 -0.000391779 1 -0.00100583 7.98849e-05 0.00100617 0.999999 0.0101091 -0.0328221 -0.0373836
FixedParameters: 0 0 0

#Transform 9
Transform: AffineTransform_float_3_3
Parameters: 1 0.000367637 -3.34709e-05 -0.000367675 1 -0.000578987 3.30452e-05 0.000579012 1 0.00838265 -0.0292168 -0.0442224
FixedParameters: 0 0 0

#Transform 10
Transform: AffineTransform_float_3_3
Parameters: 1 0.00035716 0.000289286 -0.00035768 0.999999 -0.000811103 -0.00029001 0.000810896 0.999999 0.000380283 0.0106594 -0.0356061
FixedParameters: 0 0 0

#Transform 11
Transform: AffineTransform_float_3_3
Parameters: 1 0.00036162 0.000369794 -0.000361079 0.999999 -0.000732133 -0.000370323 0.000731866 0.999999 -0.00150702 -0.00382053 -0.0641014
FixedParameters: 0 0 0

#Transform 12
Transform: AffineTransform_float_3_3
Parameters: 1 0.00038843 -8.59465e-05 -0.000388493 1 -0.000365967 8.56621e-05 0.000366033 1 0.0101284 -0.0165836 -0.0447045
FixedParameters: 0 0 0

#Transform 13
Transform: AffineTransform_float_3_3
Parameters: 1 0.000361504 0.000369907 -0.00036134 1 -0.000418134 -0.00036922 0.000417866 1 0.0129861 0.0341074 -0.0683201
FixedParameters: 0 0 0

#Transform 14
Transform: AffineTransform_float_3_3
Parameters: 1 0.000233124 0.000141032 -0.000233001 1 -0.000438033 -0.000141236 0.000437967 1 0.0206868 -0.0118395 -0.0605885
FixedParameters: 0 0 0

#Transform 15
Transform: AffineTransform_float_3_3
Parameters: 1 2.78946e-05 0.000197076 -2.77697e-05 1 -0.000317005 -0.000197093 0.000316994 1 0.0204552 -0.00118684 -0.0320301
FixedParameters: 0 0 0

#Transform 16
Transform: AffineTransform_float_3_3
Parameters: 1 0.000307564 0.000310442 -0.000307164 0.999999 -0.000645095 -0.000310838 0.000644904 0.999999 0.0150578 0.0322326 -0.0296944
FixedParameters: 0 0 0

#Transform 17
Transform: AffineTransform_float_3_3
Parameters: 1 0.000161917 0.000192395 -0.000161911 1 -1.60312e-05 -0.0001924 1.59688e-05 1 0.00553331 -0.028161 -0.0433216
FixedParameters: 0 0 0

#Transform 18
Transform: AffineTransform_float_3_3
Parameters: 1 2.4046e-05 -0.000482596 -2.38337e-05 1 0.000220011 0.000482606 -0.000219988 1 0.0122098 0.0173363 0.00491976
FixedParameters: 0 0 0

#Transform 19
Transform: AffineTransform_float_3_3
Parameters: 1 0.000333579 0.000172856 -0.000334446 1 -0.000352058 -0.000173236 0.000351942 1 0.00268602 0.0436522 -0.023627
FixedParameters: 0 0 0

#Transform 20
Transform: AffineTransform_float_3_3
Parameters: 1 -0.000232328 -0.000520009 0.000232363 1 3.38792e-05 0.000519993 -3.41208e-05 1 0.00780911 -0.00781511 0.000731577
FixedParameters: 0 0 0

#Transform 21
Transform: AffineTransform_float_3_3
Parameters: 1 -0.000422822 0.00012724 0.000422799 1 9.10538e-05 -0.000127317 -9.09462e-05 1 -0.0119101 0.0316015 0.0294973
FixedParameters: 0 0 0

#Transform 22
Transform: AffineTransform_float_3_3
Parameters: 0.999999 0.000185914 0.000694991 -0.000186222 1 -0.000490129 -0.000695318 0.000489871 0.999999 -0.0132049 0.0451326 -0.0079457
FixedParameters: 0 0 0

#Transform 23
Transform: AffineTransform_float_3_3
Parameters: 1 -0.000179544 0.000641802 0.000179575 1 -2.38847e-05 -0.000641793 2.41152e-05 1 -0.0194201 0.0240159 0.0194203
FixedParameters: 0 0 0

#Transform 24
Transform: AffineTransform_float_3_3
Parameters: 1 -8.10959e-05 0.000361066 8.08864e-05 1 0.000290029 -0.000361113 -0.000289971 1 -0.0105019 0.016666 0.0381646
FixedParameters: 0 0 0

#Transform 25
Transform: AffineTransform_float_3_3
Parameters: 1 0.000332315 0.000367036 -0.000332703 0.999999 0.000528857 -0.000366685 -0.000528143 1 -0.00208687 0.0392878 -0.00190294
FixedParameters: 0 0 0

#Transform 26
Transform: AffineTransform_float_3_3
Parameters: 1 0.000337419 4.2396e-05 -0.000337332 0.999999 0.000668985 -4.29341e-05 -0.000669014 1 -0.0043337 0.0202371 0.00409126
FixedParameters: 0 0 0

#Transform 27
Transform: AffineTransform_float_3_3
Parameters: 1 0.000426965 0.000464978 -0.000427675 1 0.000918944 -0.000465182 -0.000919056 0.999999 -0.0157437 0.0121099 0.00825968
FixedParameters: 0 0 0

#Transform 28
Transform: AffineTransform_float_3_3
Parameters: 1 0.000467686 0.000373041 -0.000467412 0.999999 0.00115283 -0.000372808 -0.00115318 1 -0.0181625 0.00556221 0.0515143
FixedParameters: 0 0 0

#Transform 29
Transform: AffineTransform_float_3_3
Parameters: 0.999999 0.000629784 0.000384621 -0.000630374 1 0.000953759 -0.000384409 -0.000954243 1 -0.0132382 0.0278986 0.0581066
FixedParameters: 0 0 0

#Transform 30
Transform: AffineTransform_float_3_3
Parameters: 1 0.0005842 0.000323358 -0.000583696 1 0.000974954 -0.000323065 -0.000975046 0.999999 -0.0113924 0.0321599 0.0608795
FixedParameters: 0 0 0

#Transform 31
Transform: AffineTransform_float_3_3
Parameters: 0.999999 0.000766401 0.000259927 -0.000766748 1 0.000668944 -0.000258901 -0.000669056 1 -0.00922219 0.0306405 0.0809121
FixedParameters: 0 0 0

#Transform 32
Transform: AffineTransform_float_3_3
Parameters: 1 0.000370864 0.000241431 -0.00037128 0.999999 0.00086291 -0.00024079 -0.000863089 0.999999 -0.0316825 0.0476682 0.0636016
FixedParameters: 0 0 0

#Transform 33
Transform: AffineTransform_float_3_3
Parameters: 1 0.000517464 6.9025e-05 -0.000517472 1 0.00110797 -6.88678e-05 -0.00110804 1 -0.0377391 0.0387159 0.0751951
FixedParameters: 0 0 0

#Transform 34
Transform: AffineTransform_float_3_3
Parameters: 1 0.000439698 0.000206133 -0.000440122 1 0.00103091 -0.000205226 -0.00103109 1 -0.0255341 0.04092 0.0762735
FixedParameters: 0 0 0

#Transform 35
Transform: AffineTransform_float_3_3
Parameters: 1 0.00035226 4.4572e-05 -0.000352176 0.999999 0.000668984 -4.50903e-05 -0.000669016 1 -0.0229519 0.0675463 0.086769
FixedParameters: 0 0 0

#Transform 36
Transform: AffineTransform_float_3_3
Parameters: 0.999999 0.000513045 0.000547213 -0.000512787 0.999999 0.000668719 -0.000546382 -0.00066928 0.999999 -0.0394586 0.0489098 0.0869826
FixedParameters: 0 0 0

#Transform 37
Transform: AffineTransform_float_3_3
Parameters: 1 0.00054484 0.000260996 -0.000545225 1 0.00101286 -0.000260882 -0.00101314 1 -0.0245085 0.0522621 0.123188
FixedParameters: 0 0 0

#Transform 38
Transform: AffineTransform_float_3_3
Parameters: 1 0.000369805 0.000415794 -0.000369873 1 8.18462e-05 -0.000415733 -8.21537e-05 1 -0.0390752 0.0859557 0.0983628
FixedParameters: 0 0 0

#Transform 39
Transform: AffineTransform_float_3_3
Parameters: 0.999999 0.000964031 0.00026243 -0.000964662 0.999999 0.00148289 -0.000260559 -0.00148311 0.999999 -0.0230648 0.0264237 0.123438
FixedParameters: 0 0 0

#Transform 40
Transform: AffineTransform_float_3_3
Parameters: 1 0.000526079 0.000388631 -0.00052673 1 0.0010228 -0.000388543 -0.00102321 1 -0.0350841 0.0678858 0.0811535
FixedParameters: 0 0 0

#Transform 41
Transform: AffineTransform_float_3_3
Parameters: 1 0.000648627 5.00874e-05 -0.000648763 0.999999 0.00138497 -4.82905e-05 -0.00138503 0.999999 -0.0243545 0.018995 0.155157
FixedParameters: 0 0 0

#Transform 42
Transform: AffineTransform_float_3_3
Parameters: 1 0.000490893 0.000461581 -0.00049119 0.999998 0.00155077 -0.000460903 -0.00155123 0.999998 -0.039699 0.0933721 0.13121
FixedParameters: 0 0 0

#Transform 43
Transform: AffineTransform_float_3_3
Parameters: 1 0.00041558 0.000472591 -0.000415681 0.999999 0.0013068 -0.00047235 -0.0013072 0.999999 -0.0464967 0.0659132 0.0970102
FixedParameters: 0 0 0

#Transform 44
Transform: AffineTransform_float_3_3
Parameters: 1 0.000517783 0.000464496 -0.000519013 0.999999 0.00148076 -0.00046395 -0.00148124 0.999999 -0.0370688 0.0578062 0.117186
FixedParameters: 0 0 0

#Transform 45
Transform: AffineTransform_float_3_3
Parameters: 1 0.000446051 0.000951218 -0.000447807 0.999999 0.00144455 -0.000949782 -0.00144444 0.999998 -0.0502999 0.0835969 0.126302
FixedParameters: 0 0 0

#Transform 46
Transform: AffineTransform_float_3_3
Parameters: 0.999999 0.000501319 0.00057627 -0.000502842 0.999999 0.00144671 -0.000575807 -0.00144729 0.999999 -0.0401105 0.0840229 0.122484
FixedParameters: 0 0 0

#Transform 47
Transform: AffineTransform_float_3_3
Parameters: 0.999999 0.000638639 0.000488312 -0.000638856 0.999999 0.00138469 -0.000487388 -0.00138531 0.999999 -0.0396862 0.0538788 0.124819
FixedParameters: 0 0 0

#Transform 48
Transform: AffineTransform_float_3_3
Parameters: 0.999999 0.000573762 0.00062811 -0.000574902 1 0.00102264 -0.000627924 -0.00102336 1 -0.0270418 0.107986 0.138242
FixedParameters: 0 0 0

#Transform 49
Transform: AffineTransform_float_3_3
Parameters: 1 0.000517672 0.000466275 -0.000518691 0.999999 0.00109474 -0.000465141 -0.00109426 1 -0.0394988 0.0927005 0.155847
FixedParameters: 0 0 0

#Transform 50
Transform: AffineTransform_float_3_3
Parameters: 1 0.00053216 0.00036587 -0.000533516 0.999998 0.0020528 -0.000364672 -0.00205319 0.999998 -0.0343261 0.0842429 0.149072
FixedParameters: 0 0 0

#Transform 51
Transform: AffineTransform_float_3_3
Parameters: 0.999999 0.000630961 0.000648267 -0.000632278 0.999998 0.00189259 -0.00064672 -0.00189341 0.999998 -0.0323863 0.0968679 0.126074
FixedParameters: 0 0 0

#Transform 52
Transform: AffineTransform_float_3_3
Parameters: 1 0.00066869 0.000871247 -0.00067 0.999998 0.0019724 -0.000869307 -0.0019726 0.999997 -0.0437802 0.0669211 0.107992
FixedParameters: 0 0 0

#Transform 53
Transform: AffineTransform_float_3_3
Parameters: 1 0.000909135 0.000668033 -0.0009102 0.999998 0.00175537 -0.000666674 -0.00175563 0.999999 -0.0222881 0.0812734 0.139527
FixedParameters: 0 0 0

#Transform 54
Transform: AffineTransform_float_3_3
Parameters: 0.999999 0.0006974 0.000663263 -0.000698826 0.999997 0.00204052 -0.000662248 -0.00204048 0.999998 -0.0345524 0.078119 0.112694
FixedParameters: 0 0 0

#Transform 55
Transform: AffineTransform_float_3_3
Parameters: 0.999999 0.000630752 0.000710096 -0.000631691 0.999998 0.00215955 -0.00070807 -0.00216045 0.999998 -0.0368784 0.0764924 0.148682
FixedParameters: 0 0 0

#Transform 56
Transform: AffineTransform_float_3_3
Parameters: 1 0.000652779 0.000910355 -0.000654137 0.999997 0.00199238 -0.000909441 -0.00199261 0.999997 -0.0451094 0.113633 0.111853
FixedParameters: 0 0 0

#Transform 57
Transform: AffineTransform_float_3_3
Parameters: 0.999999 0.000600935 0.000776235 -0.000602702 0.999998 0.00187051 -0.000774829 -0.00187049 0.999998 -0.0429247 0.075448 0.116748
FixedParameters: 0 0 0

#Transform 58
Transform: AffineTransform_float_3_3
Parameters: 0.999999 0.000636929 0.000730157 -0.000638827 0.999997 0.00207853 -0.00072835 -0.00207946 0.999997 -0.0410945 0.0869965 0.139077
FixedParameters: 0 0 0

#Transform 59
Transform: AffineTransform_float_3_3
Parameters: 0.999999 0.000603951 0.000694726 -0.000605267 0.999999 0.00176458 -0.000693437 -0.00176542 0.999998 -0.0317603 0.117689 0.120167
FixedParameters: 0 0 0

#Transform 60
Transform: AffineTransform_float_3_3
Parameters: 1 0.000565812 0.000863966 -0.000567717 0.999999 0.00175951 -0.000862817 -0.00176049 0.999998 -0.0596843 0.0912571 0.125979
FixedParameters: 0 0 0

#Transform 61
Transform: AffineTransform_float_3_3
Parameters: 0.999999 0.000579459 0.000852052 -0.000580726 0.999997 0.0020745 -0.000851335 -0.00207549 0.999997 -0.0452852 0.093536 0.15881
FixedParameters: 0 0 0

#Transform 62
Transform: AffineTransform_float_3_3
Parameters: 0.999999 0.000662737 0.000747966 -0.000663257 0.999998 0.00186448 -0.000747184 -0.00186452 0.999998 -0.0410769 0.122598 0.135108
FixedParameters: 0 0 0

#Transform 63
Transform: AffineTransform_float_3_3
Parameters: 0.999999 0.000475352 0.000749682 -0.000477278 0.999998 0.00204164 -0.000748582 -0.00204236 0.999997 -0.0448813 0.101972 0.125272
FixedParameters: 0 0 0

#Transform 64
Transform: AffineTransform_float_3_3
Parameters: 1 0.000439187 0.000992171 -0.000441696 0.999997 0.00233556 -0.000990814 -0.00233644 0.999997 -0.0514153 0.0910421 0.145307
FixedParameters: 0 0 0

#Transform 65
Transform: AffineTransform_float_3_3
Parameters: 1 0.00065654 0.00088995 -0.000658418 0.999997 0.00233042 -0.000888575 -0.00233158 0.999997 -0.0316364 0.120429 0.148423
FixedParameters: 0 0 0

#Transform 66
Transform: AffineTransform_float_3_3
Parameters: 1 0.000598721 0.000865055 -0.00060127 0.999998 0.00213048 -0.000863342 -0.00213152 0.999998 -0.0309105 0.105213 0.1142
FixedParameters: 0 0 0

#Transform 67
Transform: AffineTransform_float_3_3
Parameters: 0.999999 0.000450843 0.000913994 -0.000452856 0.999998 0.00226457 -0.000912648 -0.00226443 0.999997 -0.0403249 0.0862916 0.134191
FixedParameters: 0 0 0

#Transform 68
Transform: AffineTransform_float_3_3
Parameters: 0.999999 0.000414459 0.00115838 -0.000417905 0.999997 0.00240536 -0.00115708 -0.00240565 0.999997 -0.0448533 0.098662 0.133971
FixedParameters: 0 0 0

#Transform 69
Transform: AffineTransform_float_3_3
Parameters: 1 0.000429816 0.0010564 -0.000432297 0.999998 0.00218053 -0.00105522 -0.00218048 0.999997 -0.0480524 0.123966 0.12313
FixedParameters: 0 0 0

#Transform 70
Transform: AffineTransform_float_3_3
Parameters: 0.999999 0.000464314 0.000823906 -0.000466513 0.999997 0.00211045 -0.000823776 -0.00211055 0.999998 -0.0469877 0.10052 0.103289
FixedParameters: 0 0 0

#Transform 71
Transform: AffineTransform_float_3_3
Parameters: 1 0.000429653 0.00105647 -0.000432459 0.999997 0.00233452 -0.00105516 -0.00233448 0.999997 -0.0532051 0.0941713 0.140325
FixedParameters: 0 0 0

#Transform 72
Transform: AffineTransform_float_3_3
Parameters: 0.999999 0.000447262 0.00136646 -0.000450599 0.999997 0.00241322 -0.00136584 -0.00241378 0.999996 -0.0310657 0.12227 0.155835
FixedParameters: 0 0 0

#Transform 73
Transform: AffineTransform_float_3_3
Parameters: 0.999999 0.000874804 0.00119114 -0.000876891 0.999997 0.00224494 -0.00118875 -0.00224606 0.999997 -0.0385415 0.0930015 0.138289
FixedParameters: 0 0 0

#Transform 74
Transform: AffineTransform_float_3_3
Parameters: 0.999999 0.000735254 0.00110184 -0.000737246 0.999997 0.00238417 -0.00109987 -0.00238483 0.999996 -0.0451034 0.096518 0.155607
FixedParameters: 0 0 0

#Transform 75
Transform: AffineTransform_float_3_3
Parameters: 0.999999 0.000491742 0.000639774 -0.000492946 0.999998 0.00182769 -0.000638819 -0.00182832 0.999998 -0.0514307 0.131163 0.141872
FixedParameters: 0 0 0

#Transform 76
Transform: AffineTransform_float_3_3
Parameters: 0.999999 0.000487115 0.000669627 -0.000488766 0.999998 0.00218768 -0.000669326 -0.00218833 0.999998 -0.0310657 0.139431 0.150007
FixedParameters: 0 0 0

#Transform 77
Transform: AffineTransform_float_3_3
Parameters: 0.999999 0.000638472 0.000573357 -0.000640636 0.999996 0.00300664 -0.000571346 -0.00300737 0.999996 -0.040145 0.0948728 0.193537
FixedParameters: 0 0 0

#Transform 78
Transform: AffineTransform_float_3_3
Parameters: 1 0.000609387 0.000880018 -0.000611444 0.999997 0.00245846 -0.000878706 -0.00245954 0.999996 -0.0350613 0.121412 0.136711
FixedParameters: 0 0 0

#Transform 79
Transform: AffineTransform_float_3_3
Parameters: 0.999999 0.000836578 0.000906195 -0.00083863 0.999995 0.00301322 -0.000903682 -0.00301378 0.999995 -0.0507714 0.0745554 0.181201
FixedParameters: 0 0 0

#Transform 80
Transform: AffineTransform_float_3_3
Parameters: 0.999999 0.000753147 0.0011986 -0.000755823 0.999997 0.00247708 -0.00119641 -0.00247793 0.999997 -0.0350143 0.140658 0.181439
FixedParameters: 0 0 0

#Transform 81
Transform: AffineTransform_float_3_3
Parameters: 0.999999 0.00097288 0.000801501 -0.000975477 0.999996 0.0024212 -0.000798617 -0.0024218 0.999997 -0.0431762 0.127578 0.160615
FixedParameters: 0 0 0

#Transform 82
Transform: AffineTransform_float_3_3
Parameters: 0.999999 0.000832399 0.00101133 -0.000834254 0.999996 0.00260114 -0.00100953 -0.00260186 0.999996 -0.0453721 0.120145 0.204415
FixedParameters: 0 0 0

#Transform 83
Transform: AffineTransform_float_3_3
Parameters: 0.999999 0.000721651 0.00101597 -0.000724354 0.999996 0.00244824 -0.00101412 -0.00244875 0.999996 -0.0492581 0.139403 0.203074
FixedParameters: 0 0 0

#Transform 84
Transform: AffineTransform_float_3_3
Parameters: 0.999999 0.000611129 0.00131187 -0.00061403 0.999997 0.00234817 -0.00131053 -0.00234882 0.999996 -0.0558444 0.120989 0.179288
FixedParameters: 0 0 0

#Transform 85
Transform: AffineTransform_float_3_3
Parameters: 0.999999 0.000623834 0.000704766 -0.000626055 0.999994 0.00318956 -0.000702469 -0.00319044 0.999994 -0.0519795 0.121103 0.228369
FixedParameters: 0 0 0

#Transform 86
Transform: AffineTransform_float_3_3
Parameters: 1 0.0007915 0.000756432 -0.000792825 0.999996 0.00247238 -0.000755194 -0.00247262 0.999996 -0.0583066 0.158845 0.207345
FixedParameters: 0 0 0

#Transform 87
Transform: AffineTransform_float_3_3
Parameters: 1 0.000816094 0.00080778 -0.000818128 0.999996 0.00266634 -0.000805112 -0.00266766 0.999996 -0.0620174 0.116702 0.207067
FixedParameters: 0 0 0

#Transform 88
Transform: AffineTransform_float_3_3
Parameters: 1 0.000699477 0.000883663 -0.000702356 0.999996 0.00291636 -0.000881265 -0.00291664 0.999996 -0.0631904 0.151396 0.230137
FixedParameters: 0 0 0

#Transform 89
Transform: AffineTransform_float_3_3
Parameters: 0.999999 0.000743532 0.000976859 -0.000745279 0.999997 0.00256425 -0.000974586 -0.00256475 0.999997 -0.064634 0.163187 0.20298
FixedParameters: 0 0 0

#Transform 90
Transform: AffineTransform_float_3_3
Parameters: 0.999999 0.000727962 0.00101832 -0.000731467 0.999996 0.00290724 -0.00101676 -0.00290777 0.999996 -0.0659338 0.130501 0.221121
FixedParameters: 0 0 0

#Transform 91
Transform: AffineTransform_float_3_3
Parameters: 1 0.000669898 0.000985634 -0.000672911 0.999994 0.00318434 -0.000982903 -0.00318566 0.999994 -0.0662376 0.142558 0.248615
FixedParameters: 0 0 0

#Transform 92
Transform: AffineTransform_float_3_3
Parameters: 0.999999 0.000600907 0.00125046 -0.000604825 0.999994 0.00332423 -0.00124884 -0.00332477 0.999994 -0.0870085 0.143851 0.21356
FixedParameters: 0 0 0

#Transform 93
Transform: AffineTransform_float_3_3
Parameters: 0.999999 0.000630445 0.00118722 -0.000634358 0.999994 0.00344009 -0.00118427 -0.00344091 0.999994 -0.0866366 0.115345 0.217629
FixedParameters: 0 0 0

#Transform 94
Transform: AffineTransform_float_3_3
Parameters: 0.999999 0.000648141 0.00127699 -0.000653034 0.999993 0.00363815 -0.00127465 -0.00363885 0.999992 -0.0888541 0.142347 0.238219
FixedParameters: 0 0 0

#Transform 95
Transform: AffineTransform_float_3_3
Parameters: 0.999999 0.000577714 0.00137846 -0.000582557 0.999994 0.00335104 -0.00137696 -0.00335197 0.999994 -0.0930745 0.156747 0.218215
FixedParameters: 0 0 0

#Transform 96
Transform: AffineTransform_float_3_3
Parameters: 0.999999 0.000686929 0.00131174 -0.00069097 0.999995 0.00321608 -0.0013097 -0.00321693 0.999994 -0.0866507 0.134037 0.21049
FixedParameters: 0 0 0

#Transform 97
Transform: AffineTransform_float_3_3
Parameters: 0.999999 0.000643348 0.00133502 -0.000648991 0.999992 0.00376097 -0.00133255 -0.00376202 0.999992 -0.090188 0.131984 0.232548
FixedParameters: 0 0 0

#Transform 98
Transform: AffineTransform_float_3_3
Parameters: 0.999999 0.000664279 0.00105396 -0.000667655 0.999993 0.00368928 -0.00105144 -0.00368972 0.999992 -0.0993862 0.151648 0.248425
FixedParameters: 0 0 0

#Transform 99
Transform: AffineTransform_float_3_3
Parameters: 0.999999 0.000725749 0.00113691 -0.000729571 0.999993 0.00361615 -0.00113404 -0.00361685 0.999993 -0.0842145 0.130718 0.230011
FixedParameters: 0 0 0

#Transform 100
Transform: AffineTransform_float_3_3
Parameters: 0.999999 0.000469042 0.000785014 -0.000472345 0.999993 0.00355149 -0.000783361 -0.00355251 0.999994 -0.0849206 0.123386 0.231271
FixedParameters: 0 0 0

#Transform 101
Transform: AffineTransform_float_3_3
Parameters: 1 0.000580571 0.000829157 -0.000583575 0.999992 0.00378151 -0.0008263 -0.00378248 0.999992 -0.0853784 0.147222 0.266369
FixedParameters: 0 0 0

#Transform 102
Transform: AffineTransform_float_3_3
Parameters: 0.999999 0.000404449 0.00121813 -0.000409595 0.999994 0.0033925 -0.00121593 -0.00339349 0.999993 -0.103756 0.15194 0.237483
FixedParameters: 0 0 0

#Transform 103
Transform: AffineTransform_float_3_3
Parameters: 1 0.000445593 0.000941315 -0.000449176 0.999993 0.00363656 -0.000939607 -0.00363644 0.999993 -0.0924108 0.131798 0.236637
FixedParameters: 0 0 0

#Transform 104
Transform: AffineTransform_float_3_3
Parameters: 1 0.000446397 0.000934502 -0.000450392 0.999993 0.00388358 -0.000932565 -0.00388442 0.999992 -0.0822966 0.137209 0.248232
FixedParameters: 0 0 0

#Transform 105
Transform: AffineTransform_float_3_3
Parameters: 1 0.000440715 0.000973026 -0.00044481 0.999993 0.00378143 -0.000971223 -0.00378257 0.999993 -0.0890397 0.158093 0.244808
FixedParameters: 0 0 0

#Transform 106
Transform: AffineTransform_float_3_3
Parameters: 1 0.000430426 0.00104129 -0.000435173 0.999993 0.00384653 -0.00103951 -0.00384647 0.999992 -0.0936485 0.13049 0.245841
FixedParameters: 0 0 0

#Transform 107
Transform: AffineTransform_float_3_3
Parameters: 0.999999 0.000588631 0.00107911 -0.000592535 0.999992 0.00378122 -0.00107604 -0.00378278 0.999993 -0.101561 0.151238 0.235187
FixedParameters: 0 0 0

#Transform 108
Transform: AffineTransform_float_3_3
Parameters: 0.999999 0.000674303 0.00122946 -0.0006792 0.999992 0.003781 -0.00122673 -0.00378199 0.999992 -0.103503 0.139641 0.256649
FixedParameters: 0 0 0

#Transform 109
Transform: AffineTransform_float_3_3
Parameters: 0.999999 0.000738593 0.00120298 -0.000744049 0.999992 0.00409909 -0.00119929 -0.00409991 0.999991 -0.10145 0.157828 0.251969
FixedParameters: 0 0 0

#Transform 110
Transform: AffineTransform_float_3_3
Parameters: 0.999999 0.000511482 0.00117481 -0.000515242 0.999992 0.00389338 -0.00117306 -0.00389362 0.999992 -0.105547 0.16186 0.253353
FixedParameters: 0 0 0

#Transform 111
Transform: AffineTransform_float_3_3
Parameters: 0.999999 0.000603625 0.00118669 -0.000608714 0.999992 0.00399812 -0.00118423 -0.00399888 0.999992 -0.112052 0.162959 0.222711
FixedParameters: 0 0 0

#Transform 112
Transform: AffineTransform_float_3_3
Parameters: 0.999999 0.000682257 0.00124108 -0.000687159 0.999991 0.00414813 -0.00123765 -0.00414887 0.99999 -0.113819 0.155248 0.245967
FixedParameters: 0 0 0

#Transform 113
Transform: AffineTransform_float_3_3
Parameters: 0.999999 0.000564346 0.0011365 -0.000569665 0.99999 0.00427619 -0.00113405 -0.00427681 0.999991 -0.110956 0.150829 0.256051
FixedParameters: 0 0 0

#Transform 114
Transform: AffineTransform_float_3_3
Parameters: 0.999999 0.000600136 0.000846345 -0.000603364 0.999992 0.00392149 -0.000844161 -0.00392251 0.999992 -0.103134 0.170639 0.263556
FixedParameters: 0 0 0

#Transform 115
Transform: AffineTransform_float_3_3
Parameters: 1 0.000661468 0.000989173 -0.0006652 0.999992 0.00411233 -0.000986108 -0.00411268 0.999991 -0.109895 0.173547 0.246756
FixedParameters: 0 0 0

#Transform 116
Transform: AffineTransform_float_3_3
Parameters: 0.999999 0.000544875 0.00122133 -0.000549168 0.999992 0.00396317 -0.00121924 -0.00396383 0.999992 -0.142544 0.170565 0.317895
FixedParameters: 0 0 0

#Transform 117
Transform: AffineTransform_float_3_3
Parameters: 0.999999 0.000488554 0.00114513 -0.000493235 0.999992 0.00396342 -0.00114363 -0.00396358 0.999991 -0.141743 0.206538 0.328772
FixedParameters: 0 0 0

#Transform 118
Transform: AffineTransform_float_3_3
Parameters: 0.999999 0.000462154 0.00129482 -0.00046683 0.999993 0.00388538 -0.00129346 -0.00388562 0.999991 -0.148292 0.210987 0.30011
FixedParameters: 0 0 0

#Transform 119
Transform: AffineTransform_float_3_3
Parameters: 0.999999 0.000512097 0.00114878 -0.000517188 0.999992 0.00413039 -0.00114692 -0.00413061 0.999991 -0.141418 0.168996 0.304882
FixedParameters: 0 0 0

#Transform 120
Transform: AffineTransform_float_3_3
Parameters: 1 0.00041612 0.00113439 -0.00042134 0.999991 0.0041765 -0.0011323 -0.00417649 0.99999 -0.133579 0.186858 0.317955
FixedParameters: 0 0 0

#Transform 121
Transform: AffineTransform_float_3_3
Parameters: 1 0.000416029 0.00113443 -0.00042143 0.999991 0.00425538 -0.00113226 -0.00425662 0.999991 -0.142992 0.17127 0.312192
FixedParameters: 0 0 0

#Transform 122
Transform: AffineTransform_float_3_3
Parameters: 0.999999 0.000474364 0.0011432 -0.000479718 0.99999 0.00426529 -0.00114152 -0.00426571 0.999991 -0.142004 0.197332 0.298267
FixedParameters: 0 0 0

#Transform 123
Transform: AffineTransform_float_3_3
Parameters: 1 0.000586374 0.00098309 -0.000591412 0.99999 0.00429728 -0.000980564 -0.00429872 0.999991 -0.135768 0.163713 0.310165
FixedParameters: 0 0 0

#Transform 124
Transform: AffineTransform_float_3_3
Parameters: 1 0.000415947 0.00113446 -0.000421514 0.999991 0.00432951 -0.00113223 -0.0043295 0.99999 -0.14086 0.19457 0.313355
FixedParameters: 0 0 0

#Transform 125
Transform: AffineTransform_float_3_3
Parameters: 0.999999 0.000466484 0.001142 -0.000471766 0.999991 0.00423844 -0.00114041 -0.00423855 0.99999 -0.142158 0.178216 0.295993
FixedParameters: 0 0 0

#Transform 126
Transform: AffineTransform_float_3_3
Parameters: 0.999999 0.000506895 0.00114815 -0.000511504 0.999991 0.0043544 -0.00114596 -0.00435461 0.99999 -0.141466 0.178758 0.319688
FixedParameters: 0 0 0

#Transform 127
Transform: AffineTransform_float_3_3
Parameters: 0.999999 0.000540485 0.00115322 -0.000546191 0.99999 0.00438235 -0.00115085 -0.00438265 0.99999 -0.145805 0.212024 0.343483
FixedParameters: 0 0 0

#Transform 128
Transform: AffineTransform_float_3_3
Parameters: 1 0.000415952 0.00113445 -0.000421508 0.999991 0.00432453 -0.00113223 -0.00432548 0.99999 -0.145063 0.173064 0.313092
FixedParameters: 0 0 0

#Transform 129
Transform: AffineTransform_float_3_3
Parameters: 0.999999 0.000527207 0.00122103 -0.000532615 0.99999 0.00442233 -0.00121858 -0.00442267 0.999989 -0.145316 0.191654 0.316167
FixedParameters: 0 0 0

#Transform 130
Transform: AffineTransform_float_3_3
Parameters: 0.999999 0.000556384 0.00132865 -0.000563034 0.99999 0.00453126 -0.00132582 -0.00453274 0.999989 -0.14198 0.206678 0.332699
FixedParameters: 0 0 0

#Transform 131
Transform: AffineTransform_float_3_3
Parameters: 0.999999 0.000570206 0.00126396 -0.000575059 0.999989 0.00450011 -0.0012619 -0.00450089 0.999989 -0.150849 0.200362 0.303363
FixedParameters: 0 0 0

#Transform 132
Transform: AffineTransform_float_3_3
Parameters: 0.999999 0.000604893 0.00116282 -0.000610419 0.99999 0.00426913 -0.00116002 -0.00426987 0.999991 -0.156011 0.194487 0.295142
FixedParameters: 0 0 0

#Transform 133
Transform: AffineTransform_float_3_3
Parameters: 1 0.000415516 0.00113461 -0.000420812 0.999989 0.00470836 -0.00113292 -0.00470864 0.999989 -0.151318 0.173899 0.332913
FixedParameters: 0 0 0

#Transform 134
Transform: AffineTransform_float_3_3
Parameters: 0.999999 0.00051867 0.00114997 -0.000523478 0.99999 0.00443438 -0.0011476 -0.00443462 0.999989 -0.146851 0.225837 0.296424
FixedParameters: 0 0 0

#Transform 135
Transform: AffineTransform_float_3_3
Parameters: 0.999999 0.000384611 0.00134215 -0.000391208 0.99999 0.00441134 -0.00133999 -0.00441267 0.99999 -0.148697 0.185149 0.290301
FixedParameters: 0 0 0

#Transform 136
Transform: AffineTransform_float_3_3
Parameters: 0.999999 0.000658112 0.00117095 -0.000663927 0.99999 0.0044242 -0.00116848 -0.00442479 0.999989 -0.138896 0.189583 0.31423
FixedParameters: 0 0 0

#Transform 137
Transform: AffineTransform_float_3_3
Parameters: 0.999999 0.000475784 0.0013934 -0.000482164 0.99999 0.00457833 -0.00139111 -0.00457967 0.999988 -0.143947 0.18978 0.330512
FixedParameters: 0 0 0

#Transform 138
Transform: AffineTransform_float_3_3
Parameters: 0.999999 0.000400153 0.00123647 -0.000406429 0.999988 0.00471634 -0.00123491 -0.00471666 0.999988 -0.145741 0.209196 0.332428
FixedParameters: 0 0 0

#Transform 139
Transform: AffineTransform_float_3_3
Parameters: 0.999999 0.000386083 0.00133227 -0.000392626 0.99999 0.00442432 -0.00133008 -0.00442468 0.99999 -0.148389 0.195445 0.317294
FixedParameters: 0 0 0

#Transform 140
Transform: AffineTransform_float_3_3
Parameters: 0.999999 0.0003997 0.00124037 -0.000405868 0.99999 0.00460148 -0.00123792 -0.00460152 0.999988 -0.145836 0.196504 0.33145
FixedParameters: 0 0 0

#Transform 141
Transform: AffineTransform_float_3_3
Parameters: 0.999999 0.000403323 0.00121569 -0.000409323 0.999989 0.00468336 -0.00121413 -0.00468464 0.999989 -0.14518 0.20624 0.33848
FixedParameters: 0 0 0

#Transform 142
Transform: AffineTransform_float_3_3
Parameters: 0.999999 0.000202694 0.00141298 -0.000209669 0.999989 0.00467255 -0.00141217 -0.00467246 0.999988 -0.154122 0.212458 0.333607
FixedParameters: 0 0 0

#Transform 143
Transform: AffineTransform_float_3_3
Parameters: 0.999999 0.000387906 0.0013185 -0.000394706 0.999989 0.00462146 -0.00131713 -0.00462153 0.999988 -0.150572 0.213565 0.317673
FixedParameters: 0 0 0

#Transform 144
Transform: AffineTransform_float_3_3
Parameters: 0.999999 0.000193255 0.00143388 -0.000199889 0.999989 0.00483058 -0.00143294 -0.00483143 0.999988 -0.154898 0.196345 0.312885
FixedParameters: 0 0 0

#Transform 145
Transform: AffineTransform_float_3_3
Parameters: 0.999998 0.00035133 0.00155696 -0.000359699 0.999987 0.00505328 -0.00155533 -0.00505372 0.999986 -0.160288 0.191156 0.316957
FixedParameters: 0 0 0

#Transform 146
Transform: AffineTransform_float_3_3
Parameters: 0.999999 0.000355834 0.00152539 -0.000364437 0.999986 0.00523529 -0.00152357 -0.00523571 0.999985 -0.153741 0.190878 0.310824
FixedParameters: 0 0 0

#Transform 147
Transform: AffineTransform_float_3_3
Parameters: 0.999999 0.000378851 0.00137502 -0.000386309 0.999987 0.00503145 -0.00137327 -0.00503154 0.999986 -0.149602 0.206998 0.329365
FixedParameters: 0 0 0

#Transform 148
Transform: AffineTransform_float_3_3
Parameters: 0.999999 0.000378919 0.0013769 -0.000385664 0.999989 0.00476545 -0.00137536 -0.00476555 0.999988 -0.149659 0.208582 0.320443
FixedParameters: 0 0 0

#Transform 149
Transform: AffineTransform_float_3_3
Parameters: 1 0.000415116 0.00113476 -0.000421213 0.999987 0.0050615 -0.00113277 -0.00506149 0.999986 -0.145549 0.18475 0.317329
FixedParameters: 0 0 0

#Transform 150
Transform: AffineTransform_float_3_3
Parameters: 0.999999 0.000380261 0.001368 -0.000386921 0.999989 0.00476546 -0.00136644 -0.00476555 0.999988 -0.149388 0.220761 0.33588
FixedParameters: 0 0 0

#Transform 151
Transform: AffineTransform_float_3_3
Parameters: 0.999998 0.000244149 0.00160734 -0.000252036 0.999989 0.00469946 -0.00160598 -0.00470054 0.999987 -0.143482 0.204941 0.297393
FixedParameters: 0 0 0
