# transform file /out/sourcedata/freesurfer/sub-v2s3x28823_ses-1/mri/transforms/cc_up.lta
# created by oesteban on Fri Mar 13 03:42:45 2026

type      = 0 # LINEAR_VOX_TO_VOX
nxforms   = 1
mean      = 130.0000 101.0000 101.0000
sigma     = 10000.0000
1 4 4
9.967362284660339e-01 -7.526694983243942e-02 2.918821573257446e-02 4.671549320220947e+00 
7.523469626903534e-02 9.971634745597839e-01 2.203157171607018e-03 4.247484207153320e+01 
-2.927124686539173e-02 0.000000000000000e+00 9.995715618133545e-01 4.075077438354492e+01 
0.000000000000000e+00 0.000000000000000e+00 0.000000000000000e+00 1.000000000000000e+00 
src volume info
valid = 1  # volume info valid
filename = /out/sourcedata/freesurfer/sub-v2s3x28823_ses-1/mri/norm.mgz
volume = 256 256 256
voxelsize = 1.000000000000000e+00 1.000000000000000e+00 1.000000000000000e+00
xras   = -1.000000000000000e+00 0.000000000000000e+00 0.000000000000000e+00
yras   = 0.000000000000000e+00 0.000000000000000e+00 -1.000000000000000e+00
zras   = 0.000000000000000e+00 1.000000000000000e+00 0.000000000000000e+00
cras   = -6.791007995605469e+00 4.818766784667969e+01 -5.338241577148438e+00
dst volume info
valid = 1  # volume info valid
filename = /out/sourcedata/freesurfer/sub-v2s3x28823_ses-1/mri/norm.mgz
volume = 256 256 256
voxelsize = 1.000000000000000e+00 1.000000000000000e+00 1.000000000000000e+00
xras   = -1.000000000000000e+00 0.000000000000000e+00 0.000000000000000e+00
yras   = 0.000000000000000e+00 0.000000000000000e+00 -1.000000000000000e+00
zras   = 0.000000000000000e+00 1.000000000000000e+00 0.000000000000000e+00
cras   = -6.791007995605469e+00 4.818766784667969e+01 -5.338241577148438e+00
