#Insight Transform File V1.0
#Transform 0
Transform: AffineTransform_float_3_3
Parameters: 0.999994 -0.000653128 -0.00320537 0.000665101 0.999993 0.00379543 0.00320307 -0.00379757 0.999988 0.0748775 -0.0633609 -0.276721
FixedParameters: 0 0 0

#Transform 1
Transform: AffineTransform_float_3_3
Parameters: 0.999995 -0.000240457 -0.00318256 0.00025078 0.999994 0.00337367 0.00318172 -0.00337434 0.99999 0.0841425 -0.0860569 -0.456131
FixedParameters: 0 0 0

#Transform 2
Transform: AffineTransform_float_3_3
Parameters: 0.999997 0.00161265 -0.00156961 -0.00160875 0.999995 0.00268756 0.00157375 -0.00268445 0.999995 0.0804011 0.0214775 -0.501948
FixedParameters: 0 0 0

#Transform 3
Transform: AffineTransform_float_3_3
Parameters: 0.999998 0.000962242 -0.00126509 -0.000956049 0.999989 0.00463013 0.00126935 -0.00462987 0.999989 0.0861691 -0.0305759 -0.331529
FixedParameters: 0 0 0

#Transform 4
Transform: AffineTransform_float_3_3
Parameters: 1 0.000776071 -0.000911415 -0.000771793 0.999988 0.00483371 0.000914387 -0.00483229 0.999988 0.0289174 0.0111535 -0.220548
FixedParameters: 0 0 0

#Transform 5
Transform: AffineTransform_float_3_3
Parameters: 0.999999 0.000554925 -0.00047 -0.000551661 0.999985 0.00534126 0.000473709 -0.00534073 0.999985 0.0254767 -0.0107147 -0.178209
FixedParameters: 0 0 0

#Transform 6
Transform: AffineTransform_float_3_3
Parameters: 0.999999 0.00128736 0.000239932 -0.0012888 0.999989 0.00438169 -0.000234609 -0.00438231 0.999991 0.0211843 0.0292561 -0.162385
FixedParameters: 0 0 0

#Transform 7
Transform: AffineTransform_float_3_3
Parameters: 0.999999 0.00128635 0.000292619 -0.0012878 0.999984 0.00550673 -0.000285297 -0.00550726 0.999985 0.0496068 -0.00742186 -0.150055
FixedParameters: 0 0 0

#Transform 8
Transform: AffineTransform_float_3_3
Parameters: 0.999999 0.000686026 0.000363935 -0.000687674 0.999992 0.00408386 -0.000361202 -0.00408414 0.999991 0.0620293 0.0394307 -0.0610978
FixedParameters: 0 0 0

#Transform 9
Transform: AffineTransform_float_3_3
Parameters: 1 0.000315807 0.000484525 -0.000316902 0.999994 0.00329673 -0.000483221 -0.00329627 0.999995 0.0503097 0.0365123 -0.0454742
FixedParameters: 0 0 0

#Transform 10
Transform: AffineTransform_float_3_3
Parameters: 0.999999 0.000885586 0.000425843 -0.000887284 0.999993 0.00355072 -0.000422425 -0.00355028 0.999993 0.0447932 0.0758603 -0.0747899
FixedParameters: 0 0 0

#Transform 11
Transform: AffineTransform_float_3_3
Parameters: 1 0.00030981 0.000634127 -0.000313095 0.999991 0.0042478 -0.000632263 -0.0042482 0.999991 0.0393948 0.0650893 -0.0880853
FixedParameters: 0 0 0

#Transform 12
Transform: AffineTransform_float_3_3
Parameters: 1 0.000362326 0.00111761 -0.00036631 0.999993 0.00365858 -0.00111651 -0.00365842 0.999992 0.0337325 0.0416363 -0.0347209
FixedParameters: 0 0 0

#Transform 13
Transform: AffineTransform_float_3_3
Parameters: 0.999999 0.000290299 0.000810024 -0.000293878 0.999991 0.00418376 -0.00080925 -0.00418424 0.999991 0.0576102 0.0347443 0.00809447
FixedParameters: 0 0 0

#Transform 14
Transform: AffineTransform_float_3_3
Parameters: 1 0.000183566 0.000655355 -0.000187295 0.99999 0.00444687 -0.000654487 -0.00444613 0.99999 0.0590934 0.0451386 0.0171449
FixedParameters: 0 0 0

#Transform 15
Transform: AffineTransform_float_3_3
Parameters: 1 0.000364868 0.000473283 -0.000366807 0.999991 0.00438082 -0.000471854 -0.00438019 0.999991 0.0366768 0.0769203 -0.236061
FixedParameters: 0 0 0

#Transform 16
Transform: AffineTransform_float_3_3
Parameters: 1 0.00070377 1.43139e-05 -0.000704465 0.999988 0.004877 -1.15289e-05 -0.004878 0.999988 0.0137089 0.00573014 -0.207654
FixedParameters: 0 0 0

#Transform 17
Transform: AffineTransform_float_3_3
Parameters: 0.999999 0.000781697 0.000513258 -0.000784503 0.999986 0.0051056 -0.000509026 -0.0051064 0.999987 -0.00371939 -0.0403694 -0.119969
FixedParameters: 0 0 0

#Transform 18
Transform: AffineTransform_float_3_3
Parameters: 1 -0.000486783 0.000154855 0.000485827 0.999996 0.00272908 -0.000156515 -0.00272893 0.999997 -0.0219462 -0.0659573 -0.0810626
FixedParameters: 0 0 0

#Transform 19
Transform: AffineTransform_float_3_3
Parameters: 0.999999 -0.000713326 -0.000118872 0.000713563 0.999998 0.00189592 0.000118155 -0.00189609 0.999998 -0.0497127 -0.0823379 0.0389037
FixedParameters: 0 0 0

#Transform 20
Transform: AffineTransform_float_3_3
Parameters: 0.999999 -0.000441532 -0.000756621 0.000441692 0.999999 0.000763549 0.00075584 -0.000763451 1 0.0142407 -0.00898881 -0.00843959
FixedParameters: 0 0 0

#Transform 21
Transform: AffineTransform_float_3_3
Parameters: 1 -0.000242303 0.000289802 0.000242075 1 0.00039307 -0.000289992 -0.00039293 1 0.0134602 0.00183651 0.038165
FixedParameters: 0 0 0

#Transform 22
Transform: AffineTransform_float_3_3
Parameters: 0.999999 0.00116894 -0.00139784 -0.00116846 1 -0.000180356 0.00139752 0.000182645 0.999999 0.0485553 -0.00364055 -0.0387956
FixedParameters: 0 0 0

#Transform 23
Transform: AffineTransform_float_3_3
Parameters: 0.999999 -0.000683863 -0.000563116 0.00068421 0.999999 0.000308615 0.000562693 -0.000309385 1 -0.0210022 -0.016725 0.106647
FixedParameters: 0 0 0

#Transform 24
Transform: AffineTransform_float_3_3
Parameters: 1 -0.000229009 0.000222905 0.00022898 1 6.6051e-05 -0.000222935 -6.59489e-05 1 -0.00844848 0.0229106 0.0664515
FixedParameters: 0 0 0

#Transform 25
Transform: AffineTransform_float_3_3
Parameters: 0.999999 -0.000315755 0.000735676 0.000316215 1 -0.000312767 -0.000735478 0.000313232 0.999999 -0.00901019 -0.0425575 0.0923534
FixedParameters: 0 0 0

#Transform 26
Transform: AffineTransform_float_3_3
Parameters: 0.999999 -0.000337544 0.0009395 0.00033801 1 -0.000247788 -0.000939332 0.000248212 1 -0.0149737 0.0190202 0.065907
FixedParameters: 0 0 0

#Transform 27
Transform: AffineTransform_float_3_3
Parameters: 0.999999 -6.09287e-05 0.00133906 6.14636e-05 1 -0.000571024 -0.0013391 0.000570976 0.999999 -0.017902 0.0422146 0.0759508
FixedParameters: 0 0 0

#Transform 28
Transform: AffineTransform_float_3_3
Parameters: 0.999999 0.00057752 0.000634232 -0.00057713 0.999999 -0.00117537 -0.000634701 0.00117463 0.999999 -0.0167451 0.0797194 -0.0652912
FixedParameters: 0 0 0

#Transform 29
Transform: AffineTransform_float_3_3
Parameters: 0.999999 0.000716363 0.00140564 -0.000715914 1 -0.000552019 -0.00140554 0.000550983 0.999999 -0.0390048 0.0452874 -0.0242132
FixedParameters: 0 0 0

#Transform 30
Transform: AffineTransform_float_3_3
Parameters: 0.999998 0.000371445 0.00155479 -0.000373193 1 0.000915316 -0.00155499 -0.000916685 0.999999 -0.0461034 -0.000574706 -0.0251244
FixedParameters: 0 0 0

#Transform 31
Transform: AffineTransform_float_3_3
Parameters: 0.999998 0.000415303 0.0016199 -0.000414022 0.999999 -0.000735883 -0.00161962 0.000734117 0.999999 -0.033163 0.0817086 0.0137895
FixedParameters: 0 0 0

#Transform 32
Transform: AffineTransform_float_3_3
Parameters: 0.999998 0.000218749 0.00166924 -0.000216748 0.999999 -0.00119448 -0.00166997 0.00119452 0.999998 -0.0390321 0.1012 0.0476493
FixedParameters: 0 0 0

#Transform 33
Transform: AffineTransform_float_3_3
Parameters: 0.999999 0.000605298 0.00139977 -0.000601872 0.999998 -0.00200996 -0.00140042 0.00200904 0.999997 0.00800748 0.0915866 0.0477628
FixedParameters: 0 0 0

#Transform 34
Transform: AffineTransform_float_3_3
Parameters: 1 0.000156701 0.00119181 -0.000154678 0.999997 -0.00214529 -0.0011918 0.00214471 0.999997 0.00559792 0.12336 0.0664404
FixedParameters: 0 0 0

#Transform 35
Transform: AffineTransform_float_3_3
Parameters: 1 0.000100277 0.00112163 -9.8429e-05 0.999999 -0.00175811 -0.0011212 0.00175789 0.999998 -0.0245355 0.143787 -0.0194673
FixedParameters: 0 0 0

#Transform 36
Transform: AffineTransform_float_3_3
Parameters: 1 -0.000153603 0.00115928 0.000155589 0.999999 -0.00128582 -0.00115899 0.00128618 0.999998 -0.0126076 0.12776 -0.0128664
FixedParameters: 0 0 0

#Transform 37
Transform: AffineTransform_float_3_3
Parameters: 0.999997 -0.0014856 0.00157307 0.00148932 0.999996 -0.00234664 -0.00156949 0.00234936 0.999996 -0.0766148 0.101504 0.0164804
FixedParameters: 0 0 0

#Transform 38
Transform: AffineTransform_float_3_3
Parameters: 0.999997 -0.00110802 0.00221111 0.00111441 0.999996 -0.00272273 -0.00220868 0.00272527 0.999993 -0.0841878 0.125951 -0.0136333
FixedParameters: 0 0 0

#Transform 39
Transform: AffineTransform_float_3_3
Parameters: 0.999997 -0.00147515 0.00156045 0.00148166 0.99999 -0.00415278 -0.00155388 0.00415522 0.99999 -0.0338645 0.108167 -0.0578664
FixedParameters: 0 0 0

#Transform 40
Transform: AffineTransform_float_3_3
Parameters: 0.999998 -0.00101607 0.00134181 0.00102133 0.999993 -0.00369872 -0.00133779 0.00369928 0.999992 0.0111635 0.0962314 0.201745
FixedParameters: 0 0 0

#Transform 41
Transform: AffineTransform_float_3_3
Parameters: 0.999997 -0.00164405 0.00141901 0.00164965 0.999992 -0.00385665 -0.0014129 0.00385936 0.999992 -0.0973748 0.221804 0.0943586
FixedParameters: 0 0 0

#Transform 42
Transform: AffineTransform_float_3_3
Parameters: 0.99999 -0.00268923 0.00340958 0.00270307 0.999988 -0.00393326 -0.00339878 0.00394274 0.999987 -0.16976 0.203053 0.0244968
FixedParameters: 0 0 0

#Transform 43
Transform: AffineTransform_float_3_3
Parameters: 0.999991 -0.00210441 0.00371955 0.00211561 0.999993 -0.00303671 -0.00371296 0.00304429 0.999988 -0.182837 0.175237 -0.114591
FixedParameters: 0 0 0

#Transform 44
Transform: AffineTransform_float_3_3
Parameters: 0.999999 -0.00127415 -0.000485244 0.00127292 0.999998 -0.00148151 0.000487027 0.00148049 0.999999 -0.00385312 0.209265 -0.508348
FixedParameters: 0 0 0

#Transform 45
Transform: AffineTransform_float_3_3
Parameters: 0.999998 -0.00188513 0.00138001 0.00188828 0.999996 -0.00207226 -0.00137648 0.00207474 0.999996 -0.114182 0.269131 -0.626027
FixedParameters: 0 0 0

#Transform 46
Transform: AffineTransform_float_3_3
Parameters: 0.999996 -0.00158381 0.00202971 0.00159196 0.99999 -0.00408596 -0.00202266 0.00408904 0.99999 -0.120613 0.129764 -0.19099
FixedParameters: 0 0 0

#Transform 47
Transform: AffineTransform_float_3_3
Parameters: 0.999994 -0.00228002 0.00269536 0.00229196 0.999988 -0.00425499 -0.00268611 0.00426101 0.999987 -0.159193 0.162522 -0.19641
FixedParameters: 0 0 0

#Transform 48
Transform: AffineTransform_float_3_3
Parameters: 0.999996 -0.00141018 0.00272669 0.00142576 0.999984 -0.00548241 -0.0027187 0.00548559 0.999981 -0.140259 0.179587 -0.0609714
FixedParameters: 0 0 0

#Transform 49
Transform: AffineTransform_float_3_3
Parameters: 0.999996 -0.00122872 0.0028045 0.00124489 0.999983 -0.00560992 -0.00279829 0.00561307 0.99998 -0.138597 0.223256 -0.0986033
FixedParameters: 0 0 0

#Transform 50
Transform: AffineTransform_float_3_3
Parameters: 0.999995 -0.00140115 0.00278692 0.0014165 0.999984 -0.00549836 -0.00277909 0.00550264 0.999981 -0.149494 0.207711 -0.0514596
FixedParameters: 0 0 0

#Transform 51
Transform: AffineTransform_float_3_3
Parameters: 0.999994 -0.00313831 0.00188518 0.00314659 0.999985 -0.00448082 -0.00187099 0.00448718 0.999988 -0.324354 0.249519 -0.734026
FixedParameters: 0 0 0

#Transform 52
Transform: AffineTransform_float_3_3
Parameters: 0.999989 -0.00159319 0.00443632 0.00160278 0.999996 -0.00227491 -0.00443319 0.00228209 0.999987 -0.183451 -0.0961451 0.0667081
FixedParameters: 0 0 0

#Transform 53
Transform: AffineTransform_float_3_3
Parameters: 0.999994 -0.00157358 0.00303984 0.00158497 0.999991 -0.00391469 -0.00303382 0.00391931 0.999988 -0.161442 0.132077 0.252442
FixedParameters: 0 0 0

#Transform 54
Transform: AffineTransform_float_3_3
Parameters: 0.999992 -0.00300034 0.00289732 0.003016 0.99998 -0.00552731 -0.00288087 0.00553569 0.99998 -0.224207 0.203445 0.168512
FixedParameters: 0 0 0

#Transform 55
Transform: AffineTransform_float_3_3
Parameters: 0.99999 -0.00302098 0.00309692 0.00303709 0.999981 -0.00540275 -0.00308109 0.00541225 0.99998 -0.194676 0.201857 0.214748
FixedParameters: 0 0 0

#Transform 56
Transform: AffineTransform_float_3_3
Parameters: 0.999992 -0.00251461 0.00294295 0.00252565 0.999989 -0.00391184 -0.00293355 0.00391917 0.999988 -0.184357 0.178686 0.201869
FixedParameters: 0 0 0

#Transform 57
Transform: AffineTransform_float_3_3
Parameters: 0.999997 -0.0013749 0.00226681 0.001385 0.999989 -0.00452805 -0.00226045 0.00453095 0.999987 -0.14767 0.219222 0.0196319
FixedParameters: 0 0 0

#Transform 58
Transform: AffineTransform_float_3_3
Parameters: 0.999994 -0.00178795 0.00302044 0.00180555 0.999981 -0.00572307 -0.00301073 0.00572894 0.99998 -0.15874 0.197775 0.225868
FixedParameters: 0 0 0

#Transform 59
Transform: AffineTransform_float_3_3
Parameters: 0.999993 -0.0019511 0.00300396 0.00196865 0.999982 -0.00573149 -0.00299334 0.00573751 0.99998 -0.187101 0.241602 0.0984458
FixedParameters: 0 0 0

#Transform 60
Transform: AffineTransform_float_3_3
Parameters: 0.999992 -0.00327535 0.00257627 0.00329586 0.999963 -0.00795949 -0.00255024 0.00796851 0.999965 -0.302637 0.286764 -0.0228261
FixedParameters: 0 0 0

#Transform 61
Transform: AffineTransform_float_3_3
Parameters: 0.999894 -0.0126711 0.00715506 0.0128148 0.999711 -0.0203734 -0.0068943 0.0204626 0.999767 -0.507864 0.343688 0.18317
FixedParameters: 0 0 0

#Transform 62
Transform: AffineTransform_float_3_3
Parameters: 0.999674 -0.021299 0.0140665 0.0216499 0.999445 -0.0252848 -0.0135202 0.0255812 0.999582 -0.692497 0.404472 0.230234
FixedParameters: 0 0 0

#Transform 63
Transform: AffineTransform_float_3_3
Parameters: 0.999705 -0.0198763 0.0139754 0.0202397 0.999447 -0.0263668 -0.0134435 0.0266412 0.999555 -0.741492 0.545458 0.125787
FixedParameters: 0 0 0

#Transform 64
Transform: AffineTransform_float_3_3
Parameters: 0.999028 -0.0201884 0.039181 0.0213577 0.999332 -0.0296571 -0.038556 0.0304648 0.998792 -1.60309 0.530836 0.391665
FixedParameters: 0 0 0

#Transform 65
Transform: AffineTransform_float_3_3
Parameters: 0.999006 -0.0191647 0.0402289 0.0204861 0.999255 -0.0326877 -0.0395722 0.0334792 0.998655 -1.60314 0.635341 0.469057
FixedParameters: 0 0 0

#Transform 66
Transform: AffineTransform_float_3_3
Parameters: 0.999139 -0.0170023 0.0378492 0.018319 0.999229 -0.0347291 -0.0372295 0.0353919 0.99868 -1.57885 0.727858 0.310683
FixedParameters: 0 0 0

#Transform 67
Transform: AffineTransform_float_3_3
Parameters: 0.999286 -0.0138733 0.0351432 0.015305 0.99905 -0.040798 -0.0345439 0.0413071 0.998549 -1.42333 0.861854 0.326871
FixedParameters: 0 0 0

#Transform 68
Transform: AffineTransform_float_3_3
Parameters: 0.999449 -0.0115663 0.0311332 0.0129176 0.998968 -0.0435646 -0.0305969 0.0439435 0.998565 -1.07106 0.881237 1.1267
FixedParameters: 0 0 0

#Transform 69
Transform: AffineTransform_float_3_3
Parameters: 0.999606 -0.0101096 0.0261607 0.0114099 0.998681 -0.0500516 -0.0256211 0.0503303 0.998404 -0.859523 1.01696 1.5668
FixedParameters: 0 0 0

#Transform 70
Transform: AffineTransform_float_3_3
Parameters: 0.999828 -0.00611006 0.017542 0.00715707 0.998154 -0.0602967 -0.0171412 0.0604112 0.998026 -0.474603 1.26908 1.97796
FixedParameters: 0 0 0

#Transform 71
Transform: AffineTransform_float_3_3
Parameters: 0.999848 -0.00685256 0.0159903 0.00780316 0.998159 -0.0601599 -0.0155484 0.0602751 0.99806 -0.59428 1.33805 1.43737
FixedParameters: 0 0 0

#Transform 72
Transform: AffineTransform_float_3_3
Parameters: 0.996305 -0.0142729 0.0847003 0.017998 0.998896 -0.0433824 -0.0839871 0.0447466 0.995462 -1.77747 0.716025 -0.615047
FixedParameters: 0 0 0

#Transform 73
Transform: AffineTransform_float_3_3
Parameters: 0.997348 -0.0105787 0.0719988 0.0140902 0.998727 -0.0484412 -0.0713943 0.0493279 0.996228 -1.53561 0.530883 -1.14518
FixedParameters: 0 0 0

#Transform 74
Transform: AffineTransform_float_3_3
Parameters: 0.997771 -0.00964241 0.0660299 0.0131277 0.998531 -0.0525507 -0.0654254 0.0533002 0.996433 -1.22753 0.585464 -0.290268
FixedParameters: 0 0 0

#Transform 75
Transform: AffineTransform_float_3_3
Parameters: 0.998197 -0.00835406 0.0594513 0.0115365 0.998507 -0.0534052 -0.058916 0.0539948 0.996801 -0.978594 0.869363 -0.266387
FixedParameters: 0 0 0

#Transform 76
Transform: AffineTransform_float_3_3
Parameters: 0.998235 -0.00744021 0.0589323 0.0108276 0.998293 -0.0573771 -0.0584046 0.0579139 0.996612 -0.908662 0.883891 -0.0327596
FixedParameters: 0 0 0

#Transform 77
Transform: AffineTransform_float_3_3
Parameters: 0.999237 -0.00695037 0.0384288 0.00907239 0.998427 -0.0553199 -0.037984 0.0556261 0.997729 -0.438105 0.753992 2.24092
FixedParameters: 0 0 0

#Transform 78
Transform: AffineTransform_float_3_3
Parameters: 0.999118 -0.00608218 0.0415454 0.00856496 0.998171 -0.0598518 -0.0411058 0.0601551 0.997342 -0.400583 1.07156 2.36427
FixedParameters: 0 0 0

#Transform 79
Transform: AffineTransform_float_3_3
Parameters: 0.999129 -0.00627775 0.041258 0.00879824 0.998087 -0.0612019 -0.0407953 0.0615121 0.997272 -0.382095 1.15404 2.42343
FixedParameters: 0 0 0

#Transform 80
Transform: AffineTransform_float_3_3
Parameters: 0.999161 -0.00608297 0.0405177 0.00863018 0.997976 -0.0630026 -0.0400518 0.0632993 0.997191 -0.297245 1.22375 2.34242
FixedParameters: 0 0 0

#Transform 81
Transform: AffineTransform_float_3_3
Parameters: 0.999182 -0.00523575 0.0401021 0.00794723 0.99767 -0.0677606 -0.0396535 0.0680234 0.996896 -0.328214 1.36701 2.06962
FixedParameters: 0 0 0

#Transform 82
Transform: AffineTransform_float_3_3
Parameters: 0.999196 -0.00452592 0.0398491 0.00731126 0.997518 -0.070033 -0.0394339 0.070268 0.996749 -0.31582 1.42782 1.79752
FixedParameters: 0 0 0

#Transform 83
Transform: AffineTransform_float_3_3
Parameters: 0.999181 -0.00556689 0.0400665 0.00825815 0.997698 -0.0673009 -0.0395992 0.0675772 0.996928 -0.276522 1.38221 1.93968
FixedParameters: 0 0 0

#Transform 84
Transform: AffineTransform_float_3_3
Parameters: 0.999192 -0.00619119 0.039697 0.00885685 0.997691 -0.0673354 -0.0391882 0.0676325 0.99694 -0.274986 1.39716 2.08141
FixedParameters: 0 0 0

#Transform 85
Transform: AffineTransform_float_3_3
Parameters: 0.999239 -0.00558411 0.0385865 0.00847876 0.997126 -0.0752832 -0.0380548 0.0755537 0.996415 -0.270177 1.56164 2.06662
FixedParameters: 0 0 0

#Transform 86
Transform: AffineTransform_float_3_3
Parameters: 0.999189 -0.00585698 0.0398364 0.00882608 0.997161 -0.0747724 -0.0392851 0.0750636 0.996405 -0.308429 1.62556 1.98817
FixedParameters: 0 0 0

#Transform 87
Transform: AffineTransform_float_3_3
Parameters: 0.999202 -0.00556728 0.0395347 0.00854527 0.997104 -0.0755606 -0.0390001 0.0758374 0.996357 -0.306098 1.62079 2.05042
FixedParameters: 0 0 0

#Transform 88
Transform: AffineTransform_float_3_3
Parameters: 0.999013 -0.0100708 0.0432475 0.0134048 0.996901 -0.0775151 -0.0423329 0.0780179 0.996053 -0.43637 1.66745 1.95779
FixedParameters: 0 0 0

#Transform 89
Transform: AffineTransform_float_3_3
Parameters: 0.999101 -0.00813029 0.0416085 0.0114491 0.996716 -0.0801601 -0.0408201 0.0805639 0.995913 -0.405025 1.70886 1.96445
FixedParameters: 0 0 0

#Transform 90
Transform: AffineTransform_float_3_3
Parameters: 0.999116 -0.00755986 0.0413469 0.0109259 0.996589 -0.0817903 -0.0405883 0.0821698 0.995792 -0.380065 1.74444 2.1417
FixedParameters: 0 0 0

#Transform 91
Transform: AffineTransform_float_3_3
Parameters: 0.99913 -0.00777812 0.040959 0.0111322 0.996545 -0.0823054 -0.0401775 0.0826896 0.995765 -0.365223 1.75073 2.10795
FixedParameters: 0 0 0

#Transform 92
Transform: AffineTransform_float_3_3
Parameters: 0.999122 -0.00800513 0.0411103 0.0113454 0.996594 -0.0816895 -0.0403161 0.0820835 0.995809 -0.388487 1.78253 2.03955
FixedParameters: 0 0 0

#Transform 93
Transform: AffineTransform_float_3_3
Parameters: 0.999135 -0.00744919 0.0409075 0.0108287 0.996488 -0.0830305 -0.0401458 0.0834014 0.995707 -0.35224 1.77986 2.04523
FixedParameters: 0 0 0

#Transform 94
Transform: AffineTransform_float_3_3
Parameters: 0.99914 -0.00679837 0.0409084 0.0102475 0.996353 -0.0847088 -0.0401831 0.0850552 0.995566 -0.383422 1.79816 2.2311
FixedParameters: 0 0 0

#Transform 95
Transform: AffineTransform_float_3_3
Parameters: 0.999158 -0.00706682 0.040413 0.0105146 0.996262 -0.0857371 -0.0396568 0.0860899 0.995498 -0.375085 1.85509 2.17157
FixedParameters: 0 0 0

#Transform 96
Transform: AffineTransform_float_3_3
Parameters: 0.999148 -0.00648054 0.0407576 0.00994315 0.996304 -0.0853131 -0.0400544 0.0856458 0.99552 -0.341961 1.82129 2.0743
FixedParameters: 0 0 0

#Transform 97
Transform: AffineTransform_float_3_3
Parameters: 0.999157 -0.00649696 0.0405373 0.00998287 0.996211 -0.0863908 -0.0398222 0.0867231 0.995436 -0.337387 1.84615 2.05699
FixedParameters: 0 0 0

#Transform 98
Transform: AffineTransform_float_3_3
Parameters: 0.999156 -0.00634551 0.0405777 0.00982389 0.996238 -0.0861069 -0.0398783 0.0864321 0.995459 -0.351599 1.87969 2.03908
FixedParameters: 0 0 0

#Transform 99
Transform: AffineTransform_float_3_3
Parameters: 0.999175 -0.00634093 0.0400989 0.00982176 0.99614 -0.0872219 -0.0393914 0.0875441 0.995382 -0.330007 1.85573 2.09598
FixedParameters: 0 0 0

#Transform 100
Transform: AffineTransform_float_3_3
Parameters: 0.999166 -0.0060362 0.0403838 0.00955921 0.996108 -0.0876222 -0.0396981 0.0879348 0.995334 -0.336986 1.87976 2.10996
FixedParameters: 0 0 0

#Transform 101
Transform: AffineTransform_float_3_3
Parameters: 0.999155 -0.00636728 0.0406088 0.00992335 0.996073 -0.0879844 -0.0398896 0.0883127 0.995294 -0.344863 1.9372 2.08127
FixedParameters: 0 0 0

#Transform 102
Transform: AffineTransform_float_3_3
Parameters: 0.999203 -0.00573052 0.0394881 0.00907944 0.996326 -0.085169 -0.0388545 0.0854601 0.995584 -0.332922 2.09479 1.97443
FixedParameters: 0 0 0

#Transform 103
Transform: AffineTransform_float_3_3
Parameters: 0.999261 -0.00657808 0.0378871 0.00922547 0.997494 -0.0701363 -0.0373312 0.0704337 0.996818 -0.32505 1.76382 1.8138
FixedParameters: 0 0 0

#Transform 104
Transform: AffineTransform_float_3_3
Parameters: 0.99926 -0.00597205 0.0379912 0.0082551 0.998151 -0.0602127 -0.0375615 0.0604822 0.997462 -0.326572 1.5097 1.76153
FixedParameters: 0 0 0

#Transform 105
Transform: AffineTransform_float_3_3
Parameters: 0.999254 -0.00572406 0.0381991 0.00798464 0.998208 -0.0592901 -0.0377911 0.0595508 0.99751 -0.310349 1.51254 1.80048
FixedParameters: 0 0 0

#Transform 106
Transform: AffineTransform_float_3_3
Parameters: 0.999263 -0.00528782 0.0380028 0.00763629 0.998051 -0.0619236 -0.0376007 0.0621684 0.997357 -0.285278 1.57495 1.92858
FixedParameters: 0 0 0

#Transform 107
Transform: AffineTransform_float_3_3
Parameters: 0.999264 -0.00618665 0.0378587 0.00852518 0.998046 -0.061899 -0.0374018 0.0621759 0.997364 -0.34973 1.61572 1.7129
FixedParameters: 0 0 0

#Transform 108
Transform: AffineTransform_float_3_3
Parameters: 0.99923 -0.00638988 0.0387124 0.00882071 0.997978 -0.0629365 -0.0382316 0.0632293 0.997266 -0.386589 1.59857 1.67743
FixedParameters: 0 0 0

#Transform 109
Transform: AffineTransform_float_3_3
Parameters: 0.999236 -0.0062969 0.038569 0.00862359 0.998134 -0.0604636 -0.0381164 0.0607504 0.997425 -0.374591 1.52863 1.74153
FixedParameters: 0 0 0

#Transform 110
Transform: AffineTransform_float_3_3
Parameters: 0.999218 -0.00628787 0.0390309 0.00871942 0.99801 -0.0624475 -0.0385604 0.0627385 0.997285 -0.347544 1.59395 1.88051
FixedParameters: 0 0 0

#Transform 111
Transform: AffineTransform_float_3_3
Parameters: 0.999205 -0.00662431 0.0393004 0.0090719 0.998008 -0.062431 -0.0388086 0.062738 0.997275 -0.36838 1.57257 1.75353
FixedParameters: 0 0 0

#Transform 112
Transform: AffineTransform_float_3_3
Parameters: 0.999223 -0.0074269 0.0387075 0.0098681 0.997948 -0.0632682 -0.0381575 0.0636008 0.997246 -0.445134 1.449 1.91711
FixedParameters: 0 0 0

#Transform 113
Transform: AffineTransform_float_3_3
Parameters: 0.999203 -0.00699333 0.0393179 0.0099241 0.997145 -0.0748509 -0.0386817 0.075182 0.996419 -0.425725 1.61469 2.09098
FixedParameters: 0 0 0

#Transform 114
Transform: AffineTransform_float_3_3
Parameters: 0.999241 -0.00568871 0.0385407 0.00870062 0.99688 -0.07845 -0.0379742 0.078726 0.996172 -0.347709 1.74437 2.11616
FixedParameters: 0 0 0

#Transform 115
Transform: AffineTransform_float_3_3
Parameters: 0.999189 -0.00573234 0.0398723 0.00884257 0.996893 -0.0782774 -0.0393 0.0785667 0.996134 -0.395074 1.75337 2.09791
FixedParameters: 0 0 0

#Transform 116
Transform: AffineTransform_float_3_3
Parameters: 0.999248 -0.00516747 0.0384165 0.0082851 0.996646 -0.0814224 -0.0378676 0.0816796 0.995939 -0.365939 1.92068 2.10973
FixedParameters: 0 0 0

#Transform 117
Transform: AffineTransform_float_3_3
Parameters: 0.999261 -0.00508985 0.0381026 0.0081657 0.99668 -0.081003 -0.037563 0.081255 0.995985 -0.337256 1.96516 2.04946
FixedParameters: 0 0 0

#Transform 118
Transform: AffineTransform_float_3_3
Parameters: 0.999276 -0.00521117 0.0376756 0.00834827 0.996466 -0.0835844 -0.0371067 0.0838385 0.995788 -0.322007 2.06194 2
FixedParameters: 0 0 0

#Transform 119
Transform: AffineTransform_float_3_3
Parameters: 0.999221 -0.00619328 0.0389585 0.00946182 0.996398 -0.0842761 -0.038296 0.0845799 0.99568 -0.318918 1.90224 2.02873
FixedParameters: 0 0 0

#Transform 120
Transform: AffineTransform_float_3_3
Parameters: 0.999279 -0.00573507 0.0375283 0.00898883 0.996157 -0.0871171 -0.0368852 0.087392 0.995491 -0.288552 1.95373 2.2779
FixedParameters: 0 0 0

#Transform 121
Transform: AffineTransform_float_3_3
Parameters: 0.999515 -0.000180415 0.0311415 0.00305985 0.99571 -0.0924712 -0.0309912 0.0925218 0.995229 -5.11339e-05 2.02397 3.02039
FixedParameters: 0 0 0

#Transform 122
Transform: AffineTransform_float_3_3
Parameters: 0.999606 0.000345701 0.0280733 0.00234035 0.995418 -0.0955929 -0.0279772 0.0956202 0.995025 0.0919891 1.97525 3.48113
FixedParameters: 0 0 0

#Transform 123
Transform: AffineTransform_float_3_3
Parameters: 0.9995 -0.000149217 0.0316168 0.00344406 0.994551 -0.104198 -0.0314286 0.104255 0.994054 0.0071207 2.2499 3.44445
FixedParameters: 0 0 0

#Transform 124
Transform: AffineTransform_float_3_3
Parameters: 0.999423 -0.00203779 0.0338999 0.00580135 0.993772 -0.111285 -0.0334615 0.111418 0.993211 -0.104541 2.39785 3.83094
FixedParameters: 0 0 0

#Transform 125
Transform: AffineTransform_float_3_3
Parameters: 0.999502 -0.000990149 0.031534 0.00461169 0.993356 -0.11499 -0.0312111 0.115077 0.992866 -0.00341448 2.54838 3.85867
FixedParameters: 0 0 0

#Transform 126
Transform: AffineTransform_float_3_3
Parameters: 0.999482 -0.00159761 0.0321265 0.0053358 0.993161 -0.116627 -0.0317203 0.116737 0.992656 -0.0447947 2.55461 3.93228
FixedParameters: 0 0 0

#Transform 127
Transform: AffineTransform_float_3_3
Parameters: 0.999481 -0.00117655 0.0322085 0.00478134 0.993688 -0.112074 -0.0318733 0.11217 0.993178 -0.0519064 2.5704 3.68144
FixedParameters: 0 0 0

#Transform 128
Transform: AffineTransform_float_3_3
Parameters: 0.999505 -0.00114516 0.0314348 0.00469905 0.993559 -0.113214 -0.0311033 0.113305 0.993073 -0.0566929 2.45234 3.83638
FixedParameters: 0 0 0

#Transform 129
Transform: AffineTransform_float_3_3
Parameters: 0.99951 -0.000260838 0.0313237 0.00402462 0.992749 -0.12014 -0.0310652 0.120207 0.992263 -0.00119758 2.69138 3.92907
FixedParameters: 0 0 0

#Transform 130
Transform: AffineTransform_float_3_3
Parameters: 0.999486 -0.000929926 0.0320466 0.0047633 0.992792 -0.11975 -0.0317044 0.119841 0.992286 -0.0469993 2.6336 4.08161
FixedParameters: 0 0 0

#Transform 131
Transform: AffineTransform_float_3_3
Parameters: 0.999516 -0.000407842 0.0311139 0.00418544 0.992589 -0.121444 -0.0308338 0.121516 0.992111 0.037284 2.68839 4.07671
FixedParameters: 0 0 0

#Transform 132
Transform: AffineTransform_float_3_3
Parameters: 0.999509 -0.000311302 0.0313355 0.00411822 0.992581 -0.121513 -0.0310653 0.121582 0.992095 -0.00102598 2.69885 4.04313
FixedParameters: 0 0 0

#Transform 133
Transform: AffineTransform_float_3_3
Parameters: 0.999429 -0.00418754 0.0335299 0.00813206 0.992936 -0.11837 -0.0327972 0.118575 0.992403 -0.253605 2.69423 3.4127
FixedParameters: 0 0 0

#Transform 134
Transform: AffineTransform_float_3_3
Parameters: 0.999065 -0.0129083 0.0412772 0.0170975 0.994556 -0.102788 -0.039725 0.103398 0.993846 -0.732375 2.57048 1.91928
FixedParameters: 0 0 0

#Transform 135
Transform: AffineTransform_float_3_3
Parameters: 0.999107 -0.012841 0.0402588 0.0168869 0.99466 -0.101816 -0.0387366 0.102404 0.993988 -0.738086 2.32109 1.56845
FixedParameters: 0 0 0

#Transform 136
Transform: AffineTransform_float_3_3
Parameters: 0.998998 -0.0184605 0.040782 0.0224886 0.994668 -0.100642 -0.0387074 0.10146 0.994086 -0.748773 1.95738 2.38223
FixedParameters: 0 0 0

#Transform 137
Transform: AffineTransform_float_3_3
Parameters: 0.999767 -0.011662 0.0181954 0.0135971 0.993825 -0.110119 -0.0167988 0.11034 0.993752 -0.149309 1.68194 4.32464
FixedParameters: 0 0 0

#Transform 138
Transform: AffineTransform_float_3_3
Parameters: 0.999682 -0.0170549 0.0186154 0.0189342 0.994189 -0.105975 -0.0167 0.106294 0.994194 -0.168092 1.7789 3.5413
FixedParameters: 0 0 0

#Transform 139
Transform: AffineTransform_float_3_3
Parameters: 0.999406 -0.0197941 0.0282178 0.0224327 0.995084 -0.0964615 -0.0261695 0.0970376 0.994937 -0.470052 2.11381 2.47142
FixedParameters: 0 0 0

#Transform 140
Transform: AffineTransform_float_3_3
Parameters: 0.997934 -0.0398459 0.0504026 0.0437535 0.995917 -0.0789632 -0.0470507 0.0810059 0.995603 -1.47797 1.7238 1.57491
FixedParameters: 0 0 0

#Transform 141
Transform: AffineTransform_float_3_3
Parameters: 0.999494 -0.013555 0.0287934 0.0168378 0.992986 -0.11703 -0.027005 0.117456 0.992711 -0.4856 2.17795 3.42049
FixedParameters: 0 0 0

#Transform 142
Transform: AffineTransform_float_3_3
Parameters: 0.99963 -0.00553552 0.0266229 0.00881531 0.992154 -0.124709 -0.0257232 0.124898 0.991836 -0.134789 2.78002 3.83117
FixedParameters: 0 0 0

#Transform 143
Transform: AffineTransform_float_3_3
Parameters: 0.999604 -0.00543754 0.0275831 0.00886391 0.992031 -0.125682 -0.0266802 0.125876 0.991687 -0.158034 2.82112 4.05979
FixedParameters: 0 0 0

#Transform 144
Transform: AffineTransform_float_3_3
Parameters: 0.999549 -0.00542929 0.0295392 0.00919197 0.991632 -0.128765 -0.0285918 0.128978 0.991235 -0.158765 2.77499 3.46731
FixedParameters: 0 0 0

#Transform 145
Transform: AffineTransform_float_3_3
Parameters: 0.999286 -0.00816546 0.0368701 0.013212 0.990237 -0.138768 -0.0353777 0.139156 0.989638 -0.0788356 3.0408 3.8784
FixedParameters: 0 0 0

#Transform 146
Transform: AffineTransform_float_3_3
Parameters: 0.999593 -0.00489627 0.0280787 0.00859684 0.99105 -0.133218 -0.0271749 0.133405 0.990689 0.0437396 3.12752 3.71691
FixedParameters: 0 0 0

#Transform 147
Transform: AffineTransform_float_3_3
Parameters: 0.99958 -0.00426301 0.0286884 0.00807581 0.990929 -0.134139 -0.0278564 0.134315 0.990547 0.0240713 3.04753 3.98149
FixedParameters: 0 0 0

#Transform 148
Transform: AffineTransform_float_3_3
Parameters: 0.999564 -0.00439542 0.0291724 0.00828951 0.990849 -0.134715 -0.0283138 0.134898 0.990455 -0.0239795 3.04724 4.0642
FixedParameters: 0 0 0

#Transform 149
Transform: AffineTransform_float_3_3
Parameters: 0.999571 -0.00510165 0.0288665 0.00894214 0.990869 -0.13453 -0.0279164 0.13473 0.990489 0.0159303 3.06954 3.69552
FixedParameters: 0 0 0

#Transform 150
Transform: AffineTransform_float_3_3
Parameters: 0.999579 -0.00528106 0.0285255 0.00906984 0.99089 -0.134368 -0.0275557 0.134571 0.99052 0.0255123 3.03236 3.78498
FixedParameters: 0 0 0

#Transform 151
Transform: AffineTransform_float_3_3
Parameters: 0.999521 -0.00634529 0.0303068 0.0104209 0.990613 -0.136303 -0.029157 0.136553 0.990203 -0.0321764 3.00915 4.30761
FixedParameters: 0 0 0
