#Insight Transform File V1.0
#Transform 0
Transform: AffineTransform_float_3_3
Parameters: 0.999999 0.00168321 -0.000799458 -0.00168179 0.999998 0.00151135 0.000802542 -0.00151065 0.999998 -0.0399303 0.0134814 -0.0985954
FixedParameters: 0 0 0

#Transform 1
Transform: AffineTransform_float_3_3
Parameters: 0.999999 0.00139312 -0.000144813 -0.00139288 0.999998 0.000852202 0.000146187 -0.000851797 0.999999 -0.0158453 0.00226995 -0.00366773
FixedParameters: 0 0 0

#Transform 2
Transform: AffineTransform_float_3_3
Parameters: 1 0.000579266 -0.000955233 -0.000578734 0.999999 0.00132555 0.000955768 -0.00132445 0.999998 0.00636014 -0.00411578 0.0418236
FixedParameters: 0 0 0

#Transform 3
Transform: AffineTransform_float_3_3
Parameters: 1 0.000681735 -0.000835675 -0.000685263 0.999992 -0.00391343 0.000832325 0.00391357 0.999992 -0.00642231 -0.0676858 -0.139324
FixedParameters: 0 0 0

#Transform 4
Transform: AffineTransform_float_3_3
Parameters: 1 0.000341079 -0.0010566 -0.000345919 0.999989 -0.00466164 0.0010544 0.00466136 0.999988 -0.00169309 -0.0340096 -0.130032
FixedParameters: 0 0 0

#Transform 5
Transform: AffineTransform_float_3_3
Parameters: 1 0.000508824 -0.00105702 -0.000513176 0.999992 -0.00395446 0.00105498 0.00395454 0.999991 0.00607321 -0.00358312 -0.115677
FixedParameters: 0 0 0

#Transform 6
Transform: AffineTransform_float_3_3
Parameters: 1 0.000511023 -0.00105693 -0.000514973 0.999993 -0.00376546 0.00105407 0.00376654 0.999993 -0.0036698 0.00608212 -0.108126
FixedParameters: 0 0 0

#Transform 7
Transform: AffineTransform_float_3_3
Parameters: 1 0.000808375 -0.000638339 -0.000811624 0.999991 -0.00412249 0.000634659 0.00412352 0.999992 -0.0061827 -0.0258649 -0.104383
FixedParameters: 0 0 0

#Transform 8
Transform: AffineTransform_float_3_3
Parameters: 0.999999 0.0016421 0.00061173 -0.0016419 0.999998 -0.000165005 -0.00061227 0.000163995 1 -0.0277985 -0.0973827 0.0775804
FixedParameters: 0 0 0

#Transform 9
Transform: AffineTransform_float_3_3
Parameters: 0.999999 0.00100595 0.000766446 -0.00100405 0.999997 -0.00254177 -0.000768555 0.00254123 0.999997 0.00650719 -0.0567829 0.0217068
FixedParameters: 0 0 0

#Transform 10
Transform: AffineTransform_float_3_3
Parameters: 0.999999 0.000866073 0.000178645 -0.000865926 0.999999 -0.000410155 -0.000179355 0.000409845 1 0.0193458 -0.016153 0.127436
FixedParameters: 0 0 0

#Transform 11
Transform: AffineTransform_float_3_3
Parameters: 1 0.00026122 -0.000291803 -0.00026178 0.999999 0.000754076 0.000292197 -0.000753923 0.999999 -0.00011893 -0.0168259 0.0823247
FixedParameters: 0 0 0

#Transform 12
Transform: AffineTransform_float_3_3
Parameters: 0.999999 0.000654023 -0.000291947 -0.000653976 1 8.11909e-05 0.000292053 -8.0809e-05 1 -0.00353153 -0.0221028 0.0482073
FixedParameters: 0 0 0

#Transform 13
Transform: AffineTransform_float_3_3
Parameters: 1 0.000403984 -0.000292022 -0.000403016 1 -5.48823e-05 0.000291978 5.4118e-05 1 0.0152813 -0.0199469 0.0399964
FixedParameters: 0 0 0

#Transform 14
Transform: AffineTransform_float_3_3
Parameters: 0.999999 0.000753169 -0.000541764 -0.00075283 0.999999 0.000313408 0.000542235 -0.000312592 1 0.0113111 0.0130981 0.0706045
FixedParameters: 0 0 0

#Transform 15
Transform: AffineTransform_float_3_3
Parameters: 0.999999 0.000912009 -9.39069e-05 -0.00091199 0.999999 0.000102086 9.40929e-05 -0.000101914 1 0.00636231 0.0114686 0.0334664
FixedParameters: 0 0 0

#Transform 16
Transform: AffineTransform_float_3_3
Parameters: 1 0.000403755 -0.000832119 -0.000403245 1 -0.000293664 0.000831882 0.000294336 0.999999 0.0101824 -0.00583166 0.0682298
FixedParameters: 0 0 0

#Transform 17
Transform: AffineTransform_float_3_3
Parameters: 1 0.000404101 -0.00045191 -0.000403899 1 0.000223183 0.00045209 -0.000222817 1 0.00578132 0.0120092 0.0830414
FixedParameters: 0 0 0

#Transform 18
Transform: AffineTransform_float_3_3
Parameters: 0.999999 0.000654221 -0.000327558 -0.000653778 0.999999 0.000676214 0.000328442 -0.000675785 0.999999 -0.00010681 0.0159736 0.101392
FixedParameters: 0 0 0

#Transform 19
Transform: AffineTransform_float_3_3
Parameters: 1 0.000654964 -0.000831242 -0.000653035 0.999999 0.00115954 0.000832758 -0.00115846 0.999999 0.00934 0.019918 0.0306882
FixedParameters: 0 0 0

#Transform 20
Transform: AffineTransform_float_3_3
Parameters: 1 -0.000281944 0.000259061 0.000282056 1 -0.000215927 -0.000258939 0.000216073 1 0.00263797 -0.0274958 -0.0300501
FixedParameters: 0 0 0

#Transform 21
Transform: AffineTransform_float_3_3
Parameters: 0.999999 0.000850067 -0.000252775 -0.000849932 0.999999 0.000265215 0.000252226 -0.000265786 1 -0.0277686 -0.0278203 0.0947394
FixedParameters: 0 0 0

#Transform 22
Transform: AffineTransform_float_3_3
Parameters: 0.999999 0.000661313 -0.000316346 -0.000661686 1 0.000989209 0.000317654 -0.00098879 0.999999 -0.00357538 0.026424 0.108337
FixedParameters: 0 0 0

#Transform 23
Transform: AffineTransform_float_3_3
Parameters: 0.999999 0.000458159 -0.000632162 -0.000456841 0.999998 0.00183229 0.000632838 -0.00183171 0.999998 0.00744597 0.0349897 0.0671717
FixedParameters: 0 0 0

#Transform 24
Transform: AffineTransform_float_3_3
Parameters: 0.999999 0.000127654 -0.000828053 -0.000127346 1 -0.000417894 0.000827946 0.000418106 0.999999 -0.00383885 0.00450113 0.0355407
FixedParameters: 0 0 0

#Transform 25
Transform: AffineTransform_float_3_3
Parameters: 1 5.64459e-05 -0.000475947 -5.55539e-05 0.999999 0.000937027 0.000476052 -0.000936973 1 0.0256338 0.0500596 -0.00207721
FixedParameters: 0 0 0

#Transform 26
Transform: AffineTransform_float_3_3
Parameters: 0.999999 5.43269e-05 -0.000794116 -5.56728e-05 0.999998 -0.00210696 0.000793885 0.00210704 0.999998 -0.00798435 -0.0103245 -0.0494007
FixedParameters: 0 0 0

#Transform 27
Transform: AffineTransform_float_3_3
Parameters: 0.999999 -0.000603494 0.000519753 0.000605506 0.999995 -0.00290168 -0.000518245 0.00290231 0.999995 0.0399092 -0.00649692 -0.09304
FixedParameters: 0 0 0

#Transform 28
Transform: AffineTransform_float_3_3
Parameters: 0.999999 -0.00134928 0.000679422 0.00135072 0.999996 -0.00253408 -0.000676578 0.00253491 0.999996 0.0872713 -0.134847 -0.0339661
FixedParameters: 0 0 0

#Transform 29
Transform: AffineTransform_float_3_3
Parameters: 1 -0.000897923 0.000690404 0.000899078 0.999999 -0.00156238 -0.000688596 0.00156262 0.999998 0.0201441 -0.0392561 0.143363
FixedParameters: 0 0 0

#Transform 30
Transform: AffineTransform_float_3_3
Parameters: 0.999999 -0.000770386 0.00128578 0.000775615 0.999993 -0.00359201 -0.00128322 0.00359299 0.999992 0.0957479 -0.0623827 -0.295835
FixedParameters: 0 0 0

#Transform 31
Transform: AffineTransform_float_3_3
Parameters: 1 0.000179093 0.000355953 -0.000179907 1 -0.000260064 -0.000356047 0.000260936 1 0.0148812 -0.0587982 0.1327
FixedParameters: 0 0 0

#Transform 32
Transform: AffineTransform_float_3_3
Parameters: 1 0.000179847 -7.43706e-05 -0.000179152 0.999998 -0.00205999 7.36311e-05 0.00206001 0.999998 0.0275965 0.0147262 -0.0250467
FixedParameters: 0 0 0

#Transform 33
Transform: AffineTransform_float_3_3
Parameters: 0.999999 -0.000436951 -0.000865516 0.000434048 0.999994 -0.00340638 0.000867483 0.00340662 0.999994 0.0296216 0.00331307 -0.07622
FixedParameters: 0 0 0

#Transform 34
Transform: AffineTransform_float_3_3
Parameters: 1 -0.00116672 0.000345787 0.00116928 0.999977 -0.0066676 -0.000338211 0.0066684 0.999977 0.0578546 -0.0388351 -0.188857
FixedParameters: 0 0 0

#Transform 35
Transform: AffineTransform_float_3_3
Parameters: 0.999993 -0.00226438 -0.00280342 0.00227561 0.999989 0.00414765 0.00279358 -0.00415435 0.999988 0.0250963 0.0349344 0.156166
FixedParameters: 0 0 0

#Transform 36
Transform: AffineTransform_float_3_3
Parameters: 0.999998 -0.00149781 -0.0016587 0.00150319 0.999994 0.00313351 0.0016533 -0.00313648 0.999993 -0.0104713 0.0557987 0.132665
FixedParameters: 0 0 0

#Transform 37
Transform: AffineTransform_float_3_3
Parameters: 0.999994 -0.00123022 -0.0032537 0.00125378 0.999974 0.00700696 0.00324529 -0.00701103 0.99997 -0.0565834 0.105263 0.100049
FixedParameters: 0 0 0

#Transform 38
Transform: AffineTransform_float_3_3
Parameters: 0.999983 -0.00213112 -0.0054394 0.00217989 0.999957 0.0089963 0.00542059 -0.0090087 0.999944 -0.0397593 0.103256 0.0911422
FixedParameters: 0 0 0

#Transform 39
Transform: AffineTransform_float_3_3
Parameters: 0.999982 -0.00215709 -0.00569345 0.00219991 0.999969 0.00754162 0.00567656 -0.00755439 0.999956 -0.0419052 0.102522 0.108219
FixedParameters: 0 0 0

#Transform 40
Transform: AffineTransform_float_3_3
Parameters: 0.999988 -0.000747475 -0.00499167 0.000777523 0.999981 0.0061152 0.00498734 -0.0061198 0.999969 -0.0814387 0.107188 0.0588997
FixedParameters: 0 0 0

#Transform 41
Transform: AffineTransform_float_3_3
Parameters: 0.99999 0.000437105 -0.00440315 -0.000417896 0.99999 0.00433888 0.00440485 -0.00433711 0.999981 -0.0832899 0.0931889 0.00499202
FixedParameters: 0 0 0

#Transform 42
Transform: AffineTransform_float_3_3
Parameters: 0.999994 -0.000269097 -0.00350625 0.000284902 0.999989 0.00453603 0.00350474 -0.00453697 0.999983 -0.0473064 0.0789194 0.0365588
FixedParameters: 0 0 0

#Transform 43
Transform: AffineTransform_float_3_3
Parameters: 0.999995 -0.000531878 -0.00332413 0.000544123 0.999992 0.00394821 0.00332188 -0.00394979 0.999986 -0.0277409 0.0844283 0.0503481
FixedParameters: 0 0 0

#Transform 44
Transform: AffineTransform_float_3_3
Parameters: 0.999995 -0.000466225 -0.00332368 0.000478775 0.999993 0.00354343 0.00332133 -0.00354457 0.999988 -0.0279873 0.0990256 0.0303485
FixedParameters: 0 0 0

#Transform 45
Transform: AffineTransform_float_3_3
Parameters: 0.999996 -0.000765583 -0.00290204 0.000777416 0.999992 0.00393476 0.00289896 -0.00393724 0.999988 -0.0174 0.071875 0.0507278
FixedParameters: 0 0 0

#Transform 46
Transform: AffineTransform_float_3_3
Parameters: 0.999995 -0.0011598 -0.00300001 0.0011652 0.999998 0.00173151 0.00299798 -0.00173549 0.999994 0.00982354 0.0145446 0.0779057
FixedParameters: 0 0 0

#Transform 47
Transform: AffineTransform_float_3_3
Parameters: 0.999992 -0.000616175 -0.00377961 0.000631824 0.999991 0.00418664 0.00377739 -0.00418936 0.999984 -0.0402894 0.0288804 0.0488181
FixedParameters: 0 0 0

#Transform 48
Transform: AffineTransform_float_3_3
Parameters: 0.99998 0.000312888 -0.00629176 -0.000239116 0.999931 0.0117417 0.00629424 -0.0117393 0.999912 -0.0918091 0.0723953 0.612403
FixedParameters: 0 0 0

#Transform 49
Transform: AffineTransform_float_3_3
Parameters: 0.999984 0.00054691 -0.0055953 -0.000485083 0.999938 0.0110599 0.00560171 -0.0110571 0.999923 -0.12593 0.207323 0.486581
FixedParameters: 0 0 0

#Transform 50
Transform: AffineTransform_float_3_3
Parameters: 0.999992 2.26149e-05 -0.00384493 5.61551e-06 0.999974 0.00718203 0.00384506 -0.00718197 0.999967 -0.0768176 0.131323 0.302571
FixedParameters: 0 0 0

#Transform 51
Transform: AffineTransform_float_3_3
Parameters: 0.999995 0.00027794 -0.00298738 -0.000260063 0.999982 0.0060038 0.00298861 -0.00600319 0.999977 -0.0395781 0.120237 0.207503
FixedParameters: 0 0 0

#Transform 52
Transform: AffineTransform_float_3_3
Parameters: 0.999993 -0.000468961 -0.00368841 0.000495037 0.999975 0.00706222 0.0036846 -0.00706378 0.999969 -0.0311337 0.158758 0.223297
FixedParameters: 0 0 0

#Transform 53
Transform: AffineTransform_float_3_3
Parameters: 0.999993 -0.000334412 -0.00388338 0.000361591 0.999977 0.00684765 0.00388162 -0.00684935 0.999969 -0.0332686 0.157201 0.245586
FixedParameters: 0 0 0

#Transform 54
Transform: AffineTransform_float_3_3
Parameters: 0.999992 -0.000598375 -0.00377432 0.000624625 0.999975 0.00705769 0.00376968 -0.00705931 0.999968 -0.0369466 0.158811 0.245912
FixedParameters: 0 0 0

#Transform 55
Transform: AffineTransform_float_3_3
Parameters: 0.999994 -0.000630626 -0.0035526 0.000656377 0.999975 0.00714572 0.0035484 -0.00714829 0.999968 -0.040056 0.159475 0.248201
FixedParameters: 0 0 0

#Transform 56
Transform: AffineTransform_float_3_3
Parameters: 0.999993 -0.000628532 -0.0038396 0.000656463 0.999974 0.00715653 0.0038344 -0.00715947 0.999967 -0.0346037 0.159816 0.278638
FixedParameters: 0 0 0

#Transform 57
Transform: AffineTransform_float_3_3
Parameters: 0.999992 -0.0006278 -0.00389665 0.000656201 0.999973 0.0072395 0.00389235 -0.0072425 0.999966 -0.0325073 0.160527 0.278458
FixedParameters: 0 0 0

#Transform 58
Transform: AffineTransform_float_3_3
Parameters: 0.999993 -0.00058122 -0.00382921 0.000602784 0.999985 0.00542773 0.00382679 -0.00543027 0.999978 -0.0318498 0.145346 0.221393
FixedParameters: 0 0 0

#Transform 59
Transform: AffineTransform_float_3_3
Parameters: 0.999996 -0.000651252 -0.00247226 0.000655748 0.999998 0.00192039 0.00247074 -0.00192162 0.999995 -0.0200862 0.0847867 0.138428
FixedParameters: 0 0 0

#Transform 60
Transform: AffineTransform_float_3_3
Parameters: 0.999997 1.65899e-05 -0.00247096 -7.40987e-06 0.999993 0.00388103 0.00247105 -0.00388097 0.99999 -0.0640599 0.0964982 0.190364
FixedParameters: 0 0 0

#Transform 61
Transform: AffineTransform_float_3_3
Parameters: 0.999996 -0.000646406 -0.00247353 0.000656591 0.999993 0.00387939 0.00247047 -0.00388161 0.99999 -0.0360772 0.121878 0.18033
FixedParameters: 0 0 0

#Transform 62
Transform: AffineTransform_float_3_3
Parameters: 0.999996 -0.000644652 -0.00272071 0.000656347 0.999991 0.00417123 0.00271828 -0.00417377 0.999987 -0.0350541 0.124225 0.167925
FixedParameters: 0 0 0

#Transform 63
Transform: AffineTransform_float_3_3
Parameters: 0.999996 -0.000650676 -0.002923 0.000663326 0.99999 0.00456008 0.00292001 -0.00456192 0.999986 -0.0238159 0.115075 0.197557
FixedParameters: 0 0 0

#Transform 64
Transform: AffineTransform_float_3_3
Parameters: 0.999993 -0.000702617 -0.00352392 0.000722384 0.999984 0.00550249 0.00352008 -0.0055045 0.999978 -0.0286978 0.16354 0.200147
FixedParameters: 0 0 0

#Transform 65
Transform: AffineTransform_float_3_3
Parameters: 0.999994 -0.000707586 -0.0031747 0.000723414 0.999987 0.00517173 0.0031713 -0.00517427 0.999981 -0.0257128 0.137447 0.193536
FixedParameters: 0 0 0

#Transform 66
Transform: AffineTransform_float_3_3
Parameters: 0.999995 -0.000599582 -0.00311221 0.000616417 0.999986 0.00527711 0.00310879 -0.00527889 0.999981 -0.025613 0.145272 0.184923
FixedParameters: 0 0 0

#Transform 67
Transform: AffineTransform_float_3_3
Parameters: 0.999993 -0.00059663 -0.00352333 0.000616376 0.999984 0.00549986 0.00352066 -0.00550113 0.999978 -0.028975 0.163428 0.177896
FixedParameters: 0 0 0

#Transform 68
Transform: AffineTransform_float_3_3
Parameters: 0.999995 -0.00060225 -0.00324958 0.000616752 0.999991 0.00423202 0.00324742 -0.00423398 0.999986 -0.0265865 0.136176 0.16214
FixedParameters: 0 0 0

#Transform 69
Transform: AffineTransform_float_3_3
Parameters: 0.999995 -0.000601111 -0.00310991 0.00061589 0.999989 0.00478911 0.00310708 -0.00479089 0.999983 -0.0112994 0.140652 0.176777
FixedParameters: 0 0 0

#Transform 70
Transform: AffineTransform_float_3_3
Parameters: 0.999993 -0.00104116 -0.00357225 0.00105884 0.999987 0.00499625 0.00356675 -0.00500075 0.999981 -0.008001 0.122637 0.171592
FixedParameters: 0 0 0

#Transform 71
Transform: AffineTransform_float_3_3
Parameters: 0.999994 -0.0010101 -0.00314517 0.0010229 0.999991 0.0041028 0.00314083 -0.00410519 0.999986 -0.0125216 0.134552 0.130823
FixedParameters: 0 0 0

#Transform 72
Transform: AffineTransform_float_3_3
Parameters: 0.999998 -0.000611311 -0.00215234 0.000616691 0.999998 0.00217968 0.00215066 -0.00218032 0.999996 -0.0280918 0.08506 0.251898
FixedParameters: 0 0 0

#Transform 73
Transform: AffineTransform_float_3_3
Parameters: 0.999996 -0.00101238 -0.00270238 0.00102462 0.99999 0.00430225 0.00269762 -0.00430475 0.999987 -0.0177292 0.125348 0.228218
FixedParameters: 0 0 0

#Transform 74
Transform: AffineTransform_float_3_3
Parameters: 0.999991 -0.00225429 -0.00365773 0.00227071 0.999988 0.00429674 0.00364827 -0.00430527 0.999984 0.0199521 0.154884 0.182285
FixedParameters: 0 0 0

#Transform 75
Transform: AffineTransform_float_3_3
Parameters: 0.999993 -0.000725356 -0.00367952 0.000742642 0.999988 0.0047963 0.00367548 -0.0047987 0.999981 -0.0391489 0.152327 0.203601
FixedParameters: 0 0 0

#Transform 76
Transform: AffineTransform_float_3_3
Parameters: 0.999994 -0.000650273 -0.00337589 0.000659726 0.999995 0.00288079 0.00337411 -0.00288321 0.99999 -0.0537487 0.135746 0.0974509
FixedParameters: 0 0 0

#Transform 77
Transform: AffineTransform_float_3_3
Parameters: 0.999995 0.000171369 -0.00337552 -0.000198628 0.999966 -0.00818737 0.00337349 0.00818762 0.999961 0.00513967 -0.074079 -0.303166
FixedParameters: 0 0 0

#Transform 78
Transform: AffineTransform_float_3_3
Parameters: 0.999998 -0.000247288 -0.00197235 0.000241714 0.999997 -0.00268048 0.00197266 0.00268052 0.999995 0.0175288 0.0192124 -0.0595108
FixedParameters: 0 0 0

#Transform 79
Transform: AffineTransform_float_3_3
Parameters: 0.999996 -0.000926611 -0.00291412 0.000927389 0.999999 0.000132298 0.00291388 -0.000134701 0.999995 0.0147137 0.0847619 0.079895
FixedParameters: 0 0 0

#Transform 80
Transform: AffineTransform_float_3_3
Parameters: 0.999994 -0.00123809 -0.00305756 0.00123691 0.999999 -0.000356784 0.00305744 0.000353217 0.999996 0.0119217 0.0937966 0.0615902
FixedParameters: 0 0 0

#Transform 81
Transform: AffineTransform_float_3_3
Parameters: 0.999995 -0.00108483 -0.0030457 0.00108417 1 -0.000274304 0.0030453 0.000271698 0.999996 0.0225922 0.0945618 0.00654983
FixedParameters: 0 0 0

#Transform 82
Transform: AffineTransform_float_3_3
Parameters: 0.999995 -0.00109552 -0.0028868 0.00109448 1 -0.00018116 0.0028872 0.000177838 0.999996 0.0151642 0.0952724 0.0240901
FixedParameters: 0 0 0

#Transform 83
Transform: AffineTransform_float_3_3
Parameters: 0.999996 -0.00124886 -0.00275807 0.00124915 0.999999 5.1555e-05 0.00275794 -5.44445e-05 0.999996 0.0330265 0.0971381 0.0320188
FixedParameters: 0 0 0

#Transform 84
Transform: AffineTransform_float_3_3
Parameters: 0.999995 -0.00124837 -0.00288727 0.00124863 0.999999 0.000215396 0.00288773 -0.000218606 0.999996 0.031993 0.0984584 0.0222328
FixedParameters: 0 0 0

#Transform 85
Transform: AffineTransform_float_3_3
Parameters: 0.999995 -0.0012479 -0.00288748 0.00124911 0.999999 0.000381395 0.00288752 -0.000384605 0.999996 0.023549 0.117924 0.0390857
FixedParameters: 0 0 0

#Transform 86
Transform: AffineTransform_float_3_3
Parameters: 0.999997 -0.00124733 -0.00240787 0.00124867 0.999999 0.000691996 0.00240714 -0.000695005 0.999997 0.016111 0.120481 0.0797957
FixedParameters: 0 0 0

#Transform 87
Transform: AffineTransform_float_3_3
Parameters: 0.999998 -0.00108728 -0.00204485 0.00108672 1 -0.000136223 0.00204415 0.000133778 0.999998 0.0122065 0.113718 0.0840726
FixedParameters: 0 0 0

#Transform 88
Transform: AffineTransform_float_3_3
Parameters: 0.999996 -0.00124961 -0.00222966 0.00124939 0.999999 -0.000274787 0.00223034 0.000272214 0.999998 0.0209649 0.0909656 0.0558424
FixedParameters: 0 0 0

#Transform 89
Transform: AffineTransform_float_3_3
Parameters: 0.999996 -0.00094181 -0.00265907 0.000941188 0.999999 6.94975e-05 0.00265893 -7.25044e-05 0.999996 0.0129106 0.111773 0.0760312
FixedParameters: 0 0 0

#Transform 90
Transform: AffineTransform_float_3_3
Parameters: 0.999995 -0.00124852 -0.00265922 0.00124948 0.999999 0.000177678 0.00265878 -0.00018032 0.999997 0.0139091 0.0997334 0.0823267
FixedParameters: 0 0 0

#Transform 91
Transform: AffineTransform_float_3_3
Parameters: 0.999998 -0.0012492 -0.00192787 0.0012488 0.999999 -0.000107408 0.00192813 0.000104592 0.999998 0.0202268 0.117168 0.00361204
FixedParameters: 0 0 0

#Transform 92
Transform: AffineTransform_float_3_3
Parameters: 0.999997 -0.00110867 -0.00192704 0.00110633 0.999999 -0.000867134 0.00192896 0.000865863 0.999998 -0.00121805 0.114913 0.116878
FixedParameters: 0 0 0

#Transform 93
Transform: AffineTransform_float_3_3
Parameters: 0.999996 -0.000806417 -0.00246786 0.000806582 0.999999 -0.000169991 0.00246814 0.00016801 0.999997 0.00465088 0.0972029 0.121267
FixedParameters: 0 0 0

#Transform 94
Transform: AffineTransform_float_3_3
Parameters: 0.999997 -0.00102942 -0.00246866 0.00103158 1 0.000638456 0.00246834 -0.000640543 0.999996 0.014918 0.120767 0.0810745
FixedParameters: 0 0 0

#Transform 95
Transform: AffineTransform_float_3_3
Parameters: 0.999996 -0.000931298 -0.00246826 0.0009317 0.999999 0.000282701 0.00246873 -0.0002853 0.999997 0.0145447 0.100811 0.0838236
FixedParameters: 0 0 0

#Transform 96
Transform: AffineTransform_float_3_3
Parameters: 0.999997 -0.000952824 -0.00246807 0.000953175 0.999999 6.96477e-05 0.00246793 -7.23517e-05 0.999997 0.0146919 0.127548 0.0644575
FixedParameters: 0 0 0

#Transform 97
Transform: AffineTransform_float_3_3
Parameters: 0.999997 -0.00115628 -0.00246834 0.00115772 1 0.000289143 0.00246866 -0.000291856 0.999997 0.0153266 0.0992478 0.0993075
FixedParameters: 0 0 0

#Transform 98
Transform: AffineTransform_float_3_3
Parameters: 0.999996 -0.000713092 -0.00246826 0.000713908 0.999999 0.000367239 0.00246874 -0.000368761 0.999997 0.0137983 0.146344 0.0793156
FixedParameters: 0 0 0

#Transform 99
Transform: AffineTransform_float_3_3
Parameters: 0.999996 -0.000850943 -0.00246836 0.000851056 0.999999 0.0004269 0.00246863 -0.000429102 0.999997 0.0142376 0.122862 0.099779
FixedParameters: 0 0 0

#Transform 100
Transform: AffineTransform_float_3_3
Parameters: 0.999996 -0.00132248 -0.00275277 0.00132252 0.999999 -0.000176641 0.00275323 0.00017336 0.999996 0.00588643 0.117647 0.114989
FixedParameters: 0 0 0

#Transform 101
Transform: AffineTransform_float_3_3
Parameters: 0.999997 -0.00113647 -0.00214775 0.00113553 1 -0.000220439 0.00214725 0.00021756 0.999997 0.00734106 0.129021 0.130771
FixedParameters: 0 0 0

#Transform 102
Transform: AffineTransform_float_3_3
Parameters: 0.999997 -0.00113693 -0.00214751 0.00113608 1 -0.000431441 0.00214749 0.00042956 0.999997 0.0178474 0.115691 0.097632
FixedParameters: 0 0 0

#Transform 103
Transform: AffineTransform_float_3_3
Parameters: 0.999997 -0.00113515 -0.0024384 0.00113586 1 0.000349232 0.0024376 -0.000351768 0.999997 0.0191321 0.122061 0.0965118
FixedParameters: 0 0 0

#Transform 104
Transform: AffineTransform_float_3_3
Parameters: 0.999996 -0.00113609 -0.00265996 0.00113591 1 -3.50217e-05 0.00266004 3.19781e-05 0.999997 0.0182063 0.13734 0.0976431
FixedParameters: 0 0 0

#Transform 105
Transform: AffineTransform_float_3_3
Parameters: 0.999996 -0.00113472 -0.00283051 0.00113528 1 0.000450789 0.00283049 -0.000453214 0.999996 0.0296187 0.139958 0.0710207
FixedParameters: 0 0 0

#Transform 106
Transform: AffineTransform_float_3_3
Parameters: 0.999996 -0.00113536 -0.00266028 0.00113565 1 0.00024098 0.00265973 -0.000244021 0.999997 0.0309534 0.132823 0.0706331
FixedParameters: 0 0 0

#Transform 107
Transform: AffineTransform_float_3_3
Parameters: 0.999997 -0.00113453 -0.00219376 0.00113547 0.999999 0.000667511 0.00219324 -0.000670491 0.999998 0.0347267 0.141711 0.0961768
FixedParameters: 0 0 0

#Transform 108
Transform: AffineTransform_float_3_3
Parameters: 0.999996 -0.00113574 -0.00266011 0.00113526 1 9.59806e-05 0.00265989 -9.90214e-05 0.999997 0.0176514 0.161038 0.0980369
FixedParameters: 0 0 0

#Transform 109
Transform: AffineTransform_float_3_3
Parameters: 0.999996 -0.00113574 -0.00266011 0.00113526 1 9.59806e-05 0.00265989 -9.90214e-05 0.999997 0.0309074 0.148363 0.0812633
FixedParameters: 0 0 0

#Transform 110
Transform: AffineTransform_float_3_3
Parameters: 0.999995 -0.00150853 -0.00301774 0.00151047 0.999998 0.000486445 0.00301726 -0.000490554 0.999996 0.0451056 0.14807 0.0683115
FixedParameters: 0 0 0

#Transform 111
Transform: AffineTransform_float_3_3
Parameters: 0.999996 -0.00132992 -0.00249304 0.00133008 0.999999 2.96842e-05 0.00249296 -3.23156e-05 0.999997 0.0303011 0.153826 0.0968264
FixedParameters: 0 0 0

#Transform 112
Transform: AffineTransform_float_3_3
Parameters: 0.999996 -0.00123897 -0.0025305 0.00124003 0.999999 0.000403864 0.0025305 -0.000407137 0.999996 0.0276361 0.130792 0.0730578
FixedParameters: 0 0 0

#Transform 113
Transform: AffineTransform_float_3_3
Parameters: 0.999996 -0.00131967 -0.00245571 0.00132133 0.999999 0.000539757 0.00245528 -0.000543242 0.999997 0.0301515 0.15805 0.100345
FixedParameters: 0 0 0

#Transform 114
Transform: AffineTransform_float_3_3
Parameters: 0.999996 -0.001382 -0.002521 0.00138201 0.999999 5.15962e-07 0.002521 -3.48402e-06 0.999997 0.0280807 0.153589 0.117873
FixedParameters: 0 0 0

#Transform 115
Transform: AffineTransform_float_3_3
Parameters: 0.999996 -0.0011353 -0.00252132 0.0011357 1 0.000276138 0.00252068 -0.000278863 0.999997 0.0324095 0.151964 0.0761505
FixedParameters: 0 0 0

#Transform 116
Transform: AffineTransform_float_3_3
Parameters: 0.999995 -0.00153021 -0.00252148 0.00153179 0.999999 0.000310139 0.00252052 -0.000313858 0.999997 0.034152 0.156033 0.0863605
FixedParameters: 0 0 0

#Transform 117
Transform: AffineTransform_float_3_3
Parameters: 0.999996 -0.00118654 -0.0026462 0.00118646 1 0.000170861 0.00264579 -0.00017414 0.999996 0.0221205 0.154995 0.121356
FixedParameters: 0 0 0

#Transform 118
Transform: AffineTransform_float_3_3
Parameters: 0.999996 -0.00113557 -0.0025212 0.00113544 1 0.000171138 0.0025208 -0.000173863 0.999997 0.0286659 0.155046 0.082134
FixedParameters: 0 0 0

#Transform 119
Transform: AffineTransform_float_3_3
Parameters: 0.999996 -0.00113423 -0.00252179 0.00113577 0.999999 0.000699138 0.0025202 -0.000701861 0.999996 0.026499 0.131077 0.107185
FixedParameters: 0 0 0

#Transform 120
Transform: AffineTransform_float_3_3
Parameters: 0.999996 -0.00145363 -0.00252121 0.00145437 0.999999 0.000143334 0.00252079 -0.000146665 0.999997 0.0282732 0.162614 0.0890523
FixedParameters: 0 0 0

#Transform 121
Transform: AffineTransform_float_3_3
Parameters: 0.999995 -0.00113532 -0.00288427 0.00113568 1 0.000233726 0.00288473 -0.000237276 0.999996 0.0222266 0.155611 0.0892106
FixedParameters: 0 0 0

#Transform 122
Transform: AffineTransform_float_3_3
Parameters: 0.999997 -0.00123911 -0.00238347 0.0012399 0.999999 0.000374046 0.00238354 -0.000376955 0.999997 0.00629452 0.150934 0.131495
FixedParameters: 0 0 0

#Transform 123
Transform: AffineTransform_float_3_3
Parameters: 0.999997 -0.00108167 -0.00246315 0.00108233 1 0.000134335 0.00246285 -0.000136665 0.999997 0.00611908 0.174846 0.137948
FixedParameters: 0 0 0

#Transform 124
Transform: AffineTransform_float_3_3
Parameters: 0.999997 -0.00113547 -0.00246325 0.00113553 1 0.000215204 0.00246275 -0.000218797 0.999997 0.0110679 0.159533 0.152645
FixedParameters: 0 0 0

#Transform 125
Transform: AffineTransform_float_3_3
Parameters: 0.999997 -0.00113512 -0.00246341 0.00113589 1 0.000358203 0.00246359 -0.000360798 0.999997 0.0169564 0.17346 0.149252
FixedParameters: 0 0 0

#Transform 126
Transform: AffineTransform_float_3_3
Parameters: 0.999997 -0.0011341 -0.00246387 0.0011359 0.999999 0.000768204 0.00246313 -0.000771796 0.999996 0.0233312 0.17486 0.110555
FixedParameters: 0 0 0

#Transform 127
Transform: AffineTransform_float_3_3
Parameters: 0.999997 -0.00113363 -0.00246409 0.00113537 0.999999 0.000959206 0.00246291 -0.000961796 0.999997 0.00932613 0.178061 0.133427
FixedParameters: 0 0 0

#Transform 128
Transform: AffineTransform_float_3_3
Parameters: 0.999995 -0.00136337 -0.00286682 0.00136263 0.999999 -0.000130907 0.00286718 0.000127092 0.999996 0.0151149 0.168922 0.118235
FixedParameters: 0 0 0

#Transform 129
Transform: AffineTransform_float_3_3
Parameters: 0.999992 -0.00113435 -0.00398547 0.00113565 1 0.000410478 0.00398553 -0.000415525 0.999992 -0.0116048 0.168616 0.117601
FixedParameters: 0 0 0

#Transform 130
Transform: AffineTransform_float_3_3
Parameters: 0.999992 -0.00112954 -0.00363801 0.00113545 0.999998 0.00177288 0.00363599 -0.00177712 0.999992 -0.0186609 0.188678 0.180938
FixedParameters: 0 0 0

#Transform 131
Transform: AffineTransform_float_3_3
Parameters: 0.999993 -0.00138765 -0.00345337 0.00139635 0.999996 0.0024172 0.00344963 -0.0024218 0.999991 0.00190916 0.170714 0.283779
FixedParameters: 0 0 0

#Transform 132
Transform: AffineTransform_float_3_3
Parameters: 0.999977 -0.00283384 -0.00607752 0.00286916 0.999979 0.00578469 0.00606047 -0.0058023 0.999965 -0.0198183 0.219017 0.297484
FixedParameters: 0 0 0

#Transform 133
Transform: AffineTransform_float_3_3
Parameters: 0.999991 -0.000863964 -0.00420849 0.000876037 0.999996 0.00285934 0.00420551 -0.00286266 0.999987 -0.0825138 0.219217 0.240264
FixedParameters: 0 0 0

#Transform 134
Transform: AffineTransform_float_3_3
Parameters: 0.999995 -0.000873696 -0.00289669 0.000876304 1 0.000794465 0.0028953 -0.000796533 0.999995 -0.0268374 0.139144 0.159307
FixedParameters: 0 0 0

#Transform 135
Transform: AffineTransform_float_3_3
Parameters: 0.999995 -0.00127745 -0.00290656 0.00128055 0.999999 0.00121928 0.00290544 -0.00122272 0.999995 -0.00218961 0.158376 0.15412
FixedParameters: 0 0 0

#Transform 136
Transform: AffineTransform_float_3_3
Parameters: 0.999996 -0.00127814 -0.0026094 0.00128086 0.999998 0.00109566 0.0026086 -0.00109934 0.999996 -0.00319317 0.181881 0.131392
FixedParameters: 0 0 0

#Transform 137
Transform: AffineTransform_float_3_3
Parameters: 0.999995 -0.00127728 -0.00286466 0.00128072 0.999999 0.00129634 0.00286234 -0.00129966 0.999995 -0.00567129 0.183466 0.145037
FixedParameters: 0 0 0

#Transform 138
Transform: AffineTransform_float_3_3
Parameters: 0.999996 -0.0011006 -0.00260044 0.0011044 0.999998 0.00130813 0.00259856 -0.00131086 0.999996 -0.0203858 0.183768 0.165009
FixedParameters: 0 0 0

#Transform 139
Transform: AffineTransform_float_3_3
Parameters: 0.999998 -0.00103512 -0.00206544 0.00103588 1 0.000422862 0.00206556 -0.000425139 0.999998 -0.0125721 0.176436 0.14904
FixedParameters: 0 0 0

#Transform 140
Transform: AffineTransform_float_3_3
Parameters: 0.999994 -0.00141501 -0.00298699 0.00141499 0.999999 -4.2266e-06 0.002987 7.73369e-07 0.999995 0.0019307 0.17272 0.130536
FixedParameters: 0 0 0

#Transform 141
Transform: AffineTransform_float_3_3
Parameters: 0.999996 -0.00128216 -0.00243539 0.00128084 0.999999 -0.000477121 0.00243561 0.000473879 0.999997 -0.0109432 0.168944 0.131047
FixedParameters: 0 0 0

#Transform 142
Transform: AffineTransform_float_3_3
Parameters: 0.999996 -0.00128062 -0.0024362 0.00128138 0.999999 0.000152879 0.0024358 -0.00015612 0.999997 -0.016034 0.178734 0.127847
FixedParameters: 0 0 0

#Transform 143
Transform: AffineTransform_float_3_3
Parameters: 0.999996 -0.00128013 -0.00228149 0.00128087 0.999999 0.000381079 0.00228051 -0.000383921 0.999998 -0.0131379 0.167641 0.153051
FixedParameters: 0 0 0

#Transform 144
Transform: AffineTransform_float_3_3
Parameters: 0.999996 -0.00128013 -0.00243646 0.00128087 0.999999 0.000353881 0.00243555 -0.000357119 0.999997 -0.0225924 0.154638 0.177212
FixedParameters: 0 0 0

#Transform 145
Transform: AffineTransform_float_3_3
Parameters: 0.999996 -0.00109564 -0.00237663 0.00109736 0.999999 0.000571394 0.00237637 -0.000573606 0.999997 -0.00998686 0.162156 0.177588
FixedParameters: 0 0 0

#Transform 146
Transform: AffineTransform_float_3_3
Parameters: 0.999997 -0.00127941 -0.00236786 0.00128059 0.999999 0.00067097 0.00236714 -0.000674031 0.999997 -0.0197192 0.178383 0.181274
FixedParameters: 0 0 0

#Transform 147
Transform: AffineTransform_float_3_3
Parameters: 0.999996 -0.00107715 -0.00238238 0.00107785 1 0.000354434 0.00238162 -0.000357567 0.999997 -0.02241 0.183518 0.184572
FixedParameters: 0 0 0

#Transform 148
Transform: AffineTransform_float_3_3
Parameters: 0.999995 -0.000826775 -0.00282136 0.000828224 0.999999 0.000432665 0.00282164 -0.000435335 0.999996 -0.0334594 0.170078 0.173146
FixedParameters: 0 0 0

#Transform 149
Transform: AffineTransform_float_3_3
Parameters: 0.999995 -0.00127973 -0.00282158 0.00128127 0.999999 0.000448387 0.00282142 -0.000452613 0.999996 -0.00645234 0.141936 0.278797
FixedParameters: 0 0 0

#Transform 150
Transform: AffineTransform_float_3_3
Parameters: 0.999997 -0.00128314 -0.00215173 0.00128086 0.999998 -0.000993759 0.00215327 0.00099124 0.999997 -0.0254526 0.085307 0.241619
FixedParameters: 0 0 0

#Transform 151
Transform: AffineTransform_float_3_3
Parameters: 0.999996 -0.00089658 -0.00276881 0.00089542 0.999999 -0.00021048 0.00276919 0.000208518 0.999996 -0.0565661 0.0398612 0.159316
FixedParameters: 0 0 0
