#Insight Transform File V1.0
#Transform 0
Transform: AffineTransform_float_3_3
Parameters: 1 0.000876951 -0.000668492 -0.000877656 0.999999 -0.00130641 0.000667156 0.00130759 0.999999 -0.0159259 -0.0696509 -0.0982244
FixedParameters: 0 0 0

#Transform 1
Transform: AffineTransform_float_3_3
Parameters: 1 0.00100185 -0.000702528 -0.00100311 0.999999 -0.000929295 0.000701663 0.000929706 1 -0.0112314 -0.0836831 -0.0944381
FixedParameters: 0 0 0

#Transform 2
Transform: AffineTransform_float_3_3
Parameters: 0.999999 0.00127057 -0.000714094 -0.00127191 0.999998 -0.000970093 0.000712624 0.000971906 1 -0.00372553 -0.0426023 -0.0895164
FixedParameters: 0 0 0

#Transform 3
Transform: AffineTransform_float_3_3
Parameters: 1 0.00094416 -0.000699695 -0.000943943 1 -0.00055938 0.000698597 0.00055962 0.999999 -0.00754391 -0.0702341 -0.0935467
FixedParameters: 0 0 0

#Transform 4
Transform: AffineTransform_float_3_3
Parameters: 0.999999 0.00127033 -0.000714528 -0.00127116 0.999999 -0.00131214 0.000712148 0.00131386 0.999999 -0.00403099 -0.00152419 -0.049277
FixedParameters: 0 0 0

#Transform 5
Transform: AffineTransform_float_3_3
Parameters: 0.999999 0.00128415 -0.00039997 -0.00128467 0.999999 -0.000649527 0.000398302 0.000649472 0.999999 -0.004161 -0.0784512 -0.114196
FixedParameters: 0 0 0

#Transform 6
Transform: AffineTransform_float_3_3
Parameters: 0.999999 0.00127056 -0.000714116 -0.00127193 0.999998 -0.000987091 0.000712604 0.000987908 1 -0.00119541 -0.0297482 -0.0639418
FixedParameters: 0 0 0

#Transform 7
Transform: AffineTransform_float_3_3
Parameters: 1 0.00077627 -0.000692612 -0.000776127 0.999999 -0.00061846 0.00069161 0.000618538 0.999999 -0.0160502 -0.0398055 -0.0610484
FixedParameters: 0 0 0

#Transform 8
Transform: AffineTransform_float_3_3
Parameters: 0.999999 0.00140105 -0.000718492 -0.00140125 0.999999 -0.000134033 0.000718115 0.000134966 1 -0.0116935 -0.0426659 0.0120496
FixedParameters: 0 0 0

#Transform 9
Transform: AffineTransform_float_3_3
Parameters: 0.999999 0.00123094 -0.000711814 -0.00123166 0.999999 -0.000510164 0.000710556 0.000510835 0.999999 -0.0125204 -0.0292607 -0.0354938
FixedParameters: 0 0 0

#Transform 10
Transform: AffineTransform_float_3_3
Parameters: 0.999999 0.0012751 -0.000713309 -0.00127542 0.999999 -0.000220131 0.000712746 0.000220869 0.999999 -0.00118055 -0.0512727 -0.0603988
FixedParameters: 0 0 0

#Transform 11
Transform: AffineTransform_float_3_3
Parameters: 0.999999 0.00130055 -0.000131824 -0.00130071 0.999998 -0.00095587 0.000131336 0.000956129 0.999999 -0.00671465 -0.0157515 0.199387
FixedParameters: 0 0 0

#Transform 12
Transform: AffineTransform_float_3_3
Parameters: 1 0.0009335 -0.000701539 -0.000935494 0.999995 -0.00294035 0.000698957 0.00294066 0.999996 -0.00784336 -0.06871 0.115526
FixedParameters: 0 0 0

#Transform 13
Transform: AffineTransform_float_3_3
Parameters: 0.999999 0.00131715 -0.000594462 -0.00131848 0.999997 -0.00207526 0.000591947 0.00207574 0.999997 -0.00160065 -0.0296395 0.0626402
FixedParameters: 0 0 0

#Transform 14
Transform: AffineTransform_float_3_3
Parameters: 0.999999 0.00132106 -0.000510847 -0.00132156 0.999998 -0.00154937 0.000508709 0.00154963 0.999998 -0.0147512 -0.0295275 0.0264356
FixedParameters: 0 0 0

#Transform 15
Transform: AffineTransform_float_3_3
Parameters: 0.999999 0.00179898 -0.00010886 -0.00179918 0.999998 -0.00134889 0.000106004 0.00134911 0.999999 -0.0182327 -0.0201855 0.0312419
FixedParameters: 0 0 0

#Transform 16
Transform: AffineTransform_float_3_3
Parameters: 0.999999 0.00132265 -0.000480098 -0.00132349 0.999998 -0.000961366 0.000479551 0.000962635 1 -0.00518516 -0.00830072 -0.0175867
FixedParameters: 0 0 0

#Transform 17
Transform: AffineTransform_float_3_3
Parameters: 1 0.000628217 -3.17632e-05 -0.000628218 0.999999 -0.00068098 3.19067e-05 0.00068102 1 0.00957079 -0.0564911 -0.0484812
FixedParameters: 0 0 0

#Transform 18
Transform: AffineTransform_float_3_3
Parameters: 1 0.000617811 -0.000251633 -0.000617203 1 -0.000861887 0.000251526 0.000862114 0.999999 0.0116272 -0.00233723 -0.0206541
FixedParameters: 0 0 0

#Transform 19
Transform: AffineTransform_float_3_3
Parameters: 1 0.000519068 0.000184731 -0.000519288 0.999999 0.000596904 -0.000184111 -0.000597095 1 0.00538188 -0.0470757 -0.0159947
FixedParameters: 0 0 0

#Transform 20
Transform: AffineTransform_float_3_3
Parameters: 1 0.000501354 -2.59525e-05 -0.000501347 1 0.000129013 2.60819e-05 -0.000128987 1 0.00717601 0.00648422 -0.0256602
FixedParameters: 0 0 0

#Transform 21
Transform: AffineTransform_float_3_3
Parameters: 1 -0.000538052 0.000322647 0.000538855 1 0.000303174 -0.000323015 -0.000302826 1 -0.0273445 -0.0356238 0.0719573
FixedParameters: 0 0 0

#Transform 22
Transform: AffineTransform_float_3_3
Parameters: 1 2.35667e-05 8.50918e-05 -2.36008e-05 1 0.000199998 -8.50823e-05 -0.000200002 1 -0.0510951 0.00655549 0.0729668
FixedParameters: 0 0 0

#Transform 23
Transform: AffineTransform_float_3_3
Parameters: 1 1.64336e-06 0.000627457 -2.91082e-06 1 0.00101 -0.000627452 -0.00101 1 -0.0424631 0.0015978 0.134119
FixedParameters: 0 0 0

#Transform 24
Transform: AffineTransform_float_3_3
Parameters: 0.999999 0.000734401 0.000994727 -0.000735146 1 0.000877268 -0.00099348 -0.000877732 0.999999 -0.00636799 -0.00455575 0.0287248
FixedParameters: 0 0 0

#Transform 25
Transform: AffineTransform_float_3_3
Parameters: 1 -8.78041e-05 0.000667147 8.65098e-05 1 0.00100206 -0.000666322 -0.00100194 1 -0.0184806 -0.0522951 0.0812192
FixedParameters: 0 0 0

#Transform 26
Transform: AffineTransform_float_3_3
Parameters: 1 -0.00010228 0.000306542 0.000102225 1 8.90313e-05 -0.00030656 -8.89686e-05 1 -0.0330113 -0.0263232 0.298418
FixedParameters: 0 0 0

#Transform 27
Transform: AffineTransform_float_3_3
Parameters: 1 3.02976e-05 0.000488163 -3.06393e-05 1 0.000349985 -0.000488141 -0.000350015 1 -0.0345959 -0.0332378 0.180574
FixedParameters: 0 0 0

#Transform 28
Transform: AffineTransform_float_3_3
Parameters: 1 0.000192221 -0.000421568 -0.000191781 0.999999 -0.000711919 0.000422252 0.000712081 0.999999 -0.0394315 -0.054813 0.147988
FixedParameters: 0 0 0

#Transform 29
Transform: AffineTransform_float_3_3
Parameters: 0.999999 -8.54888e-05 -0.000947215 8.39958e-05 0.999999 -0.000788038 0.000947349 0.000787961 0.999999 -0.0482738 -0.0799665 0.228996
FixedParameters: 0 0 0

#Transform 30
Transform: AffineTransform_float_3_3
Parameters: 0.999999 8.14801e-05 0.000761286 -8.14189e-05 1 0.000615938 -0.000761227 -0.000616062 0.999999 -0.0455362 -0.0421336 0.26751
FixedParameters: 0 0 0

#Transform 31
Transform: AffineTransform_float_3_3
Parameters: 1 -0.000254286 0.000335839 0.000254025 1 0.000388085 -0.000336036 -0.000387914 1 -0.0337472 -0.0193244 0.234933
FixedParameters: 0 0 0

#Transform 32
Transform: AffineTransform_float_3_3
Parameters: 1 -0.000587058 -8.57424e-05 0.000587131 0.999999 0.00042995 8.52375e-05 -0.00043005 1 -0.0303359 -0.0227793 0.120274
FixedParameters: 0 0 0

#Transform 33
Transform: AffineTransform_float_3_3
Parameters: 1 -0.0001228 0.000441471 0.000122479 1 0.000412054 -0.000440573 -0.000411946 1 -0.0443105 -0.045853 0.115505
FixedParameters: 0 0 0

#Transform 34
Transform: AffineTransform_float_3_3
Parameters: 1 0.000432289 0.000334297 -0.000432458 1 0.000253855 -0.000334077 -0.000254144 1 -0.0209349 0.00223841 0.0390187
FixedParameters: 0 0 0

#Transform 35
Transform: AffineTransform_float_3_3
Parameters: 1 -2.34451e-05 0.000546435 2.28298e-05 1 0.000563012 -0.000546461 -0.000562987 0.999999 -0.0414318 -0.037451 0.0471875
FixedParameters: 0 0 0

#Transform 36
Transform: AffineTransform_float_3_3
Parameters: 1 -0.000167492 8.80249e-05 0.000167424 1 0.000387015 -8.81545e-05 -0.000386985 1 -0.0395007 0.00387322 0.00912682
FixedParameters: 0 0 0

#Transform 37
Transform: AffineTransform_float_3_3
Parameters: 1 0.000139136 0.000343609 -0.000139916 1 0.00107295 -0.000344309 -0.00107305 1 -0.0485288 -0.0704336 -0.00217507
FixedParameters: 0 0 0

#Transform 38
Transform: AffineTransform_float_3_3
Parameters: 1 1.17254e-06 0.000174099 -1.41071e-06 1 0.000683999 -0.000174098 -0.000684 1 -0.0371845 -0.0592259 -0.0167432
FixedParameters: 0 0 0

#Transform 39
Transform: AffineTransform_float_3_3
Parameters: 1 -0.000175342 -0.000102937 0.00017557 1 0.00110898 0.000102548 -0.00110902 1 -0.0335329 -0.125756 -0.0388908
FixedParameters: 0 0 0

#Transform 40
Transform: AffineTransform_float_3_3
Parameters: 0.999999 -0.000416827 0.000772441 0.000419275 0.999995 -0.00290764 -0.000770925 0.00290836 0.999996 -0.0511252 -0.0865838 -0.00792069
FixedParameters: 0 0 0

#Transform 41
Transform: AffineTransform_float_3_3
Parameters: 1 -0.000911553 0.000625046 0.000913849 0.999994 -0.00354547 -0.000621487 0.00354653 0.999993 -0.0474061 -0.112437 0.0335561
FixedParameters: 0 0 0

#Transform 42
Transform: AffineTransform_float_3_3
Parameters: 0.999999 -0.000284247 0.00085942 0.000286334 0.999997 -0.00237875 -0.000857979 0.00237924 0.999997 -0.0321038 -0.161591 -0.0123702
FixedParameters: 0 0 0

#Transform 43
Transform: AffineTransform_float_3_3
Parameters: 0.999999 -0.000672263 0.000606791 0.000673146 0.999998 -0.00158759 -0.000605612 0.00158741 0.999998 -0.0261352 -0.0587767 -0.0172246
FixedParameters: 0 0 0

#Transform 44
Transform: AffineTransform_float_3_3
Parameters: 0.999999 -9.25186e-05 0.000770761 9.41071e-05 0.999998 -0.00167889 -0.000770406 0.00167911 0.999999 -0.0104217 -0.0424164 -0.0059381
FixedParameters: 0 0 0

#Transform 45
Transform: AffineTransform_float_3_3
Parameters: 1 -0.000100488 0.00102819 0.000100583 1 -0.000531855 -0.00102804 0.000532146 1 -0.0130401 -0.0543958 -0.0365909
FixedParameters: 0 0 0

#Transform 46
Transform: AffineTransform_float_3_3
Parameters: 0.999999 -5.53e-05 0.000769053 5.6392e-05 0.999999 -0.000709915 -0.000768973 0.000710085 1 -0.0270773 -0.00675117 -0.0272427
FixedParameters: 0 0 0

#Transform 47
Transform: AffineTransform_float_3_3
Parameters: 0.999999 -0.000154178 0.00127798 0.000157091 0.999998 -0.00192176 -0.0012773 0.00192224 0.999998 -0.0167651 -0.100038 -0.0294319
FixedParameters: 0 0 0

#Transform 48
Transform: AffineTransform_float_3_3
Parameters: 1 -0.000404692 0.000420378 0.000404816 1 -0.00014783 -0.000420258 0.00014817 1 -0.0126146 -0.0656468 -0.0462453
FixedParameters: 0 0 0

#Transform 49
Transform: AffineTransform_float_3_3
Parameters: 0.999999 -0.000481485 0.00115151 0.000481906 0.999999 -0.000634402 -0.00115186 0.000634599 0.999999 -0.0213125 -0.0469128 0.0333357
FixedParameters: 0 0 0

#Transform 50
Transform: AffineTransform_float_3_3
Parameters: 0.999999 -0.000583698 0.000429079 0.000584412 0.999997 -0.00209475 -0.000428588 0.00209525 0.999997 -0.0203637 -0.0233313 0.111607
FixedParameters: 0 0 0

#Transform 51
Transform: AffineTransform_float_3_3
Parameters: 1 -0.000192459 0.000411666 0.00019338 1 -0.00116792 -0.000412214 0.00116808 0.999999 -0.0202645 -0.0295754 0.0961825
FixedParameters: 0 0 0

#Transform 52
Transform: AffineTransform_float_3_3
Parameters: 1 1.24966e-05 0.00120254 -1.22392e-05 1 -0.000106973 -0.00120254 0.000107027 1 -0.0124999 -0.0553181 0.214702
FixedParameters: 0 0 0

#Transform 53
Transform: AffineTransform_float_3_3
Parameters: 0.999999 -0.00046426 0.000665246 0.000464857 1 -0.000449689 -0.000664828 0.00044931 0.999999 -0.0161495 0.0134898 0.248481
FixedParameters: 0 0 0

#Transform 54
Transform: AffineTransform_float_3_3
Parameters: 1 -0.00107617 0.000441269 0.00107679 0.999999 -0.000746565 -0.000440661 0.000746434 0.999999 -0.0253229 -0.0353614 0.204495
FixedParameters: 0 0 0

#Transform 55
Transform: AffineTransform_float_3_3
Parameters: 1 -0.000961198 0.000554548 0.000961071 0.999999 -0.000823509 -0.000553921 0.000824491 0.999999 -0.0196443 -0.0373242 0.102556
FixedParameters: 0 0 0

#Transform 56
Transform: AffineTransform_float_3_3
Parameters: 0.999999 -0.000890584 0.00016843 0.000890912 0.999999 -0.00110185 -0.000167466 0.00110215 1 -0.00845794 -0.021219 0.0663992
FixedParameters: 0 0 0

#Transform 57
Transform: AffineTransform_float_3_3
Parameters: 1 -0.00097768 0.000171167 0.000977706 0.999999 -7.68326e-05 -0.000171016 7.71672e-05 1 -0.00699901 -0.0565701 0.0480137
FixedParameters: 0 0 0

#Transform 58
Transform: AffineTransform_float_3_3
Parameters: 1 -0.000761207 0.000896585 0.000761032 0.999999 9.76841e-05 -0.000896733 -9.73156e-05 0.999999 -0.00951424 -0.0604469 0.0107775
FixedParameters: 0 0 0

#Transform 59
Transform: AffineTransform_float_3_3
Parameters: 1 -0.000887985 0.000690614 0.00088776 0.999999 0.000193613 -0.000689957 -0.000192387 0.999999 0.00418097 -0.0560536 0.016222
FixedParameters: 0 0 0

#Transform 60
Transform: AffineTransform_float_3_3
Parameters: 1 -0.000963218 0.000495658 0.000964034 0.999997 -0.00191852 -0.000493917 0.00191848 0.999998 -0.00678404 -0.0157809 0.00990717
FixedParameters: 0 0 0

#Transform 61
Transform: AffineTransform_float_3_3
Parameters: 0.999999 -0.00104192 0.00097485 0.00104329 0.999998 -0.00125998 -0.000974178 0.00126102 0.999999 -0.0317464 0.0151416 0.145819
FixedParameters: 0 0 0

#Transform 62
Transform: AffineTransform_float_3_3
Parameters: 0.999998 -0.000927885 0.00132318 0.000928978 0.999999 -0.00118373 -0.0013219 0.00118527 0.999999 -0.0781599 0.0119327 0.228595
FixedParameters: 0 0 0

#Transform 63
Transform: AffineTransform_float_3_3
Parameters: 0.999998 -0.000113746 0.00224132 0.000108755 0.999998 0.00201438 -0.00224093 -0.00201462 0.999996 -0.0474758 -0.10192 0.19617
FixedParameters: 0 0 0

#Transform 64
Transform: AffineTransform_float_3_3
Parameters: 0.999996 -0.000547779 0.00277573 0.000549739 0.999999 -0.000532305 -0.0027751 0.000533693 0.999996 -0.0500656 -0.0354938 0.144326
FixedParameters: 0 0 0

#Transform 65
Transform: AffineTransform_float_3_3
Parameters: 0.999996 -0.000594273 0.00269093 0.000596416 1 -0.00096227 -0.00269065 0.000963732 0.999996 -0.0203545 0.0216966 0.123974
FixedParameters: 0 0 0

#Transform 66
Transform: AffineTransform_float_3_3
Parameters: 0.999996 -0.000398103 0.00274334 0.000399856 1 -0.000500736 -0.00274289 0.000502263 0.999996 -0.00628806 -0.0460158 0.0683146
FixedParameters: 0 0 0

#Transform 67
Transform: AffineTransform_float_3_3
Parameters: 0.999995 -0.00109637 0.00320543 0.00110119 0.999999 -0.0013813 -0.00320322 0.00138469 0.999994 -0.0102081 -0.0538957 0.0618397
FixedParameters: 0 0 0

#Transform 68
Transform: AffineTransform_float_3_3
Parameters: 0.999996 -0.000579254 0.002723 0.000584734 0.999998 -0.00193825 -0.00272253 0.00193976 0.999995 -0.0127103 -0.0881041 0.0349597
FixedParameters: 0 0 0

#Transform 69
Transform: AffineTransform_float_3_3
Parameters: 0.999994 -0.00109008 0.00306148 0.0011026 0.999991 -0.00420751 -0.0030577 0.00421049 0.999986 -0.0121331 -0.0989531 0.0429578
FixedParameters: 0 0 0

#Transform 70
Transform: AffineTransform_float_3_3
Parameters: 0.999994 -0.000571127 0.00327239 0.000587928 0.999987 -0.00503589 -0.00326988 0.00503811 0.999982 0.00813808 -0.0583389 0.0189788
FixedParameters: 0 0 0

#Transform 71
Transform: AffineTransform_float_3_3
Parameters: 0.999995 -0.000742527 0.00301388 0.000746408 0.999999 -0.00131259 -0.00301276 0.00131541 0.999994 0.00320455 -0.055385 0.00153023
FixedParameters: 0 0 0

#Transform 72
Transform: AffineTransform_float_3_3
Parameters: 0.999995 -0.000797959 0.00283949 0.000802677 0.999998 -0.0017246 -0.00283852 0.0017264 0.999994 0.00400016 0.0133606 0.0779232
FixedParameters: 0 0 0

#Transform 73
Transform: AffineTransform_float_3_3
Parameters: 0.999995 -0.00113905 0.00286465 0.00114006 0.999999 -0.000349603 -0.00286381 0.000352396 0.999996 0.0151623 -0.0628178 0.0870464
FixedParameters: 0 0 0

#Transform 74
Transform: AffineTransform_float_3_3
Parameters: 0.999996 -0.000959621 0.00290964 0.000962408 0.999999 -0.000828032 -0.00290896 0.000830969 0.999996 0.0180175 -0.0217101 0.0942904
FixedParameters: 0 0 0

#Transform 75
Transform: AffineTransform_float_3_3
Parameters: 0.999996 -0.00115089 0.00252219 0.00115395 0.999999 -0.00141501 -0.00252075 0.001418 0.999996 0.0182418 0.0041074 0.0937283
FixedParameters: 0 0 0

#Transform 76
Transform: AffineTransform_float_3_3
Parameters: 0.999996 -0.000790418 0.00276272 0.000790601 0.999999 -0.000212646 -0.00276234 0.000215355 0.999996 0.0226166 -0.0635897 0.0504456
FixedParameters: 0 0 0

#Transform 77
Transform: AffineTransform_float_3_3
Parameters: 0.999996 -0.00090787 0.00275896 0.000909655 1 -0.000510364 -0.00275899 0.000513636 0.999996 0.0258141 -0.0145781 0.0406669
FixedParameters: 0 0 0

#Transform 78
Transform: AffineTransform_float_3_3
Parameters: 0.999996 -0.000833913 0.00278873 0.000835019 0.999999 -0.0003765 -0.00278805 0.000378499 0.999996 0.0214928 -0.0457472 0.0668931
FixedParameters: 0 0 0

#Transform 79
Transform: AffineTransform_float_3_3
Parameters: 0.999996 -0.000900216 0.00288388 0.000901889 1 -0.000635271 -0.00288265 0.000637729 0.999995 0.0258978 -0.0439995 0.0443661
FixedParameters: 0 0 0

#Transform 80
Transform: AffineTransform_float_3_3
Parameters: 0.999995 -0.000962447 0.0027563 0.000966444 0.999999 -0.00146421 -0.00275531 0.00146679 0.999995 0.0192993 0.000234534 0.0724742
FixedParameters: 0 0 0

#Transform 81
Transform: AffineTransform_float_3_3
Parameters: 0.999998 -0.00116832 0.00203287 0.00117464 0.999994 -0.00331757 -0.0020288 0.00332042 0.999992 0.0264043 -0.0668942 0.09668
FixedParameters: 0 0 0

#Transform 82
Transform: AffineTransform_float_3_3
Parameters: 0.999996 -0.001138 0.00281598 0.00114222 0.999998 -0.00147266 -0.00281445 0.00147634 0.999995 0.0189767 -0.0353353 0.114682
FixedParameters: 0 0 0

#Transform 83
Transform: AffineTransform_float_3_3
Parameters: 0.999997 -0.00116299 0.00222977 0.00116639 0.999998 -0.00167732 -0.00222769 0.00167969 0.999996 0.0271619 -0.00647832 0.119903
FixedParameters: 0 0 0

#Transform 84
Transform: AffineTransform_float_3_3
Parameters: 0.999996 -0.00113765 0.0028387 0.00114069 0.999999 -0.00124664 -0.00283669 0.00125036 0.999996 0.0271935 -0.0476839 0.0545218
FixedParameters: 0 0 0

#Transform 85
Transform: AffineTransform_float_3_3
Parameters: 0.999996 -0.00113617 0.00285303 0.00113995 0.999998 -0.00155162 -0.00285129 0.00155538 0.999995 0.0365348 -0.0206501 0.0726526
FixedParameters: 0 0 0

#Transform 86
Transform: AffineTransform_float_3_3
Parameters: 0.999996 -0.00113731 0.00285356 0.00114077 0.999998 -0.00113858 -0.00285184 0.00114142 0.999996 0.0341296 -0.0283754 0.0455252
FixedParameters: 0 0 0

#Transform 87
Transform: AffineTransform_float_3_3
Parameters: 0.999996 -0.00113652 0.00284504 0.00114028 0.999998 -0.00155163 -0.00284329 0.00155537 0.999995 0.0523852 -0.0192736 0.0431544
FixedParameters: 0 0 0

#Transform 88
Transform: AffineTransform_float_3_3
Parameters: 0.999994 -0.00111991 0.00327393 0.00112291 0.999999 -0.000921113 -0.00327273 0.000924887 0.999995 0.0490202 -0.0324472 0.0428525
FixedParameters: 0 0 0

#Transform 89
Transform: AffineTransform_float_3_3
Parameters: 0.999995 -0.00112964 0.00301469 0.00113392 0.999999 -0.00138446 -0.00301338 0.00138754 0.999994 0.0547934 -0.0278078 0.0525384
FixedParameters: 0 0 0

#Transform 90
Transform: AffineTransform_float_3_3
Parameters: 0.999994 -0.00112031 0.00327379 0.00112251 0.999999 -0.000799155 -0.00327287 0.000802845 0.999994 0.0524312 -0.0334503 0.0489264
FixedParameters: 0 0 0

#Transform 91
Transform: AffineTransform_float_3_3
Parameters: 0.999995 -0.0011337 0.00293355 0.00113664 0.999999 -0.00119454 -0.00293267 0.00119746 0.999995 0.055541 -0.00681753 0.0483936
FixedParameters: 0 0 0

#Transform 92
Transform: AffineTransform_float_3_3
Parameters: 0.999995 -0.000713529 0.00307126 0.000715514 1 -0.000816636 -0.00307097 0.000819366 0.999995 0.0621389 -0.0598176 0.0425944
FixedParameters: 0 0 0

#Transform 93
Transform: AffineTransform_float_3_3
Parameters: 0.999996 -0.00113764 0.00282987 0.00114141 0.999999 -0.00138665 -0.00282853 0.00139036 0.999995 0.0566808 0.00205008 0.0957067
FixedParameters: 0 0 0

#Transform 94
Transform: AffineTransform_float_3_3
Parameters: 0.999996 -0.000738635 0.00296903 0.000740039 0.999999 -0.000571634 -0.0029681 0.000574365 0.999995 0.0560935 -0.0424438 0.0812123
FixedParameters: 0 0 0

#Transform 95
Transform: AffineTransform_float_3_3
Parameters: 0.999995 -0.000714024 0.00284117 0.000716297 1 -0.00093384 -0.00284071 0.000936161 0.999995 0.0564141 -0.00583671 0.0588605
FixedParameters: 0 0 0

#Transform 96
Transform: AffineTransform_float_3_3
Parameters: 0.999995 -0.00113645 0.00291087 0.00113782 0.999999 -0.00057656 -0.00290947 0.00058044 0.999995 0.0371663 -0.0215416 0.102698
FixedParameters: 0 0 0

#Transform 97
Transform: AffineTransform_float_3_3
Parameters: 0.999996 -0.00113794 0.00282582 0.00114145 0.999999 -0.00134165 -0.00282459 0.00134535 0.999995 0.0379999 0.0103315 0.134063
FixedParameters: 0 0 0

#Transform 98
Transform: AffineTransform_float_3_3
Parameters: 0.999996 -0.000718926 0.00267597 0.00072022 1 -0.000621947 -0.00267599 0.000624056 0.999997 0.0139221 -0.0402963 0.132469
FixedParameters: 0 0 0

#Transform 99
Transform: AffineTransform_float_3_3
Parameters: 0.999996 -0.00108953 0.00265106 0.0010914 0.999999 -0.000925978 -0.00264992 0.000928024 0.999996 0.0235752 0.0139789 0.123871
FixedParameters: 0 0 0

#Transform 100
Transform: AffineTransform_float_3_3
Parameters: 0.999995 -0.000945261 0.00276668 0.000946698 1 -0.000627253 -0.0027664 0.000629749 0.999996 0.0301506 -0.0217401 0.107664
FixedParameters: 0 0 0

#Transform 101
Transform: AffineTransform_float_3_3
Parameters: 0.999994 -0.000760336 0.0033855 0.000762473 1 -0.000763209 -0.00338521 0.000765793 0.999994 0.0142654 0.00329863 0.153798
FixedParameters: 0 0 0

#Transform 102
Transform: AffineTransform_float_3_3
Parameters: 0.999995 -0.0010451 0.00297212 0.00105495 0.999995 -0.00319775 -0.00296903 0.00320025 0.99999 -0.00207813 -0.0243977 0.227463
FixedParameters: 0 0 0

#Transform 103
Transform: AffineTransform_float_3_3
Parameters: 0.999995 -0.000295864 0.00293832 0.000304632 0.999995 -0.00319995 -0.00293698 0.00320005 0.99999 0.00104612 -0.0511978 0.189319
FixedParameters: 0 0 0

#Transform 104
Transform: AffineTransform_float_3_3
Parameters: 0.999995 -0.000535019 0.00307457 0.000541456 0.999998 -0.00219718 -0.00307391 0.00219883 0.999993 0.0232199 -0.056752 0.235324
FixedParameters: 0 0 0

#Transform 105
Transform: AffineTransform_float_3_3
Parameters: 0.999995 -0.000946626 0.00304803 0.000954854 0.999997 -0.00251693 -0.00304594 0.00252007 0.999992 0.0155089 -0.0264775 0.198789
FixedParameters: 0 0 0

#Transform 106
Transform: AffineTransform_float_3_3
Parameters: 0.999995 -0.00104721 0.00319845 0.00105181 0.999998 -0.00151147 -0.00319706 0.00151553 0.999994 0.02182 -0.0466898 0.153632
FixedParameters: 0 0 0

#Transform 107
Transform: AffineTransform_float_3_3
Parameters: 0.999994 -0.00128733 0.00327583 0.00129166 0.999998 -0.0014346 -0.00327391 0.0014394 0.999993 0.030728 -0.0174386 0.0965703
FixedParameters: 0 0 0

#Transform 108
Transform: AffineTransform_float_3_3
Parameters: 0.999995 -0.00132753 0.00286695 0.00133076 0.999998 -0.00127406 -0.00286539 0.00127794 0.999995 0.0344913 -0.0356569 0.190725
FixedParameters: 0 0 0

#Transform 109
Transform: AffineTransform_float_3_3
Parameters: 0.999995 -0.00113319 0.00290244 0.00113675 0.999998 -0.00114253 -0.00290171 0.00114547 0.999995 0.0399133 -0.0248767 0.162403
FixedParameters: 0 0 0

#Transform 110
Transform: AffineTransform_float_3_3
Parameters: 0.999996 -0.00124601 0.00258 0.0012471 0.999999 -0.000409695 -0.00257993 0.000413305 0.999996 0.0387924 -0.0782885 0.159375
FixedParameters: 0 0 0

#Transform 111
Transform: AffineTransform_float_3_3
Parameters: 0.999994 -0.00143078 0.00333614 0.00143543 0.999998 -0.001455 -0.00333375 0.00146 0.999994 0.0304634 -0.0968381 0.164697
FixedParameters: 0 0 0

#Transform 112
Transform: AffineTransform_float_3_3
Parameters: 0.999993 -0.00127408 0.00332423 0.0012809 0.999997 -0.00208954 -0.00332059 0.00209346 0.999993 0.0285048 -0.0407088 0.158636
FixedParameters: 0 0 0

#Transform 113
Transform: AffineTransform_float_3_3
Parameters: 0.999992 -0.00127288 0.00381414 0.00127899 0.999998 -0.00173288 -0.00381241 0.00173813 0.999992 0.0208283 -0.0607859 0.149056
FixedParameters: 0 0 0

#Transform 114
Transform: AffineTransform_float_3_3
Parameters: 0.999993 -0.00138182 0.00329426 0.00138986 0.999997 -0.00229926 -0.00329058 0.00230374 0.999992 0.0292254 0.00254766 0.172555
FixedParameters: 0 0 0

#Transform 115
Transform: AffineTransform_float_3_3
Parameters: 0.999992 -0.00119696 0.00384334 0.00120232 0.999999 -0.00135613 -0.00384187 0.00136087 0.999992 0.00563126 -0.0370333 0.244305
FixedParameters: 0 0 0

#Transform 116
Transform: AffineTransform_float_3_3
Parameters: 0.999991 -0.00140634 0.003973 0.00141348 0.999998 -0.00166614 -0.00397104 0.00167186 0.999991 0.022101 -0.0309916 0.228119
FixedParameters: 0 0 0

#Transform 117
Transform: AffineTransform_float_3_3
Parameters: 0.999993 -0.00143155 0.00343477 0.00143537 0.999998 -0.0011479 -0.00343331 0.0011521 0.999993 0.026867 0.00737562 0.181197
FixedParameters: 0 0 0

#Transform 118
Transform: AffineTransform_float_3_3
Parameters: 0.999992 -0.00123763 0.00374116 0.00124025 0.999999 -0.000754106 -0.00374016 0.000758894 0.999993 0.0274428 -0.0433281 0.148335
FixedParameters: 0 0 0

#Transform 119
Transform: AffineTransform_float_3_3
Parameters: 0.999993 -0.00135265 0.00347403 0.0013558 0.999999 -0.00089412 -0.00347348 0.000898881 0.999993 0.0418137 -0.0121358 0.146363
FixedParameters: 0 0 0

#Transform 120
Transform: AffineTransform_float_3_3
Parameters: 0.999992 -0.000960858 0.00385537 0.000963998 0.999999 -0.000664987 -0.003854 0.000668011 0.999993 0.0370205 -0.0373079 0.13538
FixedParameters: 0 0 0

#Transform 121
Transform: AffineTransform_float_3_3
Parameters: 0.999993 -0.00143996 0.00330562 0.00144071 0.999999 -0.000269063 -0.0033058 0.000273938 0.999994 0.0279024 -0.0304684 0.146033
FixedParameters: 0 0 0

#Transform 122
Transform: AffineTransform_float_3_3
Parameters: 0.999993 -0.0013231 0.00330201 0.00132773 0.999999 -0.00116545 -0.00330079 0.00116955 0.999994 0.0301591 -0.0218751 0.162949
FixedParameters: 0 0 0

#Transform 123
Transform: AffineTransform_float_3_3
Parameters: 0.999994 -0.00143698 0.00335792 0.00143933 0.999998 -0.000501952 -0.00335742 0.000507046 0.999995 0.0275329 -0.0438671 0.150948
FixedParameters: 0 0 0

#Transform 124
Transform: AffineTransform_float_3_3
Parameters: 0.999993 -0.001439 0.00325507 0.00144299 0.999998 -0.00123813 -0.00325332 0.00124287 0.999994 0.0166791 -0.0121474 0.156209
FixedParameters: 0 0 0

#Transform 125
Transform: AffineTransform_float_3_3
Parameters: 0.999993 -0.00118249 0.00371585 0.00118542 0.999999 -0.000800341 -0.00371483 0.000804658 0.999993 0.0172127 -0.0684732 0.160935
FixedParameters: 0 0 0

#Transform 126
Transform: AffineTransform_float_3_3
Parameters: 0.999993 -0.00130307 0.00344171 0.00130806 0.999998 -0.00146229 -0.00343967 0.00146671 0.999993 0.0210496 -0.00419931 0.162797
FixedParameters: 0 0 0

#Transform 127
Transform: AffineTransform_float_3_3
Parameters: 0.999992 -0.00142096 0.00372575 0.00142354 0.999998 -0.000617439 -0.0037249 0.000622559 0.999993 0.0241649 -0.0515919 0.16142
FixedParameters: 0 0 0

#Transform 128
Transform: AffineTransform_float_3_3
Parameters: 0.999993 -0.00142869 0.0035125 0.00143273 0.999999 -0.0010068 -0.00351048 0.0010112 0.999993 0.0260138 -0.00801883 0.150564
FixedParameters: 0 0 0

#Transform 129
Transform: AffineTransform_float_3_3
Parameters: 0.999993 -0.00142543 0.00360513 0.0014282 0.999999 -0.000803638 -0.0036037 0.000808363 0.999994 0.0253707 -0.0541764 0.165316
FixedParameters: 0 0 0

#Transform 130
Transform: AffineTransform_float_3_3
Parameters: 0.999993 -0.00125287 0.00331329 0.00125791 0.999998 -0.00137566 -0.00331166 0.00137933 0.999993 0.0313326 -0.0055235 0.151357
FixedParameters: 0 0 0

#Transform 131
Transform: AffineTransform_float_3_3
Parameters: 0.999993 -0.00107194 0.00342052 0.00107348 0.999999 -0.000521115 -0.00342032 0.000524886 0.999994 0.0368051 -0.0573643 0.150632
FixedParameters: 0 0 0

#Transform 132
Transform: AffineTransform_float_3_3
Parameters: 0.999994 -0.00143703 0.00331181 0.00144118 0.999999 -0.00109006 -0.00331053 0.00109494 0.999994 0.0314425 -0.00794693 0.160044
FixedParameters: 0 0 0

#Transform 133
Transform: AffineTransform_float_3_3
Parameters: 0.999992 -0.00113349 0.00364103 0.00113459 0.999999 -0.000285613 -0.00364033 0.000290387 0.999994 0.0476254 -0.0496999 0.140302
FixedParameters: 0 0 0

#Transform 134
Transform: AffineTransform_float_3_3
Parameters: 0.999993 -0.00142531 0.00359143 0.00142946 0.999999 -0.00100465 -0.00359042 0.00100935 0.999993 0.0313122 -0.0202432 0.114851
FixedParameters: 0 0 0

#Transform 135
Transform: AffineTransform_float_3_3
Parameters: 0.999994 -0.000912428 0.00349999 0.000921141 0.999997 -0.00254658 -0.00349794 0.00254942 0.99999 0.0343409 -0.0300667 0.131426
FixedParameters: 0 0 0

#Transform 136
Transform: AffineTransform_float_3_3
Parameters: 0.999993 -0.00127789 0.00358571 0.00128309 0.999998 -0.00143719 -0.00358482 0.00144181 0.999992 0.0421416 0.00030042 0.162619
FixedParameters: 0 0 0

#Transform 137
Transform: AffineTransform_float_3_3
Parameters: 0.999993 -0.00137828 0.0032999 0.00138183 0.999998 -0.000845227 -0.00329847 0.00084977 0.999995 0.0462243 -0.0231782 0.116881
FixedParameters: 0 0 0

#Transform 138
Transform: AffineTransform_float_3_3
Parameters: 0.999994 -0.00143143 0.00335833 0.00143897 0.999997 -0.00218101 -0.00335476 0.00218599 0.999992 0.044451 0.0480534 0.084556
FixedParameters: 0 0 0

#Transform 139
Transform: AffineTransform_float_3_3
Parameters: 0.999995 -0.000774725 0.00309841 0.000778197 0.999998 -0.00137238 -0.00309706 0.00137462 0.999995 0.0956634 -0.0561046 0.188972
FixedParameters: 0 0 0

#Transform 140
Transform: AffineTransform_float_3_3
Parameters: 0.999995 -0.000621776 0.00332296 0.000630092 0.999997 -0.00261671 -0.0033213 0.0026183 0.999991 0.0804879 -0.0229122 0.242568
FixedParameters: 0 0 0

#Transform 141
Transform: AffineTransform_float_3_3
Parameters: 0.999993 -0.000731061 0.00365788 0.000738954 0.999997 -0.00231905 -0.00365609 0.00232095 0.99999 0.0656696 -0.0221453 0.212741
FixedParameters: 0 0 0

#Transform 142
Transform: AffineTransform_float_3_3
Parameters: 0.999993 -0.0010246 0.00361634 0.00103446 0.999996 -0.00276206 -0.00361323 0.00276594 0.999989 0.0606066 -0.00407266 0.217437
FixedParameters: 0 0 0

#Transform 143
Transform: AffineTransform_float_3_3
Parameters: 0.999992 -0.00106906 0.00404335 0.00107527 0.999998 -0.00164136 -0.00404153 0.00164564 0.99999 0.0612799 -0.0102726 0.177266
FixedParameters: 0 0 0

#Transform 144
Transform: AffineTransform_float_3_3
Parameters: 0.999992 -0.00107781 0.00384846 0.00108384 0.999998 -0.00157058 -0.00384681 0.00157542 0.999991 0.0829245 -0.0415038 0.115963
FixedParameters: 0 0 0

#Transform 145
Transform: AffineTransform_float_3_3
Parameters: 0.999992 -0.00108009 0.00380045 0.00108558 0.999998 -0.00152063 -0.0037989 0.00152437 0.999991 0.0710101 -0.0283872 0.114777
FixedParameters: 0 0 0

#Transform 146
Transform: AffineTransform_float_3_3
Parameters: 0.999993 -0.00101106 0.00357385 0.00101543 0.999998 -0.00118012 -0.00357328 0.00118288 0.999993 0.0746363 -0.0567868 0.122628
FixedParameters: 0 0 0

#Transform 147
Transform: AffineTransform_float_3_3
Parameters: 0.999994 -0.000970288 0.00326417 0.000975131 0.999999 -0.00151265 -0.00326202 0.00151535 0.999993 0.0543933 0.00311503 0.250793
FixedParameters: 0 0 0

#Transform 148
Transform: AffineTransform_float_3_3
Parameters: 0.999995 -0.00122341 0.00268423 0.00122399 0.999999 -0.000478584 -0.00268297 0.000481417 0.999997 0.0322641 -0.0500722 0.245266
FixedParameters: 0 0 0

#Transform 149
Transform: AffineTransform_float_3_3
Parameters: 0.999995 -0.00145344 0.00280191 0.00145858 0.999998 -0.00164483 -0.00279894 0.00164917 0.999995 0.0471799 0.0204779 0.234108
FixedParameters: 0 0 0

#Transform 150
Transform: AffineTransform_float_3_3
Parameters: 0.999994 -0.0012104 0.00311231 0.00121413 0.999998 -0.00141306 -0.00311067 0.00141695 0.999994 0.0520412 -0.0312449 0.232569
FixedParameters: 0 0 0

#Transform 151
Transform: AffineTransform_float_3_3
Parameters: 0.999995 -0.00110762 0.00294623 0.0011106 0.999999 -0.00102756 -0.00294582 0.00103044 0.999995 0.0547478 -0.00861765 0.238894
FixedParameters: 0 0 0
