# transform file /out/sourcedata/freesurfer/sub-v2s3x28845_ses-1/mri/transforms/cc_up.lta
# created by oesteban on Fri Mar 13 05:09:43 2026

type      = 0 # LINEAR_VOX_TO_VOX
nxforms   = 1
mean      = 137.0000 106.0000 109.0000
sigma     = 10000.0000
1 4 4
9.902449846267700e-01 -3.557589836418629e-03 1.392920166254044e-01 -2.100419807434082e+01 
3.522907616570592e-03 9.999937415122986e-01 4.955469630658627e-04 3.746933746337891e+01 
-1.392928957939148e-01 5.820766091346741e-11 9.902512431144714e-01 4.095133590698242e+01 
0.000000000000000e+00 0.000000000000000e+00 0.000000000000000e+00 1.000000000000000e+00 
src volume info
valid = 1  # volume info valid
filename = /out/sourcedata/freesurfer/sub-v2s3x28845_ses-1/mri/norm.mgz
volume = 256 256 256
voxelsize = 1.000000000000000e+00 1.000000000000000e+00 1.000000000000000e+00
xras   = -1.000000000000000e+00 0.000000000000000e+00 0.000000000000000e+00
yras   = 0.000000000000000e+00 0.000000000000000e+00 -1.000000000000000e+00
zras   = 0.000000000000000e+00 1.000000000000000e+00 0.000000000000000e+00
cras   = 1.192085266113281e+01 4.358718872070312e+01 -1.304351806640625e+00
dst volume info
valid = 1  # volume info valid
filename = /out/sourcedata/freesurfer/sub-v2s3x28845_ses-1/mri/norm.mgz
volume = 256 256 256
voxelsize = 1.000000000000000e+00 1.000000000000000e+00 1.000000000000000e+00
xras   = -1.000000000000000e+00 0.000000000000000e+00 0.000000000000000e+00
yras   = 0.000000000000000e+00 0.000000000000000e+00 -1.000000000000000e+00
zras   = 0.000000000000000e+00 1.000000000000000e+00 0.000000000000000e+00
cras   = 1.192085266113281e+01 4.358718872070312e+01 -1.304351806640625e+00
