# transform file transforms/talairach.lta
# created by oesteban on Fri Mar 13 03:47:45 2026

type      = 0 # LINEAR_VOX_TO_VOX
nxforms   = 1
mean      = 137.0000 108.0000 109.0000
sigma     = 10000.0000
1 4 4
1.097254753112793e+00 -9.140394628047943e-03 1.439502686262131e-01 -3.762819671630859e+01 
2.036981284618378e-03 1.117589235305786e+00 5.389545112848282e-02 -3.324602603912354e+00 
-1.304737180471420e-01 -5.055184289813042e-02 9.916156530380249e-01 2.432720565795898e+01 
0.000000000000000e+00 0.000000000000000e+00 0.000000000000000e+00 1.000000000000000e+00 
src volume info
valid = 1  # volume info valid
filename = nu.mgz
volume = 256 256 256
voxelsize = 1.000000000000000e+00 1.000000000000000e+00 1.000000000000000e+00
xras   = -1.000000000000000e+00 0.000000000000000e+00 0.000000000000000e+00
yras   = 0.000000000000000e+00 0.000000000000000e+00 -1.000000000000000e+00
zras   = 0.000000000000000e+00 1.000000000000000e+00 0.000000000000000e+00
cras   = 1.192085266113281e+01 4.358718872070312e+01 -1.304351806640625e+00
dst volume info
valid = 1  # volume info valid
filename = /opt/freesurfer/average/RB_all_2020-01-02.gca
volume = 256 256 256
voxelsize = 1.000000000000000e+00 1.000000000000000e+00 1.000000000000000e+00
xras   = -1.000000000000000e+00 0.000000000000000e+00 0.000000000000000e+00
yras   = 0.000000000000000e+00 0.000000000000000e+00 -1.000000000000000e+00
zras   = 0.000000000000000e+00 1.000000000000000e+00 0.000000000000000e+00
cras   = 0.000000000000000e+00 0.000000000000000e+00 0.000000000000000e+00
