# transform file /out/sourcedata/freesurfer/sub-v2s3x28743_ses-1/mri/transforms/cc_up.lta
# created by oesteban on Fri Mar 13 00:20:52 2026

type      = 0 # LINEAR_VOX_TO_VOX
nxforms   = 1
mean      = 129.0000 115.0000 102.0000
sigma     = 10000.0000
1 4 4
9.962510466575623e-01 -1.521509606391191e-02 8.516093343496323e-02 -5.909376144409180e+00 
1.515980996191502e-02 9.998843073844910e-01 1.295881811529398e-03 2.895109176635742e+01 
-8.517079055309296e-02 0.000000000000000e+00 9.963663816452026e-01 4.121686172485352e+01 
0.000000000000000e+00 0.000000000000000e+00 0.000000000000000e+00 1.000000000000000e+00 
src volume info
valid = 1  # volume info valid
filename = /out/sourcedata/freesurfer/sub-v2s3x28743_ses-1/mri/norm.mgz
volume = 256 256 256
voxelsize = 1.000000000000000e+00 1.000000000000000e+00 1.000000000000000e+00
xras   = -1.000000000000000e+00 0.000000000000000e+00 0.000000000000000e+00
yras   = 0.000000000000000e+00 0.000000000000000e+00 -1.000000000000000e+00
zras   = 0.000000000000000e+00 1.000000000000000e+00 0.000000000000000e+00
cras   = 1.047860717773438e+01 -1.168090820312500e+00 1.170388793945312e+01
dst volume info
valid = 1  # volume info valid
filename = /out/sourcedata/freesurfer/sub-v2s3x28743_ses-1/mri/norm.mgz
volume = 256 256 256
voxelsize = 1.000000000000000e+00 1.000000000000000e+00 1.000000000000000e+00
xras   = -1.000000000000000e+00 0.000000000000000e+00 0.000000000000000e+00
yras   = 0.000000000000000e+00 0.000000000000000e+00 -1.000000000000000e+00
zras   = 0.000000000000000e+00 1.000000000000000e+00 0.000000000000000e+00
cras   = 1.047860717773438e+01 -1.168090820312500e+00 1.170388793945312e+01
