# transform file /out/sourcedata/freesurfer/sub-v2s3x28787_ses-1/mri/transforms/cc_up.lta
# created by oesteban on Fri Mar 13 01:32:34 2026

type      = 0 # LINEAR_VOX_TO_VOX
nxforms   = 1
mean      = 132.0000 113.0000 109.0000
sigma     = 10000.0000
1 4 4
9.986369013786316e-01 8.563202805817127e-03 5.148878321051598e-02 -9.702942848205566e+00 
-8.551843464374542e-03 9.999634027481079e-01 -4.409250686876476e-04 3.518434524536133e+01 
-5.149067193269730e-02 2.910383045673370e-11 9.986735582351685e-01 2.696670341491699e+01 
0.000000000000000e+00 0.000000000000000e+00 0.000000000000000e+00 1.000000000000000e+00 
src volume info
valid = 1  # volume info valid
filename = /out/sourcedata/freesurfer/sub-v2s3x28787_ses-1/mri/norm.mgz
volume = 256 256 256
voxelsize = 1.000000000000000e+00 1.000000000000000e+00 1.000000000000000e+00
xras   = -1.000000000000000e+00 0.000000000000000e+00 0.000000000000000e+00
yras   = 0.000000000000000e+00 0.000000000000000e+00 -1.000000000000000e+00
zras   = 0.000000000000000e+00 1.000000000000000e+00 0.000000000000000e+00
cras   = 5.096641540527344e+00 4.237864685058594e+01 3.974273681640625e+00
dst volume info
valid = 1  # volume info valid
filename = /out/sourcedata/freesurfer/sub-v2s3x28787_ses-1/mri/norm.mgz
volume = 256 256 256
voxelsize = 1.000000000000000e+00 1.000000000000000e+00 1.000000000000000e+00
xras   = -1.000000000000000e+00 0.000000000000000e+00 0.000000000000000e+00
yras   = 0.000000000000000e+00 0.000000000000000e+00 -1.000000000000000e+00
zras   = 0.000000000000000e+00 1.000000000000000e+00 0.000000000000000e+00
cras   = 5.096641540527344e+00 4.237864685058594e+01 3.974273681640625e+00
