#Insight Transform File V1.0
#Transform 0
Transform: AffineTransform_float_3_3
Parameters: 1 0.000334197 0.000524894 -0.000334096 0.999999 0.000833824 -0.000524119 -0.000834175 0.999999 -0.0889981 -0.0715263 0.201083
FixedParameters: 0 0 0

#Transform 1
Transform: AffineTransform_float_3_3
Parameters: 0.999999 0.000286356 0.000738542 -0.000286406 0.999999 0.000694788 -0.000737926 -0.000695211 0.999999 -0.119395 -0.0355355 0.204526
FixedParameters: 0 0 0

#Transform 2
Transform: AffineTransform_float_3_3
Parameters: 1 -0.000129383 0.000204861 0.000130124 0.999999 -0.00181097 -0.000204391 0.00181103 0.999999 -0.107208 0.0146277 0.195973
FixedParameters: 0 0 0

#Transform 3
Transform: AffineTransform_float_3_3
Parameters: 1 3.45353e-05 -0.000532222 -3.43205e-05 0.999999 -0.000714981 0.000532391 0.000715018 0.999999 -0.0292078 0.0364848 0.104167
FixedParameters: 0 0 0

#Transform 4
Transform: AffineTransform_float_3_3
Parameters: 1 3.59106e-05 -0.000458214 -3.66712e-05 1 0.000235017 0.000458013 -0.000234984 1 -0.0168319 -0.0550145 0.0677867
FixedParameters: 0 0 0

#Transform 5
Transform: AffineTransform_float_3_3
Parameters: 1 0.0002391 5.34421e-05 -0.000239103 1 2.59872e-05 -5.34297e-05 -2.60128e-05 1 -0.0303369 0.020054 0.0512625
FixedParameters: 0 0 0

#Transform 6
Transform: AffineTransform_float_3_3
Parameters: 1 0.000111242 2.49244e-05 -0.000111269 1 0.000542997 -2.48036e-05 -0.000543003 1 -0.0451957 -0.0661632 0.0952245
FixedParameters: 0 0 0

#Transform 7
Transform: AffineTransform_float_3_3
Parameters: 1 0.000229457 0.000449838 -0.000229352 1 -0.000116151 -0.000449892 0.000116849 1 -0.0713985 0.0258213 0.0540078
FixedParameters: 0 0 0

#Transform 8
Transform: AffineTransform_float_3_3
Parameters: 1 0.000600167 -8.07674e-05 -0.000600088 0.999999 0.000488048 8.13531e-05 -0.000487951 1 -0.0323688 -0.0218032 0.0674839
FixedParameters: 0 0 0

#Transform 9
Transform: AffineTransform_float_3_3
Parameters: 1 0.000489754 0.000412056 -0.000490214 0.999999 0.000558798 -0.000411508 -0.000559201 1 -0.0535826 -0.0248989 0.0103028
FixedParameters: 0 0 0

#Transform 10
Transform: AffineTransform_float_3_3
Parameters: 1 9.32106e-06 9.53631e-05 -9.53922e-06 1 0.001144 -9.53415e-05 -0.001144 1 -0.0377766 -0.0753061 0.0549565
FixedParameters: 0 0 0

#Transform 11
Transform: AffineTransform_float_3_3
Parameters: 1 -0.000161303 1.10547e-05 0.000161299 1 0.000195002 -1.11176e-05 -0.000194998 1 -0.0385432 -0.00462807 0.0427818
FixedParameters: 0 0 0

#Transform 12
Transform: AffineTransform_float_3_3
Parameters: 0.999999 3.65879e-06 -0.000725735 -3.0782e-06 1 0.000400002 0.000725738 -0.000399997 0.999999 0.0302364 -0.0678637 -0.0156177
FixedParameters: 0 0 0

#Transform 13
Transform: AffineTransform_float_3_3
Parameters: 1 -0.000317701 4.80571e-06 0.0003177 1 5.70015e-05 -4.84193e-06 -5.69985e-05 1 -0.00495843 -0.039476 0.0524988
FixedParameters: 0 0 0

#Transform 14
Transform: AffineTransform_float_3_3
Parameters: 1 0.000152547 0.000115093 -0.000152614 1 0.000289982 -0.000115004 -0.000290018 1 -0.0346457 -0.0308755 -0.0218166
FixedParameters: 0 0 0

#Transform 15
Transform: AffineTransform_float_3_3
Parameters: 1 -0.000151383 -0.000398803 0.000152011 0.999999 0.000787939 0.000398564 -0.00078806 0.999999 -0.017504 -0.0672202 0.0133989
FixedParameters: 0 0 0

#Transform 16
Transform: AffineTransform_float_3_3
Parameters: 1 -0.000197107 -0.000194892 0.000197455 1 0.000894175 0.000194539 -0.000893826 0.999999 -0.0314964 -0.0497385 -0.0206521
FixedParameters: 0 0 0

#Transform 17
Transform: AffineTransform_float_3_3
Parameters: 1 -0.00013721 0.000269532 0.000136989 1 0.000409037 -0.000269644 -0.000408963 1 -0.0475254 -0.0377798 0.00804659
FixedParameters: 0 0 0

#Transform 18
Transform: AffineTransform_float_3_3
Parameters: 1 -0.000142431 8.70027e-05 0.000142392 1 0.000224012 -8.70665e-05 -0.000223988 1 -0.0408708 -0.059928 0.0621331
FixedParameters: 0 0 0

#Transform 19
Transform: AffineTransform_float_3_3
Parameters: 1 -0.000267316 0.000118503 0.000267269 1 0.000198079 -0.000118609 -0.000198921 1 -0.0450439 -0.0108539 0.065439
FixedParameters: 0 0 0

#Transform 20
Transform: AffineTransform_float_3_3
Parameters: 1 -0.000228288 0.000141747 0.000228474 1 -0.000655967 -0.000141448 0.000656032 1 -0.0212778 0.00422386 0.00992681
FixedParameters: 0 0 0

#Transform 21
Transform: AffineTransform_float_3_3
Parameters: 1 -0.000371089 0.000399699 0.000371126 1 -4.58041e-05 -0.000399665 4.51959e-05 1 -0.0258827 -0.0256121 0.048395
FixedParameters: 0 0 0

#Transform 22
Transform: AffineTransform_float_3_3
Parameters: 1 -2.06922e-05 0.000537421 2.07341e-05 1 -3.89889e-05 -0.00053742 3.90111e-05 1 -0.0401256 -0.0272434 0.0632303
FixedParameters: 0 0 0

#Transform 23
Transform: AffineTransform_float_3_3
Parameters: 0.999999 -0.000428705 0.000658432 0.000429105 1 -0.000303717 -0.000658171 0.000304282 0.999999 -0.0413178 0.00793135 0.0135333
FixedParameters: 0 0 0

#Transform 24
Transform: AffineTransform_float_3_3
Parameters: 1 -1.90335e-06 0.000667709 1.43996e-06 1 0.000347001 -0.000667711 -0.000346999 0.999999 -0.0456457 -0.0524653 0.0372691
FixedParameters: 0 0 0

#Transform 25
Transform: AffineTransform_float_3_3
Parameters: 0.999999 -0.00065486 0.000521427 0.00065427 0.999999 0.000566341 -0.000522168 -0.000565658 0.999999 -0.025097 -0.0266456 0.00465429
FixedParameters: 0 0 0

#Transform 26
Transform: AffineTransform_float_3_3
Parameters: 0.999999 -0.000410784 0.000576181 0.000410384 1 0.000347236 -0.000576466 -0.000346763 1 -0.0320998 -0.0283121 0.0150969
FixedParameters: 0 0 0

#Transform 27
Transform: AffineTransform_float_3_3
Parameters: 0.999999 -0.000427391 0.000649223 0.000427469 0.999999 0.000691277 -0.000649595 -0.000690722 0.999999 -0.0376355 -0.0295812 0.00111828
FixedParameters: 0 0 0

#Transform 28
Transform: AffineTransform_float_3_3
Parameters: 1 -0.000380878 0.000442472 0.000380529 1 0.000394168 -0.000442772 -0.000393831 1 -0.0435128 -0.0300902 0.0625998
FixedParameters: 0 0 0

#Transform 29
Transform: AffineTransform_float_3_3
Parameters: 1 -0.000549488 5.08758e-05 0.000549172 1 0.000957241 -5.09513e-05 -0.000956759 0.999999 -0.00897194 -0.0353233 -0.0387234
FixedParameters: 0 0 0

#Transform 30
Transform: AffineTransform_float_3_3
Parameters: 0.999999 -0.000389071 -0.000661701 0.000390178 0.999999 0.00173874 0.000661104 -0.00173926 0.999999 0.017863 -0.0776144 -0.0191059
FixedParameters: 0 0 0

#Transform 31
Transform: AffineTransform_float_3_3
Parameters: 0.999995 -0.00233047 -0.00238337 0.00233116 0.999997 -0.000109369 0.00238311 0.000103635 0.999997 0.107511 -0.00681207 -0.0122431
FixedParameters: 0 0 0

#Transform 32
Transform: AffineTransform_float_3_3
Parameters: 0.999984 -0.0016223 -0.0055396 0.0016257 0.999999 0.000498421 0.00553851 -0.000507575 0.999985 0.19907 -0.0281362 -3.41696e-05
FixedParameters: 0 0 0

#Transform 33
Transform: AffineTransform_float_3_3
Parameters: 0.999997 -0.000914489 -0.00250565 0.000921223 0.999996 0.00268635 0.00250332 -0.00268865 0.999993 0.100542 -0.123004 0.0287573
FixedParameters: 0 0 0

#Transform 34
Transform: AffineTransform_float_3_3
Parameters: 0.999996 -0.000983835 -0.00289256 0.000997157 0.999989 0.00459352 0.00288767 -0.00459648 0.999985 0.204999 -0.268775 -0.181138
FixedParameters: 0 0 0

#Transform 35
Transform: AffineTransform_float_3_3
Parameters: 0.999994 -0.00182172 -0.00318706 0.00183587 0.999988 0.00443684 0.00317894 -0.00444215 0.999985 0.156767 -0.276741 -0.042933
FixedParameters: 0 0 0

#Transform 36
Transform: AffineTransform_float_3_3
Parameters: 0.999995 -0.000589394 -0.00311196 0.000598186 0.999996 0.00277232 0.00310985 -0.00277368 0.999991 0.063826 -0.168249 0.0912892
FixedParameters: 0 0 0

#Transform 37
Transform: AffineTransform_float_3_3
Parameters: 0.999997 -0.000707628 -0.00258648 0.000714851 0.999995 0.00307438 0.00258426 -0.00307662 0.999992 0.0822698 -0.156868 0.0875053
FixedParameters: 0 0 0

#Transform 38
Transform: AffineTransform_float_3_3
Parameters: 0.999996 -0.000688724 -0.00266022 0.000698871 0.999992 0.00394759 0.00265744 -0.00394942 0.999989 0.0952403 -0.190984 0.0811664
FixedParameters: 0 0 0

#Transform 39
Transform: AffineTransform_float_3_3
Parameters: 0.999996 -0.000792481 -0.00268363 0.000802986 0.999992 0.00379824 0.00268049 -0.00379975 0.999989 0.129485 -0.12464 -0.0567264
FixedParameters: 0 0 0

#Transform 40
Transform: AffineTransform_float_3_3
Parameters: 0.999994 -0.00114971 -0.00306984 0.0011607 0.999993 0.00343458 0.00306579 -0.00343842 0.99999 0.135177 -0.151627 -0.00485944
FixedParameters: 0 0 0

#Transform 41
Transform: AffineTransform_float_3_3
Parameters: 0.999993 -0.00166905 -0.00352864 0.00167925 0.999995 0.00276634 0.00352445 -0.00277266 0.99999 0.174188 -0.128727 -0.0717038
FixedParameters: 0 0 0

#Transform 42
Transform: AffineTransform_float_3_3
Parameters: 0.99999 -0.00218411 -0.00403145 0.00219502 0.999994 0.00265723 0.00402564 -0.00266577 0.999989 0.180532 -0.156357 -0.0537214
FixedParameters: 0 0 0

#Transform 43
Transform: AffineTransform_float_3_3
Parameters: 0.999989 -0.00268556 -0.00382183 0.00269184 0.999994 0.00175542 0.00381691 -0.00176558 0.999991 0.180193 -0.0981436 -0.0969133
FixedParameters: 0 0 0

#Transform 44
Transform: AffineTransform_float_3_3
Parameters: 0.999994 -0.00135644 -0.00319795 0.00136366 0.999997 0.00202794 0.00319524 -0.00203206 0.999993 0.109068 -0.107101 -0.0647124
FixedParameters: 0 0 0

#Transform 45
Transform: AffineTransform_float_3_3
Parameters: 0.999995 -0.00106922 -0.00277697 0.00107897 0.999993 0.00357362 0.00277318 -0.00357638 0.999989 0.10775 -0.172626 0.133684
FixedParameters: 0 0 0

#Transform 46
Transform: AffineTransform_float_3_3
Parameters: 0.999998 7.48293e-05 -0.00210754 -5.87789e-05 0.999968 0.00789866 0.00210781 -0.00789833 0.999966 -0.14079 -0.308095 0.575761
FixedParameters: 0 0 0

#Transform 47
Transform: AffineTransform_float_3_3
Parameters: 1 0.000341088 -0.000253495 -0.000339493 0.999968 0.00801508 0.000256344 -0.00801491 0.999968 -0.223806 -0.2914 0.33818
FixedParameters: 0 0 0

#Transform 48
Transform: AffineTransform_float_3_3
Parameters: 1 0.000172267 -0.000678638 -0.000167237 0.999974 0.00729412 0.000680023 -0.00729389 0.999973 -0.196267 -0.25203 0.438475
FixedParameters: 0 0 0

#Transform 49
Transform: AffineTransform_float_3_3
Parameters: 1 0.000388157 -0.0010909 -0.000382839 0.999987 0.00511521 0.00109353 -0.00511479 0.999987 -0.160769 -0.143018 0.433889
FixedParameters: 0 0 0

#Transform 50
Transform: AffineTransform_float_3_3
Parameters: 1 1.78687e-06 -0.0011788 1.55115e-06 0.999995 0.00316379 0.00117891 -0.00316421 0.999995 -0.120527 -0.0690185 0.336733
FixedParameters: 0 0 0

#Transform 51
Transform: AffineTransform_float_3_3
Parameters: 0.999999 -0.000218043 -0.00067679 0.000220371 0.999996 0.00260264 0.000676407 -0.00260336 0.999997 -0.130515 -0.0636528 0.400354
FixedParameters: 0 0 0

#Transform 52
Transform: AffineTransform_float_3_3
Parameters: 0.999999 -0.000196539 -0.00122365 0.000199234 0.999996 0.0028745 0.00122359 -0.0028745 0.999995 -0.116156 -0.0417366 0.545523
FixedParameters: 0 0 0

#Transform 53
Transform: AffineTransform_float_3_3
Parameters: 0.999999 -0.000199675 -0.00149031 0.00020511 0.999994 0.00360744 0.00148972 -0.00360757 0.999993 -0.0831839 -0.0769618 0.395245
FixedParameters: 0 0 0

#Transform 54
Transform: AffineTransform_float_3_3
Parameters: 1 -7.86806e-05 -0.00112884 8.40105e-05 0.999989 0.00462086 0.00112798 -0.00462014 0.999989 -0.103502 -0.130978 0.428655
FixedParameters: 0 0 0

#Transform 55
Transform: AffineTransform_float_3_3
Parameters: 0.999999 -0.000233189 -0.000833359 0.000236631 0.999993 0.00349875 0.000833231 -0.00349824 0.999993 -0.0933285 -0.0730508 0.347767
FixedParameters: 0 0 0

#Transform 56
Transform: AffineTransform_float_3_3
Parameters: 0.999999 -0.000145014 -0.000948853 0.000148162 0.999992 0.00394586 0.000948776 -0.00394614 0.999992 -0.0754185 -0.110667 0.287535
FixedParameters: 0 0 0

#Transform 57
Transform: AffineTransform_float_3_3
Parameters: 0.999999 -0.000186877 -0.00088338 0.000190082 0.999994 0.00359684 0.000882346 -0.00359717 0.999993 -0.0630855 -0.100461 0.310701
FixedParameters: 0 0 0

#Transform 58
Transform: AffineTransform_float_3_3
Parameters: 0.999999 -0.000407791 -0.00136754 0.000412927 0.999993 0.00382439 0.00136526 -0.00382461 0.999992 -0.0881817 -0.0892383 0.419765
FixedParameters: 0 0 0

#Transform 59
Transform: AffineTransform_float_3_3
Parameters: 1 7.03303e-05 -0.000652636 -6.7906e-05 0.999994 0.00351704 0.000653661 -0.00351695 0.999993 -0.103268 -0.058061 0.304745
FixedParameters: 0 0 0

#Transform 60
Transform: AffineTransform_float_3_3
Parameters: 1 -0.000167678 -0.000511915 0.000169285 0.999993 0.00369191 0.000511211 -0.00369209 0.999993 -0.0841157 -0.101603 0.273736
FixedParameters: 0 0 0

#Transform 61
Transform: AffineTransform_float_3_3
Parameters: 1 1.28681e-05 -0.000169362 -1.16189e-05 0.999993 0.003687 0.000169452 -0.003687 0.999993 -0.122874 -0.109982 0.262192
FixedParameters: 0 0 0

#Transform 62
Transform: AffineTransform_float_3_3
Parameters: 1 -0.000202263 -0.000328046 0.000203584 0.999992 0.00383693 0.000327247 -0.00383706 0.999992 -0.112091 -0.10829 0.275763
FixedParameters: 0 0 0

#Transform 63
Transform: AffineTransform_float_3_3
Parameters: 1 -7.9066e-05 -0.000243535 8.0659e-05 0.999994 0.00327398 0.000243012 -0.00327402 0.999994 -0.0970172 -0.0807172 0.253122
FixedParameters: 0 0 0

#Transform 64
Transform: AffineTransform_float_3_3
Parameters: 1 5.78519e-05 -0.000657624 -5.46933e-05 0.99999 0.00462804 0.00065749 -0.00462796 0.999989 -0.103402 -0.174216 0.303844
FixedParameters: 0 0 0

#Transform 65
Transform: AffineTransform_float_3_3
Parameters: 1 -0.000164653 -0.000263155 0.000165642 0.999992 0.00415296 0.000262541 -0.00415305 0.999992 -0.123573 -0.113644 0.23474
FixedParameters: 0 0 0

#Transform 66
Transform: AffineTransform_float_3_3
Parameters: 1 -0.000417898 -0.000169026 0.000417855 0.999991 0.00406993 0.000167358 -0.00407007 0.999991 -0.108382 -0.120882 0.201863
FixedParameters: 0 0 0

#Transform 67
Transform: AffineTransform_float_3_3
Parameters: 1 -0.000260905 -0.000493308 0.000262664 0.999991 0.00420587 0.000492622 -0.00420613 0.999991 -0.117249 -0.124473 0.251766
FixedParameters: 0 0 0

#Transform 68
Transform: AffineTransform_float_3_3
Parameters: 1 9.40082e-05 -0.00105353 -8.91233e-05 0.999989 0.00473588 0.00105428 -0.00473612 0.999988 -0.0874841 -0.170002 0.202654
FixedParameters: 0 0 0

#Transform 69
Transform: AffineTransform_float_3_3
Parameters: 0.999999 -0.000483424 -0.00133214 0.000489557 0.999989 0.00475031 0.00132914 -0.0047507 0.999988 -0.131053 -0.165086 0.460498
FixedParameters: 0 0 0

#Transform 70
Transform: AffineTransform_float_3_3
Parameters: 1 -0.00036805 -0.000405877 0.000369949 0.999991 0.00408485 0.000404596 -0.00408515 0.999991 -0.163113 -0.0441506 0.337652
FixedParameters: 0 0 0

#Transform 71
Transform: AffineTransform_float_3_3
Parameters: 0.999999 -0.00048497 -0.000524703 0.000488221 0.999984 0.00559675 0.000521747 -0.00559726 0.999984 -0.140807 -0.145272 0.318007
FixedParameters: 0 0 0

#Transform 72
Transform: AffineTransform_float_3_3
Parameters: 1 -0.000418857 -0.00106709 0.000423411 0.999988 0.00473129 0.00106494 -0.00473171 0.999989 -0.0972354 -0.112962 0.252013
FixedParameters: 0 0 0

#Transform 73
Transform: AffineTransform_float_3_3
Parameters: 1 -0.000420674 -0.00092398 0.000425299 0.999988 0.00485861 0.000920949 -0.00485939 0.999988 -0.102625 -0.136591 0.225156
FixedParameters: 0 0 0

#Transform 74
Transform: AffineTransform_float_3_3
Parameters: 0.999999 -0.000975752 -0.000962967 0.000980385 0.999987 0.00512522 0.000957924 -0.00512577 0.999986 -0.156979 -0.128599 0.236492
FixedParameters: 0 0 0

#Transform 75
Transform: AffineTransform_float_3_3
Parameters: 0.999999 -9.32129e-05 -0.000760757 9.66135e-05 0.99999 0.00430392 0.000760262 -0.00430407 0.99999 -0.0911339 -0.112177 0.38596
FixedParameters: 0 0 0

#Transform 76
Transform: AffineTransform_float_3_3
Parameters: 0.999995 0.000965279 -0.00297061 -0.000929726 0.999924 0.0122568 0.0029824 -0.0122542 0.99992 -0.0321723 -0.536487 0.784377
FixedParameters: 0 0 0

#Transform 77
Transform: AffineTransform_float_3_3
Parameters: 0.999999 0.000386239 -0.00172128 -0.000368601 0.999945 0.0104982 0.00172506 -0.0104978 0.999944 -0.0860955 -0.342585 0.472137
FixedParameters: 0 0 0

#Transform 78
Transform: AffineTransform_float_3_3
Parameters: 0.999997 1.79033e-05 -0.00239703 6.05571e-06 0.999948 0.0101113 0.0023968 -0.0101107 0.999946 -0.0659362 -0.345337 0.468406
FixedParameters: 0 0 0

#Transform 79
Transform: AffineTransform_float_3_3
Parameters: 0.999997 0.00043811 -0.00216201 -0.000417574 0.999954 0.00952929 0.00216656 -0.00952871 0.999952 -0.0813047 -0.308819 0.48595
FixedParameters: 0 0 0

#Transform 80
Transform: AffineTransform_float_3_3
Parameters: 0.999998 0.000137599 -0.00227954 -0.000116168 0.999952 0.00981261 0.00228092 -0.0098124 0.99995 -0.0781286 -0.307954 0.471937
FixedParameters: 0 0 0

#Transform 81
Transform: AffineTransform_float_3_3
Parameters: 0.999998 0.00042642 -0.00229319 -0.000402794 0.999947 0.0102963 0.00229747 -0.0102957 0.999945 -0.0648744 -0.322021 0.436752
FixedParameters: 0 0 0

#Transform 82
Transform: AffineTransform_float_3_3
Parameters: 0.999997 0.000455643 -0.00268891 -0.000428644 0.99995 0.00999234 0.00269381 -0.00999167 0.999947 -0.0709769 -0.337457 0.455734
FixedParameters: 0 0 0

#Transform 83
Transform: AffineTransform_float_3_3
Parameters: 0.999992 0.000332651 -0.00401478 -0.000279122 0.999911 0.0132924 0.00401818 -0.0132916 0.999903 -0.0370279 -0.519864 0.617139
FixedParameters: 0 0 0

#Transform 84
Transform: AffineTransform_float_3_3
Parameters: 0.999995 7.51455e-05 -0.00295145 -4.54132e-05 0.999951 0.00988623 0.00295239 -0.00988577 0.999947 -0.0933287 -0.299243 0.491911
FixedParameters: 0 0 0

#Transform 85
Transform: AffineTransform_float_3_3
Parameters: 0.999994 0.000672921 -0.00336728 -0.000637973 0.999947 0.0102839 0.0033741 -0.0102821 0.999942 -0.0519728 -0.286239 0.397803
FixedParameters: 0 0 0

#Transform 86
Transform: AffineTransform_float_3_3
Parameters: 0.999993 0.000323786 -0.00377401 -0.000275788 0.999919 0.0127608 0.00377803 -0.0127592 0.999911 -0.0183535 -0.296919 0.387395
FixedParameters: 0 0 0

#Transform 87
Transform: AffineTransform_float_3_3
Parameters: 0.99999 -0.000220755 -0.00451735 0.000274153 0.99993 0.0117837 0.00451504 -0.0117843 0.999921 -0.0170175 -0.421255 0.370378
FixedParameters: 0 0 0

#Transform 88
Transform: AffineTransform_float_3_3
Parameters: 0.999991 -0.000348464 -0.00421372 0.000395334 0.999938 0.0111397 0.00420929 -0.0111413 0.999929 -0.0414068 -0.353132 0.409238
FixedParameters: 0 0 0

#Transform 89
Transform: AffineTransform_float_3_3
Parameters: 0.999988 -0.000270656 -0.00487595 0.000322306 0.999943 0.0107381 0.0048731 -0.0107389 0.999931 -0.00479488 -0.359666 0.405014
FixedParameters: 0 0 0

#Transform 90
Transform: AffineTransform_float_3_3
Parameters: 0.999989 -7.69212e-05 -0.00483046 0.000129037 0.999942 0.0107389 0.00483003 -0.0107391 0.999931 -0.00399726 -0.352935 0.48271
FixedParameters: 0 0 0

#Transform 91
Transform: AffineTransform_float_3_3
Parameters: 0.999989 -6.03726e-05 -0.00458498 0.000107771 0.999944 0.0105623 0.00458445 -0.0105637 0.999934 -0.0251282 -0.363101 0.56157
FixedParameters: 0 0 0

#Transform 92
Transform: AffineTransform_float_3_3
Parameters: 0.999988 0.000136066 -0.00478021 -8.57607e-05 0.999945 0.01049 0.0047816 -0.01049 0.999933 0.00382931 -0.352851 0.589782
FixedParameters: 0 0 0

#Transform 93
Transform: AffineTransform_float_3_3
Parameters: 0.999988 3.77778e-05 -0.00480327 1.18951e-05 0.999945 0.0104997 0.00480337 -0.0104993 0.999933 0.00586171 -0.341088 0.51948
FixedParameters: 0 0 0

#Transform 94
Transform: AffineTransform_float_3_3
Parameters: 0.99999 0.00025558 -0.00461475 -0.000206202 0.999942 0.0107407 0.00461781 -0.0107393 0.999932 -0.0270162 -0.365338 0.519766
FixedParameters: 0 0 0

#Transform 95
Transform: AffineTransform_float_3_3
Parameters: 0.999989 8.18302e-05 -0.00467074 -3.24626e-05 0.999945 0.0105319 0.00467124 -0.0105321 0.999934 -0.0117026 -0.35153 0.507013
FixedParameters: 0 0 0

#Transform 96
Transform: AffineTransform_float_3_3
Parameters: 0.999989 -2.85392e-05 -0.00481833 7.73243e-05 0.999949 0.0100712 0.00481775 -0.0100718 0.999938 -0.0133805 -0.348341 0.471124
FixedParameters: 0 0 0

#Transform 97
Transform: AffineTransform_float_3_3
Parameters: 0.999986 0.000264693 -0.00515996 -0.000210224 0.999944 0.0105934 0.00516298 -0.0105916 0.999931 -0.0920068 -0.362566 0.627174
FixedParameters: 0 0 0

#Transform 98
Transform: AffineTransform_float_3_3
Parameters: 0.999989 0.000796791 -0.00462464 -0.000758359 0.999966 0.00831322 0.00463101 -0.0083098 0.999955 -0.116007 -0.225514 0.626917
FixedParameters: 0 0 0

#Transform 99
Transform: AffineTransform_float_3_3
Parameters: 0.999988 0.000261604 -0.00475023 -0.000214506 0.999952 0.00986365 0.0047527 -0.00986336 0.99994 -0.0842869 -0.319871 0.68147
FixedParameters: 0 0 0

#Transform 100
Transform: AffineTransform_float_3_3
Parameters: 0.999986 0.000771407 -0.00509132 -0.00071805 0.999946 0.0103989 0.00509915 -0.0103951 0.999933 -0.0459445 -0.333321 0.721897
FixedParameters: 0 0 0

#Transform 101
Transform: AffineTransform_float_3_3
Parameters: 0.99999 0.000222638 -0.00447035 -0.000180453 0.999956 0.00936263 0.00447202 -0.00936237 0.999947 -0.0881705 -0.248899 0.554554
FixedParameters: 0 0 0

#Transform 102
Transform: AffineTransform_float_3_3
Parameters: 0.99999 5.85851e-05 -0.00449074 -1.42669e-05 0.99995 0.00995706 0.00449162 -0.00995694 0.99994 -0.058432 -0.304404 0.513072
FixedParameters: 0 0 0

#Transform 103
Transform: AffineTransform_float_3_3
Parameters: 0.99999 -0.000212184 -0.00450127 0.000251074 0.999961 0.0087918 0.00449845 -0.00879319 0.999951 -0.0345834 -0.252277 0.415038
FixedParameters: 0 0 0

#Transform 104
Transform: AffineTransform_float_3_3
Parameters: 0.999988 -0.000398052 -0.00500435 0.000451443 0.999943 0.0106594 0.00499978 -0.0106616 0.99993 -0.00973136 -0.336682 0.452824
FixedParameters: 0 0 0

#Transform 105
Transform: AffineTransform_float_3_3
Parameters: 0.999987 0.000359828 -0.00494618 -0.000309706 0.999949 0.0100739 0.00495004 -0.0100721 0.999937 -0.0739749 -0.331313 0.617905
FixedParameters: 0 0 0

#Transform 106
Transform: AffineTransform_float_3_3
Parameters: 0.999987 0.000371045 -0.00494757 -0.000296429 0.999886 0.0150949 0.00495321 -0.0150931 0.999874 -0.127368 -0.526327 0.751007
FixedParameters: 0 0 0

#Transform 107
Transform: AffineTransform_float_3_3
Parameters: 0.999982 0.000712977 -0.00598658 -0.000621796 0.999884 0.0152032 0.00599678 -0.0151988 0.999866 -0.115301 -0.501465 0.847864
FixedParameters: 0 0 0

#Transform 108
Transform: AffineTransform_float_3_3
Parameters: 0.999986 0.000701391 -0.00537412 -0.000612925 0.999865 0.0163872 0.00538525 -0.0163838 0.999851 -0.149909 -0.49772 0.909094
FixedParameters: 0 0 0

#Transform 109
Transform: AffineTransform_float_3_3
Parameters: 0.999982 0.00126394 -0.0058541 -0.00119976 0.999939 0.0109744 0.00586673 -0.0109676 0.999922 -0.161717 -0.333229 0.934326
FixedParameters: 0 0 0

#Transform 110
Transform: AffineTransform_float_3_3
Parameters: 0.99999 0.000875654 -0.00424631 -0.000828705 0.999937 0.0111735 0.00425564 -0.0111705 0.999929 -0.178587 -0.331268 0.711956
FixedParameters: 0 0 0

#Transform 111
Transform: AffineTransform_float_3_3
Parameters: 0.999988 0.00072721 -0.00473372 -0.000668114 0.999923 0.0124059 0.00474207 -0.0124031 0.999911 -0.149079 -0.396557 0.688908
FixedParameters: 0 0 0

#Transform 112
Transform: AffineTransform_float_3_3
Parameters: 0.999985 0.00084971 -0.00528439 -0.000769173 0.999885 0.0151142 0.00529726 -0.0151098 0.999871 -0.21386 -0.478149 0.912397
FixedParameters: 0 0 0

#Transform 113
Transform: AffineTransform_float_3_3
Parameters: 0.999986 0.00059917 -0.0053543 -0.000529193 0.999915 0.0130689 0.00536159 -0.0130661 0.9999 -0.186281 -0.349788 0.782991
FixedParameters: 0 0 0

#Transform 114
Transform: AffineTransform_float_3_3
Parameters: 0.999984 0.000831685 -0.00547441 -0.00075393 0.999898 0.01425 0.00548563 -0.014245 0.999884 -0.189119 -0.432748 0.80204
FixedParameters: 0 0 0

#Transform 115
Transform: AffineTransform_float_3_3
Parameters: 0.999987 0.000870688 -0.00514534 -0.00079842 0.9999 0.0141114 0.00515665 -0.0141066 0.999887 -0.213954 -0.430643 0.799642
FixedParameters: 0 0 0

#Transform 116
Transform: AffineTransform_float_3_3
Parameters: 0.999986 0.000639891 -0.00529613 -0.000563172 0.999896 0.0143991 0.00530468 -0.0143959 0.999883 -0.201019 -0.434642 0.774664
FixedParameters: 0 0 0

#Transform 117
Transform: AffineTransform_float_3_3
Parameters: 0.999985 0.000567699 -0.00534602 -0.00049242 0.999901 0.0140607 0.00535335 -0.0140583 0.999887 -0.192639 -0.405934 0.725585
FixedParameters: 0 0 0

#Transform 118
Transform: AffineTransform_float_3_3
Parameters: 0.999986 0.000335083 -0.00531276 -0.000261693 0.999905 0.0137606 0.00531698 -0.0137594 0.999891 -0.224279 -0.397426 0.758225
FixedParameters: 0 0 0

#Transform 119
Transform: AffineTransform_float_3_3
Parameters: 0.999974 0.00060005 -0.00721067 -0.000509569 0.999921 0.0125563 0.00721766 -0.0125526 0.999895 -0.168946 -0.336353 0.72107
FixedParameters: 0 0 0

#Transform 120
Transform: AffineTransform_float_3_3
Parameters: 0.99998 0.00089286 -0.0063737 -0.000812823 0.999921 0.0125148 0.00638443 -0.0125092 0.999902 -0.156218 -0.349376 0.764979
FixedParameters: 0 0 0

#Transform 121
Transform: AffineTransform_float_3_3
Parameters: 0.999979 0.000748011 -0.00646811 -0.000662335 0.999913 0.0131799 0.00647694 -0.0131751 0.999893 -0.133403 -0.376025 0.724018
FixedParameters: 0 0 0

#Transform 122
Transform: AffineTransform_float_3_3
Parameters: 0.99998 0.000665856 -0.00632336 -0.000580247 0.99991 0.0134164 0.00633151 -0.0134125 0.99989 -0.132123 -0.390321 0.721435
FixedParameters: 0 0 0

#Transform 123
Transform: AffineTransform_float_3_3
Parameters: 0.999992 0.000652827 -0.0041259 -0.000609779 0.999946 0.0103746 0.00413255 -0.0103714 0.999938 -0.162071 -0.280498 0.435539
FixedParameters: 0 0 0

#Transform 124
Transform: AffineTransform_float_3_3
Parameters: 0.999997 0.000524781 -0.00214889 -0.000494765 0.999905 0.0137717 0.00215638 -0.0137713 0.999902 -0.13058 -0.493383 0.234359
FixedParameters: 0 0 0

#Transform 125
Transform: AffineTransform_float_3_3
Parameters: 0.999994 0.000113793 -0.00327361 -5.36383e-05 0.999831 0.0183751 0.00327553 -0.0183749 0.999826 -0.182816 -0.625397 0.706046
FixedParameters: 0 0 0

#Transform 126
Transform: AffineTransform_float_3_3
Parameters: 0.999992 0.000384672 -0.00415801 -0.000313235 0.999851 0.0172887 0.00416413 -0.0172874 0.999842 -0.220235 -0.567803 0.825357
FixedParameters: 0 0 0

#Transform 127
Transform: AffineTransform_float_3_3
Parameters: 0.99999 0.000527822 -0.00442966 -0.000454041 0.99986 0.0166839 0.00443869 -0.016682 0.999851 -0.198232 -0.535016 0.786636
FixedParameters: 0 0 0

#Transform 128
Transform: AffineTransform_float_3_3
Parameters: 0.999988 0.000512311 -0.00489251 -0.000427387 0.999852 0.0171868 0.0049013 -0.0171842 0.99984 -0.172159 -0.536509 0.697732
FixedParameters: 0 0 0

#Transform 129
Transform: AffineTransform_float_3_3
Parameters: 0.999993 0.000309035 -0.00371783 -0.000249189 0.999869 0.0161765 0.00372255 -0.0161756 0.999863 -0.188338 -0.535371 0.567118
FixedParameters: 0 0 0

#Transform 130
Transform: AffineTransform_float_3_3
Parameters: 0.999981 0.000151122 -0.00614189 -5.22898e-05 0.99987 0.0161044 0.00614352 -0.0161036 0.999852 -0.067629 -0.467477 0.949744
FixedParameters: 0 0 0

#Transform 131
Transform: AffineTransform_float_3_3
Parameters: 0.999981 -2.25533e-05 -0.00617855 0.000101405 0.99992 0.0127006 0.00617796 -0.0127014 0.9999 -0.0882288 -0.335447 0.732549
FixedParameters: 0 0 0

#Transform 132
Transform: AffineTransform_float_3_3
Parameters: 0.999979 -3.32608e-05 -0.00651645 0.000130444 0.99989 0.014864 0.00651498 -0.014865 0.999869 -0.0535033 -0.436377 0.744463
FixedParameters: 0 0 0

#Transform 133
Transform: AffineTransform_float_3_3
Parameters: 0.999979 1.19028e-06 -0.00650423 9.22598e-05 0.999898 0.0142872 0.00650379 -0.0142878 0.999877 -0.119371 -0.421769 0.798879
FixedParameters: 0 0 0

#Transform 134
Transform: AffineTransform_float_3_3
Parameters: 0.999948 -0.00428608 0.00926674 0.00421413 0.999961 0.00780645 -0.00930031 -0.00776655 0.999926 -0.376586 -0.204304 0.376254
FixedParameters: 0 0 0

#Transform 135
Transform: AffineTransform_float_3_3
Parameters: 0.999954 -0.00385266 0.00872863 0.00374037 0.999909 0.0129451 -0.00877774 -0.0129109 0.999878 -0.328874 -0.398341 0.237514
FixedParameters: 0 0 0

#Transform 136
Transform: AffineTransform_float_3_3
Parameters: 0.999996 0.000966491 0.00289254 -0.00100388 0.999919 0.0126415 -0.00288017 -0.0126435 0.999916 -0.293428 -0.350342 0.316481
FixedParameters: 0 0 0

#Transform 137
Transform: AffineTransform_float_3_3
Parameters: 0.999997 0.00194842 0.000943385 -0.00196506 0.99983 0.0183306 -0.000907737 -0.0183324 0.999831 -0.362818 -0.537929 0.809312
FixedParameters: 0 0 0

#Transform 138
Transform: AffineTransform_float_3_3
Parameters: 0.999993 0.00367658 -0.00125552 -0.00364601 0.999721 0.0233497 0.00134089 -0.0233453 0.999727 -0.457187 -0.682676 1.58103
FixedParameters: 0 0 0

#Transform 139
Transform: AffineTransform_float_3_3
Parameters: 0.999992 0.00274829 -0.00284518 -0.0026805 0.999716 0.0236975 0.00290932 -0.0236895 0.999715 -0.378819 -0.566971 1.42746
FixedParameters: 0 0 0

#Transform 140
Transform: AffineTransform_float_3_3
Parameters: 0.99999 0.00204254 -0.00398414 -0.00194875 0.99972 0.0235623 0.00403132 -0.0235537 0.999715 -0.380167 -0.5703 1.36675
FixedParameters: 0 0 0

#Transform 141
Transform: AffineTransform_float_3_3
Parameters: 0.99999 0.00197519 -0.00400312 -0.00189011 0.999772 0.0212831 0.0040446 -0.021275 0.999766 -0.359132 -0.526699 1.24078
FixedParameters: 0 0 0

#Transform 142
Transform: AffineTransform_float_3_3
Parameters: 0.99999 0.00204495 -0.00398574 -0.0019585 0.999767 0.0214853 0.00402903 -0.0214776 0.999761 -0.372138 -0.570719 1.26478
FixedParameters: 0 0 0

#Transform 143
Transform: AffineTransform_float_3_3
Parameters: 0.99999 0.001814 -0.00404256 -0.00172697 0.999767 0.0215245 0.00408071 -0.0215175 0.99976 -0.388003 -0.612822 1.22212
FixedParameters: 0 0 0

#Transform 144
Transform: AffineTransform_float_3_3
Parameters: 0.999989 0.00198994 -0.00436807 -0.00190173 0.999794 0.0202577 0.00440742 -0.0202494 0.999785 -0.383827 -0.575243 1.29569
FixedParameters: 0 0 0

#Transform 145
Transform: AffineTransform_float_3_3
Parameters: 0.99997 0.00601479 -0.00475658 -0.00591206 0.999753 0.0214188 0.00488421 -0.0213892 0.999759 -0.431134 -0.615306 1.32463
FixedParameters: 0 0 0

#Transform 146
Transform: AffineTransform_float_3_3
Parameters: 0.99998 0.00178233 -0.00607917 -0.00167155 0.999835 0.0181104 0.00611099 -0.0180996 0.999818 -0.329983 -0.431573 1.19094
FixedParameters: 0 0 0

#Transform 147
Transform: AffineTransform_float_3_3
Parameters: 0.999904 -0.001601 -0.0137547 0.00187119 0.999805 0.0196785 0.0137201 -0.0197025 0.999712 -0.0831415 -0.504865 1.29764
FixedParameters: 0 0 0

#Transform 148
Transform: AffineTransform_float_3_3
Parameters: 0.999842 -0.000498317 -0.0177724 0.000883713 0.999763 0.0217176 0.0177574 -0.0217294 0.999607 -0.00481942 -0.602967 1.35297
FixedParameters: 0 0 0

#Transform 149
Transform: AffineTransform_float_3_3
Parameters: 0.999911 0.000582499 -0.0133736 -0.000277967 0.999742 0.0227065 0.0133828 -0.0227005 0.999653 -0.148473 -0.616371 1.31081
FixedParameters: 0 0 0

#Transform 150
Transform: AffineTransform_float_3_3
Parameters: 0.999981 -0.000361306 -0.00617447 0.000507501 0.999718 0.0237384 0.00616407 -0.0237415 0.999699 -0.258161 -0.651666 0.995439
FixedParameters: 0 0 0

#Transform 151
Transform: AffineTransform_float_3_3
Parameters: 0.999918 -0.00150498 -0.012764 0.00177046 0.999781 0.0208712 0.0127302 -0.0208928 0.9997 -0.121437 -0.595556 1.07046
FixedParameters: 0 0 0
