# transform file /out/sourcedata/freesurfer/sub-v2s3x28828_ses-1/mri/transforms/cc_up.lta
# created by oesteban on Fri Mar 13 04:11:36 2026

type      = 0 # LINEAR_VOX_TO_VOX
nxforms   = 1
mean      = 129.0000 124.0000 118.0000
sigma     = 10000.0000
1 4 4
9.993416070938110e-01 3.508688136935234e-02 9.242855012416840e-03 -5.573445796966553e+00 
-3.508538007736206e-02 9.993842840194702e-01 -3.245027037337422e-04 2.962610435485840e+01 
-9.248549118638039e-03 -2.910383392618066e-11 9.999573230743408e-01 1.619790267944336e+01 
0.000000000000000e+00 0.000000000000000e+00 0.000000000000000e+00 1.000000000000000e+00 
src volume info
valid = 1  # volume info valid
filename = /out/sourcedata/freesurfer/sub-v2s3x28828_ses-1/mri/norm.mgz
volume = 256 256 256
voxelsize = 1.000000000000000e+00 1.000000000000000e+00 1.000000000000000e+00
xras   = -1.000000000000000e+00 0.000000000000000e+00 0.000000000000000e+00
yras   = 0.000000000000000e+00 0.000000000000000e+00 -1.000000000000000e+00
zras   = 0.000000000000000e+00 1.000000000000000e+00 0.000000000000000e+00
cras   = -1.222007751464844e+00 3.983416748046875e+01 -8.122741699218750e+00
dst volume info
valid = 1  # volume info valid
filename = /out/sourcedata/freesurfer/sub-v2s3x28828_ses-1/mri/norm.mgz
volume = 256 256 256
voxelsize = 1.000000000000000e+00 1.000000000000000e+00 1.000000000000000e+00
xras   = -1.000000000000000e+00 0.000000000000000e+00 0.000000000000000e+00
yras   = 0.000000000000000e+00 0.000000000000000e+00 -1.000000000000000e+00
zras   = 0.000000000000000e+00 1.000000000000000e+00 0.000000000000000e+00
cras   = -1.222007751464844e+00 3.983416748046875e+01 -8.122741699218750e+00
