#Insight Transform File V1.0
#Transform 0
Transform: AffineTransform_float_3_3
Parameters: 0.999998 0.000112954 -0.0019948 -0.000104169 0.999991 0.00420411 0.0019953 -0.00420389 0.999989 -0.0359006 0.184312 0.311088
FixedParameters: 0 0 0

#Transform 1
Transform: AffineTransform_float_3_3
Parameters: 0.999999 0.000104727 -0.00185004 -9.72186e-05 0.999991 0.00418813 0.00185046 -0.00418786 0.999989 -0.00320163 -0.0288616 -0.00410539
FixedParameters: 0 0 0

#Transform 2
Transform: AffineTransform_float_3_3
Parameters: 0.999999 0.000252937 -0.000928605 -0.000250951 0.999997 0.00211718 0.000928568 -0.00211682 0.999998 -0.0261196 0.0830752 -0.0474326
FixedParameters: 0 0 0

#Transform 3
Transform: AffineTransform_float_3_3
Parameters: 1 -0.000426063 -0.000135205 0.000427028 0.999992 0.00397794 0.000133809 -0.00397806 0.999992 -0.0569261 -0.0133656 -0.0391006
FixedParameters: 0 0 0

#Transform 4
Transform: AffineTransform_float_3_3
Parameters: 1 -0.00106377 0.00025058 0.00106259 0.999992 0.00390027 -0.000254826 -0.00389973 0.999993 -0.0528566 0.0271607 -0.045257
FixedParameters: 0 0 0

#Transform 5
Transform: AffineTransform_float_3_3
Parameters: 1 -0.00106891 0.000350732 0.00106787 0.999996 0.00267638 -0.000353402 -0.00267562 0.999997 -0.0346479 0.0688671 0.0388933
FixedParameters: 0 0 0

#Transform 6
Transform: AffineTransform_float_3_3
Parameters: 0.999999 -0.00112623 0.00139115 0.00112261 0.999996 0.00267752 -0.00139397 -0.00267548 0.999996 -0.044775 0.0294543 0.0773601
FixedParameters: 0 0 0

#Transform 7
Transform: AffineTransform_float_3_3
Parameters: 0.999996 -0.00141515 0.00243739 0.00141005 0.999996 0.0022533 -0.00244144 -0.0022497 0.999995 -0.0864966 0.072497 0.0904135
FixedParameters: 0 0 0

#Transform 8
Transform: AffineTransform_float_3_3
Parameters: 0.999996 -0.0011758 0.00228873 0.00117014 0.999995 0.00272859 -0.00229177 -0.00272541 0.999993 -0.0820749 0.0122289 0.0598265
FixedParameters: 0 0 0

#Transform 9
Transform: AffineTransform_float_3_3
Parameters: 0.999993 -0.00213342 0.00290578 0.00212775 0.999997 0.00180011 -0.00290918 -0.00179389 0.999994 -0.0945495 0.0274104 0.0240723
FixedParameters: 0 0 0

#Transform 10
Transform: AffineTransform_float_3_3
Parameters: 0.999995 -0.0012681 0.00289554 0.00126552 0.999999 0.000954468 -0.0028968 -0.000950532 0.999996 -0.0607395 0.0269994 0.0298007
FixedParameters: 0 0 0

#Transform 11
Transform: AffineTransform_float_3_3
Parameters: 0.999993 -0.00084762 0.00365556 0.00084141 0.999999 0.00166278 -0.00365706 -0.00166022 0.999992 -0.0414111 -0.0456879 -0.0464402
FixedParameters: 0 0 0

#Transform 12
Transform: AffineTransform_float_3_3
Parameters: 0.999997 -0.00107027 0.00209557 0.00106515 0.999996 0.00238914 -0.00209841 -0.00238686 0.999995 -0.0319654 0.0190393 0.0654101
FixedParameters: 0 0 0

#Transform 13
Transform: AffineTransform_float_3_3
Parameters: 0.999998 -0.00102287 0.00125071 0.0010209 0.999999 0.00154128 -0.00125176 -0.00153972 0.999998 -0.012704 0.0242847 0.138325
FixedParameters: 0 0 0

#Transform 14
Transform: AffineTransform_float_3_3
Parameters: 0.999998 -0.000322784 0.00199855 0.000320326 0.999999 0.00136454 -0.00199927 -0.00136346 0.999997 -0.0125931 0.0692997 0.073329
FixedParameters: 0 0 0

#Transform 15
Transform: AffineTransform_float_3_3
Parameters: 1 -0.000433982 0.000205388 0.000432728 0.999996 0.00279509 -0.000205813 -0.00279491 0.999996 0.0368224 0.0410694 0.266078
FixedParameters: 0 0 0

#Transform 16
Transform: AffineTransform_float_3_3
Parameters: 0.999999 -0.000469953 0.000880024 0.00046846 0.999999 0.00138641 -0.000880274 -0.00138559 0.999998 -0.0200434 0.0771103 0.104316
FixedParameters: 0 0 0

#Transform 17
Transform: AffineTransform_float_3_3
Parameters: 1 0.000970788 -0.000274264 -0.000970613 0.999999 0.000319266 0.000274883 -0.000318733 1 -0.0205028 0.0763508 0.139103
FixedParameters: 0 0 0

#Transform 18
Transform: AffineTransform_float_3_3
Parameters: 0.999999 0.000199239 0.000804124 -0.000201196 0.999997 0.00245984 -0.000803034 -0.00246016 0.999996 -0.0217663 -0.0248041 0.0500519
FixedParameters: 0 0 0

#Transform 19
Transform: AffineTransform_float_3_3
Parameters: 0.999999 0.000755338 0.000408734 -0.000754965 1 0.000828744 -0.000408429 -0.000829256 0.999999 0.00316921 0.0682626 0.116652
FixedParameters: 0 0 0

#Transform 20
Transform: AffineTransform_float_3_3
Parameters: 0.999999 0.000741209 -0.000431901 -0.000740073 0.999999 0.00125332 0.000432758 -0.00125268 0.999999 0.0195601 0.0190771 0.0139552
FixedParameters: 0 0 0

#Transform 21
Transform: AffineTransform_float_3_3
Parameters: 1 -0.000767003 0.000746938 0.000768223 0.999998 -0.00145142 -0.00074576 0.00145157 0.999998 -0.028789 0.0706162 -0.129766
FixedParameters: 0 0 0

#Transform 22
Transform: AffineTransform_float_3_3
Parameters: 1 -0.000723095 0.00074823 0.000723201 0.999999 -7.04589e-05 -0.000748127 7.1541e-05 0.999999 -0.00917328 -0.0399978 -0.160005
FixedParameters: 0 0 0

#Transform 23
Transform: AffineTransform_float_3_3
Parameters: 0.999998 -0.00169653 0.00161565 0.0016991 0.999997 -0.00138125 -0.00161306 0.00138375 0.999997 -0.0308487 0.0368039 -0.224143
FixedParameters: 0 0 0

#Transform 24
Transform: AffineTransform_float_3_3
Parameters: 0.999999 -0.00134805 0.000821759 0.00134859 0.999998 -0.00090789 -0.00082036 0.00090911 0.999999 0.00517817 0.0924715 -0.13686
FixedParameters: 0 0 0

#Transform 25
Transform: AffineTransform_float_3_3
Parameters: 0.999998 -0.00135718 0.0010081 0.00135798 0.999998 -0.00133857 -0.00100656 0.00133943 0.999998 0.0314096 -0.00485156 -0.137413
FixedParameters: 0 0 0

#Transform 26
Transform: AffineTransform_float_3_3
Parameters: 0.999999 -0.00146737 0.000490192 0.00146777 0.999997 -0.00230223 -0.000486533 0.00230377 0.999997 0.0605981 0.035589 -0.20143
FixedParameters: 0 0 0

#Transform 27
Transform: AffineTransform_float_3_3
Parameters: 0.999998 -0.00122477 -0.00161237 0.00122067 0.999996 -0.00225103 0.00161504 0.00224897 0.999996 0.0722654 -0.00284332 -0.291725
FixedParameters: 0 0 0

#Transform 28
Transform: AffineTransform_float_3_3
Parameters: 0.999999 -0.00146051 -0.000307933 0.00146006 0.999996 -0.0026634 0.000311768 0.0026626 0.999997 0.0294961 0.0835121 -0.0613754
FixedParameters: 0 0 0

#Transform 29
Transform: AffineTransform_float_3_3
Parameters: 0.999999 -0.0011179 0.000564311 0.00111912 0.999997 -0.00187937 -0.000562156 0.00187963 0.999998 0.00215185 0.0553292 0.0125259
FixedParameters: 0 0 0

#Transform 30
Transform: AffineTransform_float_3_3
Parameters: 0.999999 -0.00125481 0.00090918 0.00125478 0.999999 -0.000501857 -0.00090897 0.000503144 1 -0.0182179 0.0223383 -0.0913697
FixedParameters: 0 0 0

#Transform 31
Transform: AffineTransform_float_3_3
Parameters: 0.999998 -0.00149859 0.000805341 0.00149969 0.999997 -0.00183274 -0.000802944 0.00183426 0.999998 -0.0195644 0.0218041 -0.115088
FixedParameters: 0 0 0

#Transform 32
Transform: AffineTransform_float_3_3
Parameters: 0.999998 -0.00105265 0.00159971 0.0010624 0.999983 -0.00576836 -0.00159397 0.00576964 0.999982 -0.00764735 -0.0288659 -0.0654992
FixedParameters: 0 0 0

#Transform 33
Transform: AffineTransform_float_3_3
Parameters: 0.999997 -0.00130206 0.00195121 0.0013095 0.999991 -0.00389056 -0.00194646 0.00389345 0.999991 -0.0214557 0.0145896 -0.140996
FixedParameters: 0 0 0

#Transform 34
Transform: AffineTransform_float_3_3
Parameters: 0.999997 -0.00144483 0.00221968 0.00145222 0.999994 -0.00319488 -0.00221478 0.00319812 0.999993 -0.013451 -0.0415747 -0.161293
FixedParameters: 0 0 0

#Transform 35
Transform: AffineTransform_float_3_3
Parameters: 0.999996 -0.0016849 0.00223935 0.0016909 0.999994 -0.00284332 -0.00223511 0.00284668 0.999994 -0.0336452 0.00368147 -0.206117
FixedParameters: 0 0 0

#Transform 36
Transform: AffineTransform_float_3_3
Parameters: 0.999995 -0.00216281 0.00227275 0.00217154 0.99999 -0.00382412 -0.00226362 0.00382887 0.99999 -0.0315106 0.00860059 -0.131177
FixedParameters: 0 0 0

#Transform 37
Transform: AffineTransform_float_3_3
Parameters: 0.999995 -0.00185346 0.00264213 0.00186379 0.999991 -0.00378719 -0.00263455 0.00379281 0.999989 -0.00291115 0.0160622 -0.264795
FixedParameters: 0 0 0

#Transform 38
Transform: AffineTransform_float_3_3
Parameters: 0.999998 -0.00166838 0.000959396 0.00167231 0.999991 -0.00395334 -0.000953387 0.00395465 0.999991 0.0448288 -0.0120328 -0.201228
FixedParameters: 0 0 0

#Transform 39
Transform: AffineTransform_float_3_3
Parameters: 0.999997 -0.00179419 0.00165196 0.0018012 0.999988 -0.00444103 -0.00164339 0.00444397 0.999988 -0.0126944 0.0338438 -0.323514
FixedParameters: 0 0 0

#Transform 40
Transform: AffineTransform_float_3_3
Parameters: 0.999997 -0.00171133 0.00182549 0.00171717 0.999992 -0.00343192 -0.00182008 0.00343508 0.999993 -0.0125854 -0.0507904 -0.384889
FixedParameters: 0 0 0

#Transform 41
Transform: AffineTransform_float_3_3
Parameters: 0.999997 -0.00171011 0.00178064 0.00171473 0.999995 -0.00290695 -0.00177599 0.00291006 0.999994 -0.0452945 -0.0994556 -0.482965
FixedParameters: 0 0 0

#Transform 42
Transform: AffineTransform_float_3_3
Parameters: 0.999997 -0.00180297 0.00171082 0.00180684 0.999996 -0.00223791 -0.00170694 0.00224109 0.999996 -0.0270428 -0.019222 -0.418918
FixedParameters: 0 0 0

#Transform 43
Transform: AffineTransform_float_3_3
Parameters: 0.999997 -0.00171205 0.00176935 0.00171474 0.999998 -0.00156096 -0.00176715 0.00156404 0.999997 -0.00777144 -0.128114 -0.436084
FixedParameters: 0 0 0

#Transform 44
Transform: AffineTransform_float_3_3
Parameters: 0.999997 -0.00193922 0.00100914 0.00194332 0.999991 -0.00384199 -0.00100142 0.00384401 0.999992 -0.0128053 -0.0439958 -0.490245
FixedParameters: 0 0 0

#Transform 45
Transform: AffineTransform_float_3_3
Parameters: 0.999997 -0.00182046 0.00120921 0.00182479 0.999993 -0.00331874 -0.00120331 0.00332125 0.999993 0.00539682 -0.130065 -0.456362
FixedParameters: 0 0 0

#Transform 46
Transform: AffineTransform_float_3_3
Parameters: 0.999995 -0.00188946 0.00228811 0.0018979 0.999993 -0.00330571 -0.00228194 0.00330929 0.999992 -0.0162988 0.0378526 -0.579154
FixedParameters: 0 0 0

#Transform 47
Transform: AffineTransform_float_3_3
Parameters: 0.999986 -0.000719489 0.00523264 0.000765904 0.999961 -0.00880785 -0.00522595 0.00881216 0.999948 -0.0182559 0.0288762 -0.955125
FixedParameters: 0 0 0

#Transform 48
Transform: AffineTransform_float_3_3
Parameters: 0.999995 -0.000855328 0.00279629 0.000887284 0.999935 -0.0113608 -0.00278716 0.0113632 0.999932 0.0347616 -0.0602396 -0.924157
FixedParameters: 0 0 0

#Transform 49
Transform: AffineTransform_float_3_3
Parameters: 0.999979 -0.000658138 0.00648246 0.000747814 0.999904 -0.0138365 -0.00647271 0.0138405 0.999883 0.0094866 0.0327736 -1.03584
FixedParameters: 0 0 0

#Transform 50
Transform: AffineTransform_float_3_3
Parameters: 0.999977 -0.0012544 0.0065791 0.00134192 0.99991 -0.0133665 -0.00656202 0.0133745 0.999889 -0.00766119 -0.0430237 -1.19546
FixedParameters: 0 0 0

#Transform 51
Transform: AffineTransform_float_3_3
Parameters: 0.999975 -0.00128009 0.00692964 0.00136105 0.999931 -0.0116441 -0.0069141 0.0116539 0.999908 -0.011438 0.0740135 -1.23957
FixedParameters: 0 0 0

#Transform 52
Transform: AffineTransform_float_3_3
Parameters: 0.999966 -0.000932426 0.00825271 0.00101157 0.999953 -0.0096208 -0.00824318 0.0096282 0.99992 0.00255932 -0.0639202 -1.21143
FixedParameters: 0 0 0

#Transform 53
Transform: AffineTransform_float_3_3
Parameters: 0.999975 -0.0012847 0.00704374 0.00135356 0.999951 -0.00981595 -0.00703148 0.00982605 0.999927 0.00366443 0.0195109 -1.04859
FixedParameters: 0 0 0

#Transform 54
Transform: AffineTransform_float_3_3
Parameters: 0.999977 -0.00100798 0.0066013 0.00106536 0.999961 -0.0087113 -0.00659226 0.0087187 0.99994 -0.0112083 -0.0220037 -1.05532
FixedParameters: 0 0 0

#Transform 55
Transform: AffineTransform_float_3_3
Parameters: 0.999979 -0.000942496 0.00642347 0.00100305 0.999955 -0.00943379 -0.00641429 0.00944021 0.999934 -0.0292427 -0.0333555 -0.92197
FixedParameters: 0 0 0

#Transform 56
Transform: AffineTransform_float_3_3
Parameters: 0.999975 -0.000645835 0.00707014 0.000698773 0.999972 -0.00747955 -0.00706485 0.00748445 0.999947 -0.0071632 -0.0658312 -0.908493
FixedParameters: 0 0 0

#Transform 57
Transform: AffineTransform_float_3_3
Parameters: 0.999981 -0.000982943 0.00617948 0.00100538 0.999993 -0.00366384 -0.00617539 0.00367016 0.999974 0.0233266 -0.0943555 -0.864651
FixedParameters: 0 0 0

#Transform 58
Transform: AffineTransform_float_3_3
Parameters: 0.999979 -0.00170261 0.00624206 0.00170929 0.999998 -0.00116533 -0.00623948 0.00117668 0.99998 -0.00142481 -0.0917462 -0.863918
FixedParameters: 0 0 0

#Transform 59
Transform: AffineTransform_float_3_3
Parameters: 0.999985 -0.0010087 0.00540306 0.00103337 0.999988 -0.00467026 -0.00539787 0.00467574 0.999975 -0.00898172 -0.00325703 -0.618068
FixedParameters: 0 0 0

#Transform 60
Transform: AffineTransform_float_3_3
Parameters: 0.999993 -0.00049689 0.00386253 0.00051267 0.999991 -0.00410446 -0.00386022 0.00410653 0.999984 0.0332967 -0.0802389 -0.504023
FixedParameters: 0 0 0

#Transform 61
Transform: AffineTransform_float_3_3
Parameters: 0.999985 -0.000571856 0.00557842 0.000621425 0.99996 -0.00890645 -0.00557341 0.00890955 0.999944 0.0330935 -0.0099917 -0.793596
FixedParameters: 0 0 0

#Transform 62
Transform: AffineTransform_float_3_3
Parameters: 0.999976 -0.000832384 0.00690578 0.000886473 0.99997 -0.00780632 -0.00689918 0.00781169 0.999946 0.039791 -0.0129035 -0.868163
FixedParameters: 0 0 0

#Transform 63
Transform: AffineTransform_float_3_3
Parameters: 0.999977 -0.00101716 0.00679165 0.00106225 0.999978 -0.00668114 -0.00678515 0.00668788 0.999955 0.0374226 -0.0517259 -0.891607
FixedParameters: 0 0 0

#Transform 64
Transform: AffineTransform_float_3_3
Parameters: 0.999975 -0.00158356 0.00690239 0.00162682 0.999979 -0.00628511 -0.00689249 0.0062959 0.999956 0.0295832 -0.0529802 -0.840788
FixedParameters: 0 0 0

#Transform 65
Transform: AffineTransform_float_3_3
Parameters: 0.999976 -0.00164606 0.00683578 0.00168548 0.999982 -0.0057768 -0.0068256 0.00578821 0.99996 0.0254734 -0.0261991 -0.837171
FixedParameters: 0 0 0

#Transform 66
Transform: AffineTransform_float_3_3
Parameters: 0.999975 -0.00185736 0.00690552 0.0018911 0.999987 -0.00479924 -0.00689622 0.00481276 0.999965 0.0211399 -0.0826226 -0.821654
FixedParameters: 0 0 0

#Transform 67
Transform: AffineTransform_float_3_3
Parameters: 0.999979 -0.00242554 0.00591888 0.00245206 0.999987 -0.00456038 -0.00590705 0.00457462 0.999972 -0.0631453 -0.104306 -1.12085
FixedParameters: 0 0 0

#Transform 68
Transform: AffineTransform_float_3_3
Parameters: 0.999975 -0.00253353 0.00657609 0.00253862 0.999997 -0.000754329 -0.00657348 0.00077067 0.999978 -0.0682211 -0.19601 -0.814762
FixedParameters: 0 0 0

#Transform 69
Transform: AffineTransform_float_3_3
Parameters: 0.999967 -0.00292562 0.00764273 0.00293518 0.999995 -0.00132297 -0.00763849 0.00134504 0.99997 -0.0705438 -0.123365 -0.907039
FixedParameters: 0 0 0

#Transform 70
Transform: AffineTransform_float_3_3
Parameters: 0.999973 -0.00300642 0.00669465 0.00302614 0.999991 -0.00292482 -0.00668598 0.00294519 0.999974 -0.0599028 -0.17603 -0.974347
FixedParameters: 0 0 0

#Transform 71
Transform: AffineTransform_float_3_3
Parameters: 0.999991 -0.00332979 0.00257684 0.00332911 0.999994 0.000136657 -0.00257772 -0.000128341 0.999997 -0.0415989 0.00891793 -0.570817
FixedParameters: 0 0 0

#Transform 72
Transform: AffineTransform_float_3_3
Parameters: 0.99998 -0.00530325 0.00359668 0.00530656 0.999985 -0.000831615 -0.00359291 0.000850387 0.999993 -0.0931323 -0.217851 -0.570929
FixedParameters: 0 0 0

#Transform 73
Transform: AffineTransform_float_3_3
Parameters: 0.999961 -0.00565424 0.00678821 0.00565381 0.999984 5.09104e-05 -0.00678858 -1.30871e-05 0.999977 -0.080653 -0.232551 -0.752451
FixedParameters: 0 0 0

#Transform 74
Transform: AffineTransform_float_3_3
Parameters: 0.999962 -0.00483064 0.00723503 0.00484153 0.999987 -0.00153888 -0.0072276 0.00157313 0.999972 -0.0881852 -0.146152 -0.845289
FixedParameters: 0 0 0

#Transform 75
Transform: AffineTransform_float_3_3
Parameters: 0.999965 -0.00387052 0.00731821 0.00390324 0.999982 -0.00448867 -0.00730097 0.00451733 0.999963 -0.087103 -0.230404 -0.912963
FixedParameters: 0 0 0

#Transform 76
Transform: AffineTransform_float_3_3
Parameters: 0.999968 -0.00333194 0.00727096 0.00339877 0.999953 -0.00917073 -0.00724067 0.00919528 0.999932 -0.105257 -0.0818417 -1.0731
FixedParameters: 0 0 0

#Transform 77
Transform: AffineTransform_float_3_3
Parameters: 0.999978 -0.00381349 0.00541283 0.0038425 0.999979 -0.00535574 -0.00539229 0.00537627 0.999971 -0.0489982 -0.200919 -0.982939
FixedParameters: 0 0 0

#Transform 78
Transform: AffineTransform_float_3_3
Parameters: 0.999978 -0.00370724 0.0053625 0.00373139 0.999984 -0.0044095 -0.00534586 0.0044295 0.999976 -0.0463366 -0.296619 -1.01357
FixedParameters: 0 0 0

#Transform 79
Transform: AffineTransform_float_3_3
Parameters: 0.999977 -0.00413382 0.00524143 0.00416589 0.999973 -0.00608661 -0.00521652 0.00610839 0.999967 -0.103481 -0.0591178 -1.1335
FixedParameters: 0 0 0

#Transform 80
Transform: AffineTransform_float_3_3
Parameters: 0.999985 -0.00374999 0.00393951 0.00376963 0.99998 -0.00516729 -0.00391972 0.00518171 0.999979 -0.0552126 -0.202077 -1.41256
FixedParameters: 0 0 0

#Transform 81
Transform: AffineTransform_float_3_3
Parameters: 0.999975 -0.00387273 0.00599779 0.00392108 0.999959 -0.00815932 -0.00596573 0.0081827 0.999949 -0.0638929 -0.142312 -1.26441
FixedParameters: 0 0 0

#Transform 82
Transform: AffineTransform_float_3_3
Parameters: 0.999986 -0.00354266 0.00391806 0.00357564 0.999959 -0.00837923 -0.0038881 0.00839278 0.999958 -0.0964315 -0.215228 -1.4656
FixedParameters: 0 0 0

#Transform 83
Transform: AffineTransform_float_3_3
Parameters: 0.999984 -0.00303513 0.00476788 0.00308175 0.999948 -0.00968484 -0.00473801 0.00970015 0.999942 -0.0558136 -0.109359 -1.5327
FixedParameters: 0 0 0

#Transform 84
Transform: AffineTransform_float_3_3
Parameters: 0.99999 -0.00304032 0.0032187 0.0030667 0.999962 -0.00811629 -0.00319448 0.00812572 0.999962 -0.0190585 -0.219047 -1.60617
FixedParameters: 0 0 0

#Transform 85
Transform: AffineTransform_float_3_3
Parameters: 0.999989 -0.00302016 0.00361999 0.00305744 0.999943 -0.0102192 -0.0035888 0.0102298 0.999941 -0.0227197 -0.119486 -1.64643
FixedParameters: 0 0 0

#Transform 86
Transform: AffineTransform_float_3_3
Parameters: 0.999986 -0.00313446 0.00410664 0.00317056 0.999956 -0.00887427 -0.0040786 0.00888673 0.999952 -0.0120293 -0.220508 -1.72276
FixedParameters: 0 0 0

#Transform 87
Transform: AffineTransform_float_3_3
Parameters: 0.999986 -0.00314944 0.00442043 0.00318651 0.999958 -0.00858231 -0.00439306 0.00859668 0.999953 -0.0151412 -0.154484 -1.68263
FixedParameters: 0 0 0

#Transform 88
Transform: AffineTransform_float_3_3
Parameters: 0.999987 -0.00313883 0.0041632 0.00317322 0.99996 -0.00843113 -0.00413684 0.00844388 0.999956 -0.0124423 -0.193994 -1.66772
FixedParameters: 0 0 0

#Transform 89
Transform: AffineTransform_float_3_3
Parameters: 0.999968 -0.00419431 0.00681597 0.0042528 0.999954 -0.0085671 -0.00677957 0.00859589 0.99994 -0.0972317 -0.150142 -1.36897
FixedParameters: 0 0 0

#Transform 90
Transform: AffineTransform_float_3_3
Parameters: 0.999982 -0.00405339 0.00442191 0.00412134 0.999871 -0.0155612 -0.0043583 0.0155788 0.999869 -0.0596162 -0.24781 -1.30563
FixedParameters: 0 0 0

#Transform 91
Transform: AffineTransform_float_3_3
Parameters: 0.999979 -0.00297494 0.00585907 0.00304765 0.999918 -0.0124751 -0.00582175 0.0124929 0.999905 -0.0336234 -0.25062 -1.36238
FixedParameters: 0 0 0

#Transform 92
Transform: AffineTransform_float_3_3
Parameters: 0.99998 -0.00342898 0.00534553 0.00349096 0.999928 -0.0115331 -0.0053059 0.011552 0.999919 -0.00443623 -0.232898 -1.62683
FixedParameters: 0 0 0

#Transform 93
Transform: AffineTransform_float_3_3
Parameters: 0.999982 -0.00273498 0.00526204 0.00278692 0.999946 -0.0100491 -0.00523435 0.010063 0.999936 0.00945207 -0.194767 -1.66551
FixedParameters: 0 0 0

#Transform 94
Transform: AffineTransform_float_3_3
Parameters: 0.999977 -0.00289331 0.00622717 0.00294814 0.999956 -0.0088857 -0.00620116 0.00890431 0.999941 -0.00169674 -0.24177 -1.58467
FixedParameters: 0 0 0

#Transform 95
Transform: AffineTransform_float_3_3
Parameters: 0.999971 -0.00310592 0.00695667 0.0031449 0.999979 -0.00568033 -0.00693922 0.00570167 0.999959 -0.0786105 -0.248748 -1.24854
FixedParameters: 0 0 0

#Transform 96
Transform: AffineTransform_float_3_3
Parameters: 0.999953 -0.0033245 0.00909563 0.00341305 0.999947 -0.00972933 -0.00906264 0.00976067 0.999911 -0.0371335 -0.190871 -1.36781
FixedParameters: 0 0 0

#Transform 97
Transform: AffineTransform_float_3_3
Parameters: 0.999968 -0.00372906 0.00708427 0.003793 0.999952 -0.00905846 -0.00705044 0.00908556 0.999934 -0.00897369 -0.212917 -1.48122
FixedParameters: 0 0 0

#Transform 98
Transform: AffineTransform_float_3_3
Parameters: 0.99998 -0.00325709 0.00554833 0.00332359 0.999921 -0.0120664 -0.00550842 0.0120846 0.999912 -0.0229464 -0.113512 -1.6057
FixedParameters: 0 0 0

#Transform 99
Transform: AffineTransform_float_3_3
Parameters: 0.999977 -0.00339723 0.00596455 0.00347707 0.999903 -0.0134983 -0.00591797 0.0135187 0.999891 0.0348215 -0.238842 -1.76595
FixedParameters: 0 0 0

#Transform 100
Transform: AffineTransform_float_3_3
Parameters: 0.999998 -0.00173219 0.00117355 0.00174816 0.999899 -0.014067 -0.00114949 0.014069 0.999901 0.0992739 -0.0506758 -2.09833
FixedParameters: 0 0 0

#Transform 101
Transform: AffineTransform_float_3_3
Parameters: 0.999995 -0.00162163 0.00272271 0.00165772 0.99991 -0.0132707 -0.00270109 0.0132753 0.999908 0.132492 -0.107712 -1.69073
FixedParameters: 0 0 0

#Transform 102
Transform: AffineTransform_float_3_3
Parameters: 0.999992 -0.0026506 0.00297539 0.00269505 0.999883 -0.0151201 -0.00293494 0.0151279 0.999881 0.116333 -0.0305398 -1.83784
FixedParameters: 0 0 0

#Transform 103
Transform: AffineTransform_float_3_3
Parameters: 0.99999 -0.00296778 0.00340383 0.00301359 0.999902 -0.013693 -0.00336341 0.013703 0.9999 0.120661 -0.192639 -1.71958
FixedParameters: 0 0 0

#Transform 104
Transform: AffineTransform_float_3_3
Parameters: 0.999987 -0.00273333 0.00412917 0.00280402 0.99985 -0.0170769 -0.00408227 0.0170891 0.999846 0.0721934 -0.0847362 -1.69445
FixedParameters: 0 0 0

#Transform 105
Transform: AffineTransform_float_3_3
Parameters: 0.999993 -0.00214444 0.00286842 0.00218897 0.999874 -0.0157409 -0.00283461 0.0157471 0.999872 0.10821 -0.146311 -1.82553
FixedParameters: 0 0 0

#Transform 106
Transform: AffineTransform_float_3_3
Parameters: 0.999987 -0.00156975 0.00489592 0.00166053 0.999824 -0.0186747 -0.00486541 0.0186823 0.999814 0.144466 -0.0360268 -1.99062
FixedParameters: 0 0 0

#Transform 107
Transform: AffineTransform_float_3_3
Parameters: 0.999983 -0.00165597 0.00555975 0.00176485 0.999806 -0.0195973 -0.00552541 0.0196067 0.999793 0.11398 -0.0732366 -1.78149
FixedParameters: 0 0 0

#Transform 108
Transform: AffineTransform_float_3_3
Parameters: 0.999973 -0.00291467 0.00673227 0.00300604 0.999903 -0.0136471 -0.00669227 0.0136679 0.999884 0.0110325 -0.120004 -1.19609
FixedParameters: 0 0 0

#Transform 109
Transform: AffineTransform_float_3_3
Parameters: 0.999979 -0.00294184 0.00565931 0.00299522 0.99995 -0.00955187 -0.00563144 0.00956812 0.999938 0.0352397 -0.174398 -1.6467
FixedParameters: 0 0 0

#Transform 110
Transform: AffineTransform_float_3_3
Parameters: 0.999974 -0.00240915 0.00690094 0.00252473 0.999854 -0.0168941 -0.00685871 0.0169109 0.999833 0.0403066 -0.0364797 -1.42226
FixedParameters: 0 0 0

#Transform 111
Transform: AffineTransform_float_3_3
Parameters: 0.999986 -0.00212958 0.00497839 0.00222528 0.999811 -0.0193208 -0.00493629 0.0193313 0.999801 0.0276977 -0.204229 -1.38585
FixedParameters: 0 0 0

#Transform 112
Transform: AffineTransform_float_3_3
Parameters: 0.999979 -0.00299217 0.00582947 0.00310039 0.999822 -0.018641 -0.00577258 0.018659 0.99981 0.0303216 -0.152686 -1.43556
FixedParameters: 0 0 0

#Transform 113
Transform: AffineTransform_float_3_3
Parameters: 0.999979 -0.00332833 0.00560209 0.00342036 0.999859 -0.0164308 -0.00554598 0.0164492 0.99985 -0.00485377 -0.02314 -1.54511
FixedParameters: 0 0 0

#Transform 114
Transform: AffineTransform_float_3_3
Parameters: 0.999929 -0.0046289 0.0109945 0.00474022 0.999937 -0.0101383 -0.0109462 0.0101897 0.999888 -0.0540715 -0.135497 -1.61755
FixedParameters: 0 0 0

#Transform 115
Transform: AffineTransform_float_3_3
Parameters: 0.999977 -0.00347353 0.00583599 0.00356508 0.999868 -0.0158062 -0.00578056 0.0158268 0.999858 0.00833399 -0.113554 -1.1172
FixedParameters: 0 0 0

#Transform 116
Transform: AffineTransform_float_3_3
Parameters: 0.999987 -0.00372415 0.00354878 0.0038098 0.999691 -0.0245308 -0.00345653 0.0245442 0.999693 0.0455225 0.157884 -0.878037
FixedParameters: 0 0 0

#Transform 117
Transform: AffineTransform_float_3_3
Parameters: 0.999978 -0.00377654 0.00531688 0.00390268 0.999706 -0.0239402 -0.00522467 0.0239608 0.999699 0.0481976 -0.0409956 -1.17235
FixedParameters: 0 0 0

#Transform 118
Transform: AffineTransform_float_3_3
Parameters: 0.999979 -0.00404592 0.00492131 0.00414698 0.999778 -0.0206673 -0.00483627 0.0206867 0.999775 -0.02677 -0.0530528 -1.0692
FixedParameters: 0 0 0

#Transform 119
Transform: AffineTransform_float_3_3
Parameters: 0.999975 -0.00444609 0.00552153 0.00451905 0.999902 -0.0132717 -0.00546233 0.0132963 0.999897 -0.065483 -0.12099 -0.772828
FixedParameters: 0 0 0

#Transform 120
Transform: AffineTransform_float_3_3
Parameters: 0.999977 -0.00468592 0.00502521 0.00475558 0.999891 -0.0140355 -0.00495935 0.0140595 0.999889 -0.0621467 -0.11741 -1.00927
FixedParameters: 0 0 0

#Transform 121
Transform: AffineTransform_float_3_3
Parameters: 0.999986 -0.00417379 -0.00328158 0.00412385 0.999877 -0.0151486 0.00334377 0.0151344 0.99988 -0.0350496 0.0520711 -0.98509
FixedParameters: 0 0 0

#Transform 122
Transform: AffineTransform_float_3_3
Parameters: 0.999984 -0.000983828 -0.0056072 0.000916261 0.999927 -0.0120511 0.00561862 0.0120459 0.999912 0.11539 0.123951 -0.457925
FixedParameters: 0 0 0

#Transform 123
Transform: AffineTransform_float_3_3
Parameters: 0.999986 -0.00265641 -0.0046818 0.00259396 0.99991 -0.0131317 0.00471585 0.0131193 0.999902 0.0371481 0.409117 -0.977515
FixedParameters: 0 0 0

#Transform 124
Transform: AffineTransform_float_3_3
Parameters: 0.999973 -0.000907633 -0.00738787 0.000801783 0.999897 -0.0143147 0.00739986 0.0143083 0.99987 0.0202382 0.430231 -1.05457
FixedParameters: 0 0 0

#Transform 125
Transform: AffineTransform_float_3_3
Parameters: 0.999974 -0.000992086 -0.00717178 0.00085383 0.999814 -0.019246 0.00718951 0.019239 0.99979 0.0254905 0.391331 -1.02571
FixedParameters: 0 0 0

#Transform 126
Transform: AffineTransform_float_3_3
Parameters: 0.999964 -0.00192112 -0.00828988 0.00180491 0.999901 -0.0139611 0.00831588 0.0139459 0.999868 0.145304 0.378656 -0.602486
FixedParameters: 0 0 0

#Transform 127
Transform: AffineTransform_float_3_3
Parameters: 0.999959 -0.00235711 -0.00881398 0.00218822 0.999813 -0.0192119 0.00885814 0.0191921 0.999776 0.0717909 0.552593 -0.472911
FixedParameters: 0 0 0

#Transform 128
Transform: AffineTransform_float_3_3
Parameters: 0.999978 -0.00391867 -0.00539268 0.00374605 0.999494 -0.0315623 0.00551339 0.0315417 0.999488 0.0448606 0.635 -0.150391
FixedParameters: 0 0 0

#Transform 129
Transform: AffineTransform_float_3_3
Parameters: 0.999975 -0.000351952 -0.00716594 0.000181352 0.999715 -0.0238592 0.00717264 0.0238578 0.999689 0.118304 0.750564 -0.523626
FixedParameters: 0 0 0

#Transform 130
Transform: AffineTransform_float_3_3
Parameters: 0.999984 -0.00210179 -0.00515603 0.00199695 0.999792 -0.0203012 0.00519768 0.0202898 0.999781 0.038323 0.614204 -0.418172
FixedParameters: 0 0 0

#Transform 131
Transform: AffineTransform_float_3_3
Parameters: 0.999992 -0.00228023 -0.0034625 0.00221835 0.999836 -0.017954 0.0035035 0.017946 0.999833 -0.0312662 0.778139 -0.271729
FixedParameters: 0 0 0

#Transform 132
Transform: AffineTransform_float_3_3
Parameters: 0.999994 -0.00199996 -0.00280412 0.00195431 0.999867 -0.0162117 0.00283557 0.0162064 0.999865 -0.0385739 0.707794 -0.138993
FixedParameters: 0 0 0

#Transform 133
Transform: AffineTransform_float_3_3
Parameters: 0.999993 -0.00156703 -0.00337793 0.00152364 0.999919 -0.0126195 0.0033971 0.0126145 0.999915 0.00660304 0.608423 -0.346821
FixedParameters: 0 0 0

#Transform 134
Transform: AffineTransform_float_3_3
Parameters: 0.999987 -0.000290501 -0.00519797 0.00019583 0.999835 -0.018172 0.00520274 0.018171 0.999822 0.0516768 0.785529 -0.654754
FixedParameters: 0 0 0

#Transform 135
Transform: AffineTransform_float_3_3
Parameters: 0.999987 -0.00139518 -0.00502003 0.00132105 0.999891 -0.0147424 0.00503992 0.0147356 0.999879 0.0495968 0.685498 -0.592363
FixedParameters: 0 0 0

#Transform 136
Transform: AffineTransform_float_3_3
Parameters: 0.999996 -0.00120879 -0.00281652 0.00114931 0.999783 -0.0208215 0.00284164 0.0208185 0.99978 0.0327055 0.647857 -0.729787
FixedParameters: 0 0 0

#Transform 137
Transform: AffineTransform_float_3_3
Parameters: 0.999989 -0.00113931 -0.00458311 0.00105697 0.999841 -0.0177986 0.00460242 0.0177934 0.999831 0.0632339 0.645278 -0.667368
FixedParameters: 0 0 0

#Transform 138
Transform: AffineTransform_float_3_3
Parameters: 0.999989 -0.00112089 -0.00458863 0.00105706 0.999904 -0.0137905 0.00460294 0.0137855 0.999894 0.0569098 0.819535 -0.542204
FixedParameters: 0 0 0

#Transform 139
Transform: AffineTransform_float_3_3
Parameters: 0.999993 -0.000556903 -0.00355621 0.000502909 0.999886 -0.0150972 0.003564 0.0150958 0.99988 0.0511893 0.805737 -0.53946
FixedParameters: 0 0 0

#Transform 140
Transform: AffineTransform_float_3_3
Parameters: 0.999989 -0.000759064 -0.0046585 0.000688762 0.999886 -0.0151159 0.00466906 0.0151131 0.999875 0.0807221 0.726943 -0.641596
FixedParameters: 0 0 0

#Transform 141
Transform: AffineTransform_float_3_3
Parameters: 0.999998 -0.00190064 -0.000525267 0.00188961 0.999814 -0.0192179 0.000562581 0.0192171 0.999815 0.0348165 0.96351 -0.745937
FixedParameters: 0 0 0

#Transform 142
Transform: AffineTransform_float_3_3
Parameters: 0.999998 -0.00188057 -0.0012058 0.00185423 0.99977 -0.0213932 0.00124602 0.0213908 0.99977 0.00515338 0.724688 -0.63071
FixedParameters: 0 0 0

#Transform 143
Transform: AffineTransform_float_3_3
Parameters: 0.999998 -0.00187604 -0.00136131 0.00184541 0.999765 -0.0216155 0.00140223 0.0216125 0.999765 0.0430006 0.809886 -0.72039
FixedParameters: 0 0 0

#Transform 144
Transform: AffineTransform_float_3_3
Parameters: 0.999991 -8.58224e-05 -0.00438607 -4.48495e-05 0.999558 -0.0297366 0.0043861 0.0297364 0.999548 0.0846639 0.688886 0.135177
FixedParameters: 0 0 0

#Transform 145
Transform: AffineTransform_float_3_3
Parameters: 0.999988 -0.00180676 -0.00450197 0.00167209 0.999555 -0.0297673 0.00455352 0.0297597 0.999547 0.0528822 0.942086 0.0601101
FixedParameters: 0 0 0

#Transform 146
Transform: AffineTransform_float_3_3
Parameters: 0.999988 -0.0016007 -0.00459449 0.00149073 0.999714 -0.0238546 0.00463095 0.0238474 0.999705 0.063772 0.97032 -0.0212713
FixedParameters: 0 0 0

#Transform 147
Transform: AffineTransform_float_3_3
Parameters: 0.999986 -0.00146966 -0.00495284 0.00134798 0.999699 -0.0245125 0.00498724 0.0245054 0.999687 0.0693344 1.04258 0.0520878
FixedParameters: 0 0 0

#Transform 148
Transform: AffineTransform_float_3_3
Parameters: 0.99999 -0.00110165 -0.00417494 0.00098769 0.999628 -0.0272778 0.0042039 0.0272732 0.99962 0.00657646 1.09693 -0.240596
FixedParameters: 0 0 0

#Transform 149
Transform: AffineTransform_float_3_3
Parameters: 0.999993 -0.00188711 -0.00300992 0.00181149 0.999688 -0.0249148 0.00305596 0.0249092 0.999685 -0.035497 1.06915 -0.328642
FixedParameters: 0 0 0

#Transform 150
Transform: AffineTransform_float_3_3
Parameters: 0.999985 -0.00192533 -0.0051703 0.00181456 0.999772 -0.0212953 0.00520965 0.0212857 0.99976 -0.0248167 1.03815 -0.687836
FixedParameters: 0 0 0

#Transform 151
Transform: AffineTransform_float_3_3
Parameters: 0.999954 -0.0029283 -0.00905993 0.0028775 0.99998 -0.00556718 0.00907577 0.00554081 0.999943 0.00460237 1.22503 -0.544717
FixedParameters: 0 0 0
