# transform file /out/sourcedata/freesurfer/sub-v2s3x28846_ses-1/mri/transforms/cc_up.lta
# created by oesteban on Fri Mar 13 05:06:58 2026

type      = 0 # LINEAR_VOX_TO_VOX
nxforms   = 1
mean      = 125.0000 118.0000 115.0000
sigma     = 10000.0000
1 4 4
9.877893328666687e-01 1.557218581438065e-01 -4.784345161169767e-03 -1.354746437072754e+01 
-1.557200402021408e-01 9.878008961677551e-01 7.542280945926905e-04 4.892163848876953e+01 
4.843430593609810e-03 -5.820766091346741e-11 9.999882578849792e-01 1.238585853576660e+01 
0.000000000000000e+00 0.000000000000000e+00 0.000000000000000e+00 1.000000000000000e+00 
src volume info
valid = 1  # volume info valid
filename = /out/sourcedata/freesurfer/sub-v2s3x28846_ses-1/mri/norm.mgz
volume = 256 256 256
voxelsize = 1.000000000000000e+00 1.000000000000000e+00 1.000000000000000e+00
xras   = -1.000000000000000e+00 0.000000000000000e+00 0.000000000000000e+00
yras   = 0.000000000000000e+00 0.000000000000000e+00 -1.000000000000000e+00
zras   = 0.000000000000000e+00 1.000000000000000e+00 0.000000000000000e+00
cras   = -9.774063110351562e+00 4.234747314453125e+01 -6.263183593750000e+00
dst volume info
valid = 1  # volume info valid
filename = /out/sourcedata/freesurfer/sub-v2s3x28846_ses-1/mri/norm.mgz
volume = 256 256 256
voxelsize = 1.000000000000000e+00 1.000000000000000e+00 1.000000000000000e+00
xras   = -1.000000000000000e+00 0.000000000000000e+00 0.000000000000000e+00
yras   = 0.000000000000000e+00 0.000000000000000e+00 -1.000000000000000e+00
zras   = 0.000000000000000e+00 1.000000000000000e+00 0.000000000000000e+00
cras   = -9.774063110351562e+00 4.234747314453125e+01 -6.263183593750000e+00
