#Insight Transform File V1.0
#Transform 0
Transform: AffineTransform_float_3_3
Parameters: 0.999999 -0.000472063 0.000831772 0.000470369 0.999998 0.00217239 -0.000832675 -0.00217161 0.999998 0.0310599 -0.0343127 -0.215813
FixedParameters: 0 0 0

#Transform 1
Transform: AffineTransform_float_3_3
Parameters: 0.999997 -0.00188801 0.0010838 0.00188801 0.999998 0.000462131 -0.00108547 -0.000459868 0.999999 0.0347581 -0.0441769 -0.138479
FixedParameters: 0 0 0

#Transform 2
Transform: AffineTransform_float_3_3
Parameters: 0.999998 -0.00145656 0.00123761 0.0014547 0.999998 0.00149481 -0.00123982 -0.00149319 0.999998 0.000924251 -0.00997453 -0.0713814
FixedParameters: 0 0 0

#Transform 3
Transform: AffineTransform_float_3_3
Parameters: 0.999999 -0.00102732 0.000765048 0.00102538 0.999998 0.00182679 -0.000766729 -0.00182621 0.999998 0.0139837 -0.0298937 -0.0403385
FixedParameters: 0 0 0

#Transform 4
Transform: AffineTransform_float_3_3
Parameters: 0.999997 -0.00152628 -0.00218913 0.00153253 0.999995 0.00264957 0.00218564 -0.00265344 0.999994 0.0104008 -0.0386634 -0.0194755
FixedParameters: 0 0 0

#Transform 5
Transform: AffineTransform_float_3_3
Parameters: 0.999999 -0.00117252 -0.00137543 0.00117665 0.999994 0.00303537 0.001371 -0.00303662 0.999994 0.0320321 -0.0394021 -0.171067
FixedParameters: 0 0 0

#Transform 6
Transform: AffineTransform_float_3_3
Parameters: 0.999999 -0.00145062 -0.000599894 0.00145138 0.999998 0.000699203 0.00059886 -0.000700796 0.999999 0.0364545 -0.0497535 -0.183022
FixedParameters: 0 0 0

#Transform 7
Transform: AffineTransform_float_3_3
Parameters: 0.999999 -0.00128857 -0.000413109 0.001289 0.999997 0.00199654 0.000410881 -0.00199746 0.999998 0.0378625 -0.0468994 -0.0729238
FixedParameters: 0 0 0

#Transform 8
Transform: AffineTransform_float_3_3
Parameters: 0.999999 0.000181899 -0.00184169 -0.000184825 0.999999 -0.00133581 0.00184135 0.00133619 0.999998 -0.0227171 -0.104454 -0.00929192
FixedParameters: 0 0 0

#Transform 9
Transform: AffineTransform_float_3_3
Parameters: 0.999999 -0.00137061 -9.64906e-05 0.00137059 0.999999 -0.000109059 9.67894e-05 0.00010894 1 0.00346228 -0.0115425 -0.0309626
FixedParameters: 0 0 0

#Transform 10
Transform: AffineTransform_float_3_3
Parameters: 1 -0.00113159 6.25001e-05 0.00113161 1 -0.000184856 -6.20814e-05 0.000185143 1 0.0158541 0.0119115 -0.159779
FixedParameters: 0 0 0

#Transform 11
Transform: AffineTransform_float_3_3
Parameters: 1 -0.00113314 8.52447e-05 0.00113336 0.999999 -0.000893831 -8.42158e-05 0.000894169 0.999999 0.0155925 -0.0198374 -0.165787
FixedParameters: 0 0 0

#Transform 12
Transform: AffineTransform_float_3_3
Parameters: 0.999998 -0.00197621 0.000177225 0.00197637 0.999998 -0.000246499 -0.000177248 0.000246502 1 0.0137673 -0.0113994 -0.177745
FixedParameters: 0 0 0

#Transform 13
Transform: AffineTransform_float_3_3
Parameters: 0.999999 -0.00153858 0.000132082 0.00153897 0.999999 -0.000924646 -0.000131231 0.000924354 0.999999 0.0250294 -0.0104755 -0.240653
FixedParameters: 0 0 0

#Transform 14
Transform: AffineTransform_float_3_3
Parameters: 0.999999 -0.00177351 -0.000126401 0.00177339 0.999999 -0.000465079 0.00012805 0.00046492 1 0.0136624 -0.0398978 -0.104545
FixedParameters: 0 0 0

#Transform 15
Transform: AffineTransform_float_3_3
Parameters: 0.999999 -0.00109016 -0.000943893 0.00108937 1 -0.000417961 0.000944803 0.000417038 0.999999 0.0126976 -0.00857254 -0.189621
FixedParameters: 0 0 0

#Transform 16
Transform: AffineTransform_float_3_3
Parameters: 0.999999 -0.00119224 -0.000856376 0.00119161 0.999999 -0.000993027 0.000857818 0.000991973 0.999999 0.0132739 -0.0273584 -0.0731389
FixedParameters: 0 0 0

#Transform 17
Transform: AffineTransform_float_3_3
Parameters: 0.999999 -0.00135018 -0.000586235 0.00134888 0.999995 -0.00304172 0.0005906 0.00304028 0.999995 0.00642707 0.043077 -0.132409
FixedParameters: 0 0 0

#Transform 18
Transform: AffineTransform_float_3_3
Parameters: 0.999999 -0.000904871 -0.000185536 0.00090485 0.999999 -0.000255168 0.000185 0.000254833 1 0.0403775 -0.063982 0.0849975
FixedParameters: 0 0 0

#Transform 19
Transform: AffineTransform_float_3_3
Parameters: 0.999999 0.000728784 0.00136002 -0.000730986 0.999999 0.00120293 -0.00135919 -0.00120407 0.999999 0.0304828 -0.0284187 0.0367684
FixedParameters: 0 0 0

#Transform 20
Transform: AffineTransform_float_3_3
Parameters: 0.999999 1.6174e-05 0.000708184 -1.7192e-05 0.999999 0.00142299 -0.000708063 -0.00142301 0.999998 -0.00352484 -0.0107405 -0.0075019
FixedParameters: 0 0 0

#Transform 21
Transform: AffineTransform_float_3_3
Parameters: 1 -0.000378585 0.000225839 0.000378534 1 0.000112085 -0.000225924 -0.000111914 1 0.0327017 -0.0263524 -0.128506
FixedParameters: 0 0 0

#Transform 22
Transform: AffineTransform_float_3_3
Parameters: 1 -0.00060974 -0.000833755 0.000609463 1 -0.000210508 0.000833013 0.000209492 0.999999 0.0384513 -0.0498849 -0.0900911
FixedParameters: 0 0 0

#Transform 23
Transform: AffineTransform_float_3_3
Parameters: 1 -0.000409754 -0.000509412 0.000409834 1 7.77912e-05 0.000509348 -7.82087e-05 1 0.0333215 -0.0353222 -0.11339
FixedParameters: 0 0 0

#Transform 24
Transform: AffineTransform_float_3_3
Parameters: 0.999999 -0.000504611 -0.000725584 0.00050477 0.999999 -0.000577371 0.00072624 0.000577628 0.999999 0.0319261 -0.0334534 -0.141641
FixedParameters: 0 0 0

#Transform 25
Transform: AffineTransform_float_3_3
Parameters: 0.999998 -0.00175587 -0.000813246 0.00175315 0.999995 -0.00250629 0.000817126 0.0025057 0.999996 0.020996 -0.0195068 -0.0541662
FixedParameters: 0 0 0

#Transform 26
Transform: AffineTransform_float_3_3
Parameters: 0.999998 -0.0015441 -0.000796823 0.00154105 0.999993 -0.00338417 0.000802421 0.00338283 0.999994 0.0231248 -0.00587486 -0.0981062
FixedParameters: 0 0 0

#Transform 27
Transform: AffineTransform_float_3_3
Parameters: 0.999999 -0.0011575 -0.000770607 0.00115559 0.999995 -0.0026749 0.000773948 0.0026741 0.999996 0.0334592 -0.0148222 -0.0566278
FixedParameters: 0 0 0

#Transform 28
Transform: AffineTransform_float_3_3
Parameters: 0.999999 -0.00101868 -0.00110735 0.00101543 0.999995 -0.00294813 0.00110958 0.00294687 0.999995 0.0260447 0.0109846 -0.108488
FixedParameters: 0 0 0

#Transform 29
Transform: AffineTransform_float_3_3
Parameters: 0.999996 -0.00189508 -0.00174035 0.00188859 0.99999 -0.00402825 0.00174813 0.00402575 0.99999 -0.00121356 0.0218406 -0.0248089
FixedParameters: 0 0 0

#Transform 30
Transform: AffineTransform_float_3_3
Parameters: 0.999995 -0.00193887 -0.00254769 0.00192978 0.999991 -0.00385396 0.00255535 0.00384904 0.999989 -0.000863809 0.0240935 0.0237468
FixedParameters: 0 0 0

#Transform 31
Transform: AffineTransform_float_3_3
Parameters: 0.999999 -0.000873215 -0.00154541 0.000868945 0.999996 -0.00274243 0.00154749 0.00274057 0.999995 0.00359466 -0.0367169 0.0153779
FixedParameters: 0 0 0

#Transform 32
Transform: AffineTransform_float_3_3
Parameters: 0.999998 -0.00166321 -0.00124063 0.00166186 0.999998 -0.001436 0.00124256 0.001434 0.999999 0.00651269 -0.0138326 -0.0672654
FixedParameters: 0 0 0

#Transform 33
Transform: AffineTransform_float_3_3
Parameters: 0.999999 -0.001669 -0.000523115 0.00166712 0.999997 -0.00207073 0.000526033 0.00207027 0.999998 -0.0106899 0.00531204 0.00501261
FixedParameters: 0 0 0

#Transform 34
Transform: AffineTransform_float_3_3
Parameters: 0.999998 -0.00129831 -0.00102414 0.00129648 0.999997 -0.00196927 0.0010264 0.00196873 0.999997 0.0115429 0.0350759 -0.0848366
FixedParameters: 0 0 0

#Transform 35
Transform: AffineTransform_float_3_3
Parameters: 0.999999 -0.0012834 -0.00121971 0.00128168 0.999999 -0.0011425 0.00122171 0.0011405 0.999998 0.0173135 0.0287273 -0.0416913
FixedParameters: 0 0 0

#Transform 36
Transform: AffineTransform_float_3_3
Parameters: 0.999998 -0.00170368 -0.0010261 0.00170082 0.999996 -0.00249961 0.00103076 0.00249838 0.999996 -0.0152596 0.0231678 -0.0947217
FixedParameters: 0 0 0

#Transform 37
Transform: AffineTransform_float_3_3
Parameters: 0.999998 -0.00177513 -0.00109415 0.00177281 0.999995 -0.00259188 0.00109858 0.00258912 0.999996 0.00298962 0.00653707 -0.114542
FixedParameters: 0 0 0

#Transform 38
Transform: AffineTransform_float_3_3
Parameters: 0.999998 -0.00205489 -0.00105081 0.00205179 0.999995 -0.00259202 0.00105661 0.00258898 0.999996 -0.00286559 0.0225569 -0.0861285
FixedParameters: 0 0 0

#Transform 39
Transform: AffineTransform_float_3_3
Parameters: 0.999997 -0.00218176 -0.00114805 0.00217831 0.999993 -0.00302137 0.00115446 0.00301863 0.999995 -0.00450798 0.0307137 -0.0995799
FixedParameters: 0 0 0

#Transform 40
Transform: AffineTransform_float_3_3
Parameters: 0.999996 -0.00216144 -0.00146051 0.00215556 0.999989 -0.00430003 0.00146953 0.00429697 0.99999 0.0159621 0.0393437 -0.115986
FixedParameters: 0 0 0

#Transform 41
Transform: AffineTransform_float_3_3
Parameters: 0.999998 -0.00151368 -0.00141609 0.00150859 0.999991 -0.00408208 0.00142188 0.00407992 0.99999 0.00668772 -0.0149267 0.00624684
FixedParameters: 0 0 0

#Transform 42
Transform: AffineTransform_float_3_3
Parameters: 0.999999 -0.000765984 0.000291788 0.000766632 0.999991 -0.00417577 -0.000288527 0.00417523 0.999991 0.00843981 0.033103 -0.0971714
FixedParameters: 0 0 0

#Transform 43
Transform: AffineTransform_float_3_3
Parameters: 0.999999 -0.0012084 -0.000634238 0.00120476 0.999988 -0.00477277 0.000639916 0.00477123 0.999989 0.0160248 0.0134622 -0.0741823
FixedParameters: 0 0 0

#Transform 44
Transform: AffineTransform_float_3_3
Parameters: 0.999998 -0.001426 -0.00144557 0.00142045 0.999992 -0.00376707 0.00145167 0.00376493 0.999992 0.0168135 0.0379401 -0.0813165
FixedParameters: 0 0 0

#Transform 45
Transform: AffineTransform_float_3_3
Parameters: 0.999998 -0.00149175 -0.00170141 0.00148564 0.999993 -0.00336455 0.0017068 0.00336245 0.999993 0.00780869 0.0334144 -0.055305
FixedParameters: 0 0 0

#Transform 46
Transform: AffineTransform_float_3_3
Parameters: 0.999998 -0.00112771 -0.00132641 0.00112274 0.999992 -0.0038865 0.00133054 0.0038845 0.999991 0.0142577 0.0536255 -0.0803798
FixedParameters: 0 0 0

#Transform 47
Transform: AffineTransform_float_3_3
Parameters: 0.999996 -0.00128282 -0.00221414 0.00127651 0.999995 -0.002615 0.0022172 0.002612 0.999994 0.0113906 0.00723259 -0.0391792
FixedParameters: 0 0 0

#Transform 48
Transform: AffineTransform_float_3_3
Parameters: 1 -0.000632568 -0.000983305 0.000631704 1 -0.000945628 0.000984574 0.000945373 0.999999 0.00903613 0.0186669 0.0145735
FixedParameters: 0 0 0

#Transform 49
Transform: AffineTransform_float_3_3
Parameters: 0.999998 -0.00130154 -0.000913519 0.00129946 0.999997 -0.00238812 0.000915886 0.00238688 0.999997 -0.00745223 0.0780491 -0.043021
FixedParameters: 0 0 0

#Transform 50
Transform: AffineTransform_float_3_3
Parameters: 0.999997 -0.00182308 -0.00170671 0.00181824 0.999993 -0.00329414 0.00171316 0.00329187 0.999994 -0.00759261 0.0712457 0.0359669
FixedParameters: 0 0 0

#Transform 51
Transform: AffineTransform_float_3_3
Parameters: 0.999997 -0.00150192 -0.00166265 0.00149735 0.999996 -0.00235951 0.00166595 0.00235649 0.999996 0.00838157 0.0781753 0.00738109
FixedParameters: 0 0 0

#Transform 52
Transform: AffineTransform_float_3_3
Parameters: 0.999998 -0.00167644 -0.0012715 0.00167301 0.999995 -0.00266507 0.00127565 0.00266293 0.999995 0.0208861 0.0376214 -0.0414957
FixedParameters: 0 0 0

#Transform 53
Transform: AffineTransform_float_3_3
Parameters: 0.999997 -0.00147229 -0.00206066 0.00146861 0.999998 -0.00167305 0.0020628 0.00166995 0.999996 0.0171091 0.0172676 0.166634
FixedParameters: 0 0 0

#Transform 54
Transform: AffineTransform_float_3_3
Parameters: 0.999998 -0.00126447 -0.00187857 0.001262 0.999998 -0.00149446 0.00188056 0.00149154 0.999997 0.0373786 0.0870766 0.0454185
FixedParameters: 0 0 0

#Transform 55
Transform: AffineTransform_float_3_3
Parameters: 0.999998 -0.00151642 -0.00142869 0.00151543 0.999999 -0.00074911 0.00142904 0.000747892 0.999999 0.00222447 0.0473878 0.0299814
FixedParameters: 0 0 0

#Transform 56
Transform: AffineTransform_float_3_3
Parameters: 0.999998 -0.0015403 -0.00110769 0.00153857 0.999998 -0.00129864 0.00110976 0.00129735 0.999998 0.0426509 0.0698242 0.0218315
FixedParameters: 0 0 0

#Transform 57
Transform: AffineTransform_float_3_3
Parameters: 0.999998 -0.00152227 -0.00141321 0.00151539 0.999989 -0.00437009 0.00141987 0.00436791 0.999989 0.0461737 0.0477492 -0.0839954
FixedParameters: 0 0 0

#Transform 58
Transform: AffineTransform_float_3_3
Parameters: 0.999997 -0.00161083 -0.00188643 0.00160621 0.999997 -0.00207505 0.00189033 0.00207195 0.999996 0.0488808 0.0371454 -0.00919161
FixedParameters: 0 0 0

#Transform 59
Transform: AffineTransform_float_3_3
Parameters: 0.999997 -0.00148709 -0.00184199 0.00148497 0.999998 -0.00115975 0.00184358 0.00115625 0.999997 0.0263542 0.040266 -0.00877742
FixedParameters: 0 0 0

#Transform 60
Transform: AffineTransform_float_3_3
Parameters: 0.999998 -0.00154344 -0.00112136 0.00153692 0.999985 -0.00537167 0.00113029 0.00537033 0.999985 -0.00174563 0.0842425 0.0703541
FixedParameters: 0 0 0

#Transform 61
Transform: AffineTransform_float_3_3
Parameters: 0.999999 -0.000116835 -0.000942582 0.000114656 0.999996 -0.00274211 0.000943437 0.00274189 0.999996 0.0496848 0.0758085 -0.0236552
FixedParameters: 0 0 0

#Transform 62
Transform: AffineTransform_float_3_3
Parameters: 0.999999 -0.00065729 -0.000581548 0.000657035 0.999999 -0.000218387 0.000581835 0.000218612 1 0.0417761 0.0345829 -0.056096
FixedParameters: 0 0 0

#Transform 63
Transform: AffineTransform_float_3_3
Parameters: 0.999999 -0.000686574 -0.000176624 0.000687368 0.999996 0.00267488 0.000174944 -0.00267512 0.999997 0.050272 0.0313056 -0.0302309
FixedParameters: 0 0 0

#Transform 64
Transform: AffineTransform_float_3_3
Parameters: 1 -0.000450037 -0.000430864 0.000450304 0.999998 0.00155381 0.000430389 -0.00155419 0.999998 0.0614539 0.0691998 -0.0902994
FixedParameters: 0 0 0

#Transform 65
Transform: AffineTransform_float_3_3
Parameters: 0.999999 -0.00071562 -0.000613555 0.00071635 1 0.000654634 0.000613614 -0.000655366 0.999999 0.0537904 0.0191558 0.0629608
FixedParameters: 0 0 0

#Transform 66
Transform: AffineTransform_float_3_3
Parameters: 0.999999 -0.00134431 -0.00127901 0.00134138 0.999997 -0.00200973 0.00128156 0.00200827 0.999997 0.018443 0.0608563 0.0040071
FixedParameters: 0 0 0

#Transform 67
Transform: AffineTransform_float_3_3
Parameters: 0.999999 -0.000924583 -0.00108691 0.000926213 0.999998 0.00127599 0.00108647 -0.00127701 0.999998 0.0277275 0.0499391 0.0519002
FixedParameters: 0 0 0

#Transform 68
Transform: AffineTransform_float_3_3
Parameters: 1 -0.000923742 -0.000377048 0.000924046 0.999999 0.000402652 0.000376304 -0.000403348 1 0.0476369 0.0925885 -0.0772922
FixedParameters: 0 0 0

#Transform 69
Transform: AffineTransform_float_3_3
Parameters: 0.999998 -0.00170551 -0.00104484 0.00170555 0.999999 -0.000492721 0.00104559 0.00049128 1 0.0260342 0.0578671 -0.0823974
FixedParameters: 0 0 0

#Transform 70
Transform: AffineTransform_float_3_3
Parameters: 0.999998 -0.00063291 -0.00144861 0.000634278 0.999999 0.000497003 0.00144898 -0.000497996 0.999999 0.0463484 0.0769126 0.00874569
FixedParameters: 0 0 0

#Transform 71
Transform: AffineTransform_float_3_3
Parameters: 1 -0.000936006 -0.000684941 0.000936773 1 0.000559432 0.000683893 -0.000560567 0.999999 0.0367954 0.0478072 0.0132886
FixedParameters: 0 0 0

#Transform 72
Transform: AffineTransform_float_3_3
Parameters: 0.999999 -0.00106581 -0.00086082 0.00106696 0.999998 0.00128708 0.000858998 -0.00128792 0.999999 0.0405385 0.0702417 0.0157974
FixedParameters: 0 0 0

#Transform 73
Transform: AffineTransform_float_3_3
Parameters: 0.999999 -0.00123886 -0.000706101 0.00123836 0.999999 -0.000409807 0.000706118 0.000409193 0.999999 0.0287644 0.0463303 -0.0804019
FixedParameters: 0 0 0

#Transform 74
Transform: AffineTransform_float_3_3
Parameters: 0.999999 -0.00150568 -0.000928465 0.00150643 0.999998 0.000443597 0.000928124 -0.000445404 1 0.0174897 0.0306359 -0.0236073
FixedParameters: 0 0 0

#Transform 75
Transform: AffineTransform_float_3_3
Parameters: 0.999998 -0.00226379 -0.000141279 0.00226405 0.999995 0.00224983 0.000136078 -0.00225017 0.999998 0.0189676 0.0859661 0.0785879
FixedParameters: 0 0 0

#Transform 76
Transform: AffineTransform_float_3_3
Parameters: 0.999998 -0.00167348 -0.000319895 0.00167243 0.999997 -0.00208439 0.000322878 0.00208361 0.999998 0.0321429 0.133184 0.0453308
FixedParameters: 0 0 0

#Transform 77
Transform: AffineTransform_float_3_3
Parameters: 0.999998 -0.00157919 -0.000421686 0.00157859 0.999998 0.000558408 0.000420845 -0.000559592 1 0.0350191 0.0582435 0.0583722
FixedParameters: 0 0 0

#Transform 78
Transform: AffineTransform_float_3_3
Parameters: 0.999997 -0.00194505 -0.000872539 0.00194562 0.999998 0.000370438 0.000872093 -0.000371562 0.999999 0.0320966 0.0496798 0.164256
FixedParameters: 0 0 0

#Transform 79
Transform: AffineTransform_float_3_3
Parameters: 0.999996 -0.00303513 3.38886e-05 0.00303477 0.999994 -0.00201154 -2.87304e-05 0.00201246 0.999998 0.0235925 0.0264952 0.06494
FixedParameters: 0 0 0

#Transform 80
Transform: AffineTransform_float_3_3
Parameters: 0.999996 -0.00275414 -0.000781195 0.00275285 0.999995 -0.00164594 0.000786335 0.00164306 0.999999 0.0308774 0.0507251 0.0621263
FixedParameters: 0 0 0

#Transform 81
Transform: AffineTransform_float_3_3
Parameters: 0.999996 -0.00277798 -0.000783257 0.00277688 0.999995 -0.0015219 0.00078779 0.0015201 0.999998 0.0433178 0.0422119 -0.0605414
FixedParameters: 0 0 0

#Transform 82
Transform: AffineTransform_float_3_3
Parameters: 0.999996 -0.00270877 -0.000602039 0.00270732 0.999995 -0.00144435 0.000605868 0.00144265 0.999999 0.0348659 0.0197948 0.0587343
FixedParameters: 0 0 0

#Transform 83
Transform: AffineTransform_float_3_3
Parameters: 0.999996 -0.00273835 -0.000370445 0.00273793 0.999996 -0.000762725 0.000372623 0.000761274 0.999999 0.0301413 0.0662406 0.0835645
FixedParameters: 0 0 0

#Transform 84
Transform: AffineTransform_float_3_3
Parameters: 0.999997 -0.00265849 -0.000199976 0.00265853 0.999997 0.000275762 0.000199506 -0.000276239 1 0.0251317 0.0432839 0.115327
FixedParameters: 0 0 0

#Transform 85
Transform: AffineTransform_float_3_3
Parameters: 0.999996 -0.00278837 -0.000543159 0.0027876 0.999994 -0.00195624 0.00054915 0.00195476 0.999998 0.0375532 0.0776252 0.0624012
FixedParameters: 0 0 0

#Transform 86
Transform: AffineTransform_float_3_3
Parameters: 0.999997 -0.00253565 -0.000221437 0.00253526 0.999995 -0.00151835 0.000225146 0.00151765 0.999999 0.0283977 0.0445318 0.0688629
FixedParameters: 0 0 0

#Transform 87
Transform: AffineTransform_float_3_3
Parameters: 0.999996 -0.00303242 -3.63568e-06 0.00303183 0.999993 -0.00213665 1.05349e-05 0.00213635 0.999997 0.0312749 0.0636222 0.0380119
FixedParameters: 0 0 0

#Transform 88
Transform: AffineTransform_float_3_3
Parameters: 0.999996 -0.00287852 -0.000207619 0.0028782 0.999995 -0.00164824 0.00021212 0.00164776 0.999998 0.031583 0.0408181 0.0681183
FixedParameters: 0 0 0

#Transform 89
Transform: AffineTransform_float_3_3
Parameters: 0.999996 -0.00255768 -8.192e-05 0.00255675 0.999995 -0.001807 8.6102e-05 0.00180701 0.999999 0.0195026 0.0909764 0.132997
FixedParameters: 0 0 0

#Transform 90
Transform: AffineTransform_float_3_3
Parameters: 0.999997 -0.00262726 -0.000341974 0.00262649 0.999995 -0.00164861 0.000345646 0.00164739 0.999998 0.0182626 0.109847 0.0813767
FixedParameters: 0 0 0

#Transform 91
Transform: AffineTransform_float_3_3
Parameters: 0.999997 -0.00262016 -0.000440239 0.00262017 0.999996 -0.00145187 0.000443929 0.00145113 0.999999 0.012276 0.0632155 0.0908645
FixedParameters: 0 0 0

#Transform 92
Transform: AffineTransform_float_3_3
Parameters: 0.999995 -0.00287882 -0.000654063 0.00287739 0.999994 -0.00223961 0.00066004 0.0022374 0.999998 0.0250482 0.0808573 0.0659303
FixedParameters: 0 0 0

#Transform 93
Transform: AffineTransform_float_3_3
Parameters: 0.999996 -0.00289063 -0.000206565 0.00289017 0.999993 -0.00231032 0.000212937 0.00230969 0.999998 0.0163444 0.076943 0.0695662
FixedParameters: 0 0 0

#Transform 94
Transform: AffineTransform_float_3_3
Parameters: 0.999997 -0.00213737 -0.000351451 0.00213634 0.999996 -0.00186861 0.000355447 0.00186839 0.999998 0.0189579 0.0601298 0.132268
FixedParameters: 0 0 0

#Transform 95
Transform: AffineTransform_float_3_3
Parameters: 0.999998 -0.00171619 -7.39239e-05 0.0017162 0.999998 1.99462e-05 7.38553e-05 -2.00537e-05 1 0.0225039 0.0276812 0.163068
FixedParameters: 0 0 0

#Transform 96
Transform: AffineTransform_float_3_3
Parameters: 0.999997 -0.00220152 -0.000364133 0.00220173 0.999996 -0.00138666 0.000367319 0.00138633 0.999999 0.0194167 0.0908496 0.000144076
FixedParameters: 0 0 0

#Transform 97
Transform: AffineTransform_float_3_3
Parameters: 0.999996 -0.00266753 -0.000887397 0.00266647 0.999995 -0.00196509 0.000892036 0.00196291 0.999998 0.0134401 0.0237292 0.0731452
FixedParameters: 0 0 0

#Transform 98
Transform: AffineTransform_float_3_3
Parameters: 0.999996 -0.00266807 -0.00088577 0.002666 0.999993 -0.00257516 0.000892665 0.00257284 0.999997 0.0359392 0.100864 0.108306
FixedParameters: 0 0 0

#Transform 99
Transform: AffineTransform_float_3_3
Parameters: 0.999996 -0.00258656 -0.000366679 0.00258516 0.999994 -0.00258666 0.000373072 0.00258534 0.999996 0.0326435 0.0669729 0.0794081
FixedParameters: 0 0 0

#Transform 100
Transform: AffineTransform_float_3_3
Parameters: 0.999997 -0.0027135 -0.000243873 0.00271298 0.999995 -0.00165737 0.000248876 0.00165662 0.999998 0.0289348 0.0937055 0.0886625
FixedParameters: 0 0 0

#Transform 101
Transform: AffineTransform_float_3_3
Parameters: 0.999998 -0.0023001 -0.000137382 0.00230007 0.999997 -0.000626098 0.000138267 0.000625903 1 0.0271686 0.00200212 0.15062
FixedParameters: 0 0 0

#Transform 102
Transform: AffineTransform_float_3_3
Parameters: 0.999999 -0.00178698 0.000234666 0.00178764 0.999994 -0.00278151 -0.000229782 0.00278249 0.999996 0.02307 0.0578971 0.0473645
FixedParameters: 0 0 0

#Transform 103
Transform: AffineTransform_float_3_3
Parameters: 0.999997 -0.0023641 -0.000577518 0.00236254 0.999994 -0.00257416 0.000583771 0.00257284 0.999996 0.0115829 0.0525998 0.150412
FixedParameters: 0 0 0

#Transform 104
Transform: AffineTransform_float_3_3
Parameters: 0.999998 -0.00228422 -0.000246665 0.00228458 0.999995 -0.00186842 0.000251284 0.00186758 0.999998 0.00910394 0.0580714 0.0504362
FixedParameters: 0 0 0

#Transform 105
Transform: AffineTransform_float_3_3
Parameters: 0.999996 -0.00275296 0.000312093 0.00275404 0.999993 -0.00252485 -0.000305242 0.00252515 0.999996 0.00790698 0.0754113 0.110037
FixedParameters: 0 0 0

#Transform 106
Transform: AffineTransform_float_3_3
Parameters: 0.999999 -0.00183832 0.000312179 0.00183914 0.999997 -0.00109035 -0.000310163 0.00109065 1 0.0302568 0.0416776 0.126314
FixedParameters: 0 0 0

#Transform 107
Transform: AffineTransform_float_3_3
Parameters: 0.999998 -0.00188003 -0.000277442 0.00187914 0.999996 -0.00210738 0.000281373 0.00210662 0.999997 0.0456131 0.065308 0.0550144
FixedParameters: 0 0 0

#Transform 108
Transform: AffineTransform_float_3_3
Parameters: 0.999996 -0.00261779 -0.000235616 0.00261773 0.999997 -0.000281326 0.00023609 0.000280675 1 0.0260854 0.0587147 0.0598511
FixedParameters: 0 0 0

#Transform 109
Transform: AffineTransform_float_3_3
Parameters: 0.999997 -0.00233591 -0.000670376 0.00233515 0.999996 -0.00147336 0.000674338 0.00147264 0.999999 0.0250151 0.0772483 -0.0147038
FixedParameters: 0 0 0

#Transform 110
Transform: AffineTransform_float_3_3
Parameters: 0.999996 -0.00279543 -0.000701304 0.00279331 0.999992 -0.00257669 0.000708792 0.00257531 0.999996 0.0316764 0.070281 0.0899011
FixedParameters: 0 0 0

#Transform 111
Transform: AffineTransform_float_3_3
Parameters: 0.999996 -0.00283903 -0.000240865 0.00283869 0.999995 -0.0013014 0.000244263 0.0013006 0.999999 0.0263962 0.0526583 0.136681
FixedParameters: 0 0 0

#Transform 112
Transform: AffineTransform_float_3_3
Parameters: 0.999998 -0.00221772 -0.000674973 0.00221593 0.999995 -0.00232836 0.000680379 0.00232664 0.999997 0.0428329 0.0379367 0.15622
FixedParameters: 0 0 0

#Transform 113
Transform: AffineTransform_float_3_3
Parameters: 0.999998 -0.00206832 -0.000181983 0.00206769 0.999993 -0.00288324 0.000187924 0.00288276 0.999996 0.0189394 0.102869 0.101328
FixedParameters: 0 0 0

#Transform 114
Transform: AffineTransform_float_3_3
Parameters: 0.999996 -0.00274192 -0.000671336 0.00274114 0.999995 -0.00153856 0.00067585 0.00153644 0.999998 0.0258502 0.0695806 0.118691
FixedParameters: 0 0 0

#Transform 115
Transform: AffineTransform_float_3_3
Parameters: 0.999996 -0.00281664 -0.00057026 0.00281551 0.999994 -0.00230133 0.000576309 0.00229967 0.999997 0.0357004 0.111941 0.068533
FixedParameters: 0 0 0

#Transform 116
Transform: AffineTransform_float_3_3
Parameters: 0.999996 -0.00283423 -0.000335771 0.00283341 0.999994 -0.00165066 0.000341133 0.00164933 0.999998 0.0363845 0.0672582 0.0567578
FixedParameters: 0 0 0

#Transform 117
Transform: AffineTransform_float_3_3
Parameters: 0.999996 -0.00282074 -0.00052103 0.00282088 0.999996 -0.00103719 0.000523959 0.00103581 1 0.028057 0.039867 0.141414
FixedParameters: 0 0 0

#Transform 118
Transform: AffineTransform_float_3_3
Parameters: 0.999998 -0.00222242 -0.000549996 0.00222071 0.999995 -0.00188309 0.000553373 0.00188192 0.999998 0.0157441 0.0997487 0.0391049
FixedParameters: 0 0 0

#Transform 119
Transform: AffineTransform_float_3_3
Parameters: 0.999998 -0.00194134 -0.00125646 0.00193989 0.999998 -0.00103231 0.00125854 0.0010297 0.999999 0.0203945 0.0605633 0.233485
FixedParameters: 0 0 0

#Transform 120
Transform: AffineTransform_float_3_3
Parameters: 0.999998 -0.00205562 -0.000966791 0.00205461 0.999997 -0.00111185 0.000969436 0.00111015 0.999999 0.0127459 0.0988456 0.173204
FixedParameters: 0 0 0

#Transform 121
Transform: AffineTransform_float_3_3
Parameters: 0.999997 -0.00212986 -0.000326836 0.00212962 0.999997 -0.000479551 0.000327879 0.000478449 1 0.0163761 0.0791052 0.158061
FixedParameters: 0 0 0

#Transform 122
Transform: AffineTransform_float_3_3
Parameters: 0.999998 -0.00184471 -0.000913871 0.00184424 0.999998 -0.00088562 0.000915212 0.000883381 0.999999 0.0124377 0.0202363 0.24596
FixedParameters: 0 0 0

#Transform 123
Transform: AffineTransform_float_3_3
Parameters: 0.999999 -0.000587949 -0.000630188 0.000587819 1 -0.000893377 0.000631312 0.000893625 1 0.0115937 0.0839329 0.193654
FixedParameters: 0 0 0

#Transform 124
Transform: AffineTransform_float_3_3
Parameters: 0.999998 -0.00154731 -0.000695483 0.00154566 0.999993 -0.00358302 0.000701796 0.00358199 0.999994 -0.00373084 0.0489899 0.151905
FixedParameters: 0 0 0

#Transform 125
Transform: AffineTransform_float_3_3
Parameters: 0.999999 -0.00153352 -0.000888607 0.00153118 0.999993 -0.0031963 0.000893634 0.0031947 0.999994 0.0222136 0.0651148 0.279323
FixedParameters: 0 0 0

#Transform 126
Transform: AffineTransform_float_3_3
Parameters: 0.999999 -0.00123992 0.000103382 0.0012399 0.999999 7.02013e-05 -0.000103556 -6.97986e-05 1 -0.00403226 0.0190192 0.299235
FixedParameters: 0 0 0

#Transform 127
Transform: AffineTransform_float_3_3
Parameters: 0.999999 -0.00125893 -0.000679347 0.00125822 0.999999 -0.000520787 0.000680657 0.000520211 0.999999 -0.00977237 0.0860701 0.22351
FixedParameters: 0 0 0

#Transform 128
Transform: AffineTransform_float_3_3
Parameters: 0.999999 -0.00169124 -0.000441759 0.00169109 0.999998 -0.000169674 0.000442331 0.000168325 1 -0.00148572 0.0630347 0.132758
FixedParameters: 0 0 0

#Transform 129
Transform: AffineTransform_float_3_3
Parameters: 0.999997 -0.00237062 -0.000690579 0.00236968 0.999996 -0.00161443 0.000694311 0.00161257 0.999998 0.00410743 0.0897572 0.21127
FixedParameters: 0 0 0

#Transform 130
Transform: AffineTransform_float_3_3
Parameters: 0.999997 -0.00211246 -0.000265719 0.00211164 0.999996 -0.00221435 0.000270085 0.00221365 0.999997 0.00508742 0.0969947 0.117192
FixedParameters: 0 0 0

#Transform 131
Transform: AffineTransform_float_3_3
Parameters: 0.999998 -0.00218013 -0.000591291 0.00217976 0.999996 -0.00133815 0.000594204 0.00133685 0.999999 0.0123041 0.0630118 0.0749594
FixedParameters: 0 0 0

#Transform 132
Transform: AffineTransform_float_3_3
Parameters: 0.999997 -0.00222063 -0.000965341 0.00221963 0.999996 -0.00170201 0.000969052 0.00169999 0.999998 0.00972144 0.0812004 0.136987
FixedParameters: 0 0 0

#Transform 133
Transform: AffineTransform_float_3_3
Parameters: 0.999997 -0.00232498 -0.000863752 0.0023225 0.999993 -0.00287581 0.000870279 0.00287419 0.999995 -0.0141714 0.101066 0.124583
FixedParameters: 0 0 0

#Transform 134
Transform: AffineTransform_float_3_3
Parameters: 0.999999 -0.00169818 -0.000474737 0.00169827 0.999998 -0.00110574 0.00047657 0.00110526 1 -0.00676592 0.0716977 0.184044
FixedParameters: 0 0 0

#Transform 135
Transform: AffineTransform_float_3_3
Parameters: 0.999999 -0.00141396 0.00014904 0.00141414 0.999994 -0.00299779 -0.000144624 0.00299821 0.999996 -0.00954244 0.066886 0.156666
FixedParameters: 0 0 0

#Transform 136
Transform: AffineTransform_float_3_3
Parameters: 0.999999 -0.0015061 0.000219292 0.00150611 0.999999 -4.59669e-06 -0.000219277 5.4033e-06 1 0.00364599 0.099645 0.102424
FixedParameters: 0 0 0

#Transform 137
Transform: AffineTransform_float_3_3
Parameters: 0.999998 -0.00160919 -0.000164995 0.00160939 0.999998 0.00104981 0.00016361 -0.00105019 1 0.00361584 -0.0153925 0.243431
FixedParameters: 0 0 0

#Transform 138
Transform: AffineTransform_float_3_3
Parameters: 0.999999 -0.000748038 -5.42865e-05 0.000748224 0.999995 0.00314096 5.15814e-05 -0.00314104 0.999995 0.00655159 0.0577777 0.0730302
FixedParameters: 0 0 0

#Transform 139
Transform: AffineTransform_float_3_3
Parameters: 0.999999 -0.00152135 -0.000882988 0.00152258 0.999998 0.00138672 0.000881683 -0.00138828 0.999998 -0.000207648 0.00531359 0.134995
FixedParameters: 0 0 0

#Transform 140
Transform: AffineTransform_float_3_3
Parameters: 0.999999 -0.00136846 -0.00124373 0.00136874 0.999999 0.000112287 0.00124342 -0.000113713 1 -0.0294029 0.0695871 0.149666
FixedParameters: 0 0 0

#Transform 141
Transform: AffineTransform_float_3_3
Parameters: 0.999998 -0.00163632 -0.00132631 0.00163618 0.999998 -5.31809e-05 0.00132648 5.08188e-05 0.999999 -0.0338178 0.0485413 0.102785
FixedParameters: 0 0 0

#Transform 142
Transform: AffineTransform_float_3_3
Parameters: 0.999997 -0.00197422 -0.000912129 0.00197357 0.999998 -0.000938668 0.000914908 0.000937332 0.999999 -0.00831714 0.0508048 0.118602
FixedParameters: 0 0 0

#Transform 143
Transform: AffineTransform_float_3_3
Parameters: 0.999998 -0.00180219 -0.000515955 0.00180149 0.999994 -0.00295479 0.000521762 0.0029542 0.999995 0.00219327 0.0555713 0.0358387
FixedParameters: 0 0 0

#Transform 144
Transform: AffineTransform_float_3_3
Parameters: 0.999998 -0.00228228 -0.000507388 0.00228149 0.999997 -0.000918946 0.000509586 0.000918053 0.999999 0.000645292 0.0290371 0.187681
FixedParameters: 0 0 0

#Transform 145
Transform: AffineTransform_float_3_3
Parameters: 0.999998 -0.00207392 -0.000428519 0.00207309 0.999995 -0.00263075 0.000433515 0.00262926 0.999997 -0.00435856 0.0724999 0.108946
FixedParameters: 0 0 0

#Transform 146
Transform: AffineTransform_float_3_3
Parameters: 0.999998 -0.00223651 -0.000198163 0.00223638 0.999998 -0.000520225 0.000199491 0.000519774 1 0.0033528 0.0270237 0.11108
FixedParameters: 0 0 0

#Transform 147
Transform: AffineTransform_float_3_3
Parameters: 0.999997 -0.00216263 -9.6687e-07 0.00216278 0.999998 -0.000659779 1.82486e-06 0.000659222 1 0.00846554 0.0495253 0.125996
FixedParameters: 0 0 0

#Transform 148
Transform: AffineTransform_float_3_3
Parameters: 0.999998 -0.00195535 -0.000443575 0.00195392 0.999996 -0.00192873 0.000447123 0.00192728 0.999998 0.0246249 0.055623 0.0784653
FixedParameters: 0 0 0

#Transform 149
Transform: AffineTransform_float_3_3
Parameters: 0.999999 -0.00178016 -0.000433678 0.00177982 0.999999 -0.000477627 0.000434379 0.000476374 1 0.0143768 0.0537183 0.172658
FixedParameters: 0 0 0

#Transform 150
Transform: AffineTransform_float_3_3
Parameters: 0.999997 -0.00199866 -0.00079314 0.00199656 0.999995 -0.00213045 0.000797732 0.00212855 0.999997 0.013568 0.0655405 0.0493243
FixedParameters: 0 0 0

#Transform 151
Transform: AffineTransform_float_3_3
Parameters: 0.999997 -0.00214813 -0.00112381 0.00214665 0.999998 -0.000692279 0.00112578 0.000689719 0.999999 0.00583447 0.0387821 0.153474
FixedParameters: 0 0 0
