#Insight Transform File V1.0
#Transform 0
Transform: AffineTransform_float_3_3
Parameters: 0.999965 0.00125474 -0.00829278 -0.00111776 0.999863 0.0164964 0.00831258 -0.0164866 0.99983 0.0116062 -0.163657 -0.0647596
FixedParameters: 0 0 0

#Transform 1
Transform: AffineTransform_float_3_3
Parameters: 0.999976 0.00097626 -0.00686498 -0.000848806 0.999827 0.0185568 0.00688153 -0.0185502 0.999804 -0.018215 -0.153464 -0.190838
FixedParameters: 0 0 0

#Transform 2
Transform: AffineTransform_float_3_3
Parameters: 0.99998 0.00131176 -0.00616072 -0.00117513 0.999756 0.0220595 0.00618808 -0.0220515 0.999737 -0.000722682 -0.203806 -0.375422
FixedParameters: 0 0 0

#Transform 3
Transform: AffineTransform_float_3_3
Parameters: 0.999984 0.000920389 -0.00559884 -0.000807477 0.999799 0.0200094 0.00561635 -0.0200045 0.999784 -0.0168713 -0.18693 -0.388118
FixedParameters: 0 0 0

#Transform 4
Transform: AffineTransform_float_3_3
Parameters: 0.999962 -0.000478428 -0.0086193 0.000623829 0.999858 0.0168393 0.00861043 -0.0168437 0.999821 0.0445602 -0.162618 -0.573652
FixedParameters: 0 0 0

#Transform 5
Transform: AffineTransform_float_3_3
Parameters: 0.999974 -0.00510884 0.00509218 0.00510223 0.999986 0.00132068 -0.00509922 -0.00129532 0.999986 0.313381 -0.0565002 -0.510342
FixedParameters: 0 0 0

#Transform 6
Transform: AffineTransform_float_3_3
Parameters: 0.999223 -0.00391917 0.0392347 0.00379197 0.999988 0.00330143 -0.0392471 -0.00315055 0.999224 0.148388 -0.186025 -1.09282
FixedParameters: 0 0 0

#Transform 7
Transform: AffineTransform_float_3_3
Parameters: 0.999817 0.00471844 0.0185762 -0.00457033 0.999957 -0.00802695 -0.0186131 0.00794105 0.999795 0.273772 -0.085578 -0.767897
FixedParameters: 0 0 0

#Transform 8
Transform: AffineTransform_float_3_3
Parameters: 0.999969 0.00425985 0.00661557 -0.00421848 0.999971 -0.00632136 -0.00664132 0.00629365 0.999958 0.157395 0.042842 -0.127467
FixedParameters: 0 0 0

#Transform 9
Transform: AffineTransform_float_3_3
Parameters: 0.999998 0.002022 -0.000282705 -0.00202381 0.999984 -0.00523164 0.000271481 0.00523136 0.999987 0.0562213 0.105531 0.0442122
FixedParameters: 0 0 0

#Transform 10
Transform: AffineTransform_float_3_3
Parameters: 0.999999 0.00121613 0.000588116 -0.00121358 0.999994 -0.00348084 -0.00059238 0.00348016 0.999993 0.0167812 0.0519437 0.107218
FixedParameters: 0 0 0

#Transform 11
Transform: AffineTransform_float_3_3
Parameters: 0.999999 0.00124064 -0.000189808 -0.00124124 0.999997 -0.00216087 0.000186433 0.00216112 0.999997 0.0413937 0.0590798 0.0219473
FixedParameters: 0 0 0

#Transform 12
Transform: AffineTransform_float_3_3
Parameters: 0.999998 0.00196868 -0.000765343 -0.00196535 0.999993 0.00331131 0.000771516 -0.00330969 0.999995 0.0650947 -0.104736 -0.0206479
FixedParameters: 0 0 0

#Transform 13
Transform: AffineTransform_float_3_3
Parameters: 0.999996 0.00154619 -0.00228207 -0.00155033 0.999997 -0.00209142 0.00227903 0.00209458 0.999995 0.0887571 -0.00717172 -0.0951152
FixedParameters: 0 0 0

#Transform 14
Transform: AffineTransform_float_3_3
Parameters: 0.999999 0.00123571 -0.000551613 -0.0012369 0.999996 -0.00227332 0.000548864 0.00227468 0.999998 0.0333668 0.000736965 -0.0505977
FixedParameters: 0 0 0

#Transform 15
Transform: AffineTransform_float_3_3
Parameters: 0.999999 0.000715112 -0.000771876 -0.000717762 0.999992 -0.00393344 0.000769892 0.00393356 0.999992 0.0270936 0.0084616 0.0721349
FixedParameters: 0 0 0

#Transform 16
Transform: AffineTransform_float_3_3
Parameters: 1 0.000310734 -0.000184892 -0.000310909 0.999999 -0.000763942 0.000185411 0.000764057 0.999999 0.0427289 0.0285816 -0.0576156
FixedParameters: 0 0 0

#Transform 17
Transform: AffineTransform_float_3_3
Parameters: 0.999999 1.66199e-05 -0.000718977 -1.62734e-05 1 0.000241012 0.000718985 -0.000240988 0.999999 0.035509 -0.0456454 -0.0683934
FixedParameters: 0 0 0

#Transform 18
Transform: AffineTransform_float_3_3
Parameters: 1 -0.000185617 -0.00026238 0.000185253 0.999999 -0.000694048 0.000262637 0.000693951 0.999999 0.0479739 -0.028029 -0.0778461
FixedParameters: 0 0 0

#Transform 19
Transform: AffineTransform_float_3_3
Parameters: 0.999999 -0.000245135 -0.000820493 0.000245916 1 0.0010818 0.000820069 -0.0010822 0.999999 0.0156372 -0.0356579 -0.0271359
FixedParameters: 0 0 0

#Transform 20
Transform: AffineTransform_float_3_3
Parameters: 1 0.000334706 -0.00032875 -0.000334132 0.999999 0.000872109 0.000329333 -0.000871889 0.999999 0.0153341 -0.0206066 -0.0235987
FixedParameters: 0 0 0

#Transform 21
Transform: AffineTransform_float_3_3
Parameters: 1 0.000465591 -0.000251645 -0.000465477 1 0.000225117 0.000251855 -0.000224883 1 0.0160446 0.0273722 -0.0878625
FixedParameters: 0 0 0

#Transform 22
Transform: AffineTransform_float_3_3
Parameters: 0.999999 -0.000162985 -0.000967078 0.000163799 1 0.000420949 0.000966941 -0.000421051 1 0.0126802 -0.0384732 -0.0314186
FixedParameters: 0 0 0

#Transform 23
Transform: AffineTransform_float_3_3
Parameters: 0.999999 -0.000260713 -0.000956454 0.000260924 1 0.00010975 0.000956396 -0.000110249 0.999999 0.0181452 -0.0186444 -0.043139
FixedParameters: 0 0 0

#Transform 24
Transform: AffineTransform_float_3_3
Parameters: 1 0.00018218 -0.00100467 -0.000182964 1 -0.000389709 0.00100452 0.000390291 1 0.037045 -0.0255038 -0.0575429
FixedParameters: 0 0 0

#Transform 25
Transform: AffineTransform_float_3_3
Parameters: 1 0.000221327 -0.00117578 -0.000221294 1 1.43676e-05 0.00117578 -1.36324e-05 1 0.0307614 -0.0213441 0.00899095
FixedParameters: 0 0 0

#Transform 26
Transform: AffineTransform_float_3_3
Parameters: 1 0.000163588 -0.00100229 -0.000162894 0.999999 0.000896282 0.00100169 -0.000896717 0.999999 0.0386323 -0.00419252 -0.09011
FixedParameters: 0 0 0

#Transform 27
Transform: AffineTransform_float_3_3
Parameters: 1 0.000201743 -0.000644485 -0.000201503 1 0.00027013 0.000643599 -0.00026987 1 0.0621037 0.0186296 -0.119158
FixedParameters: 0 0 0

#Transform 28
Transform: AffineTransform_float_3_3
Parameters: 1 -0.00015309 0.000107514 0.000153445 0.999997 -0.00214698 -0.00010785 0.00214702 0.999997 0.0240199 -0.0164553 0.095816
FixedParameters: 0 0 0

#Transform 29
Transform: AffineTransform_float_3_3
Parameters: 0.999999 -0.000739088 -0.000638284 0.000735692 0.999992 -0.00395548 0.000640919 0.00395552 0.999992 0.0352346 0.0381448 0.159435
FixedParameters: 0 0 0

#Transform 30
Transform: AffineTransform_float_3_3
Parameters: 1 -0.000618502 0.000282338 0.000618939 0.999995 -0.00292582 -0.000280598 0.00292617 0.999995 0.00268528 0.0500727 0.138582
FixedParameters: 0 0 0

#Transform 31
Transform: AffineTransform_float_3_3
Parameters: 1 -0.000631806 0.000161979 0.000632874 0.999991 -0.00433101 -0.000159484 0.00433099 0.99999 -0.0239478 0.0113671 0.234663
FixedParameters: 0 0 0

#Transform 32
Transform: AffineTransform_float_3_3
Parameters: 0.999999 6.20119e-05 0.000715544 -5.93788e-05 0.999994 -0.00330194 -0.000716723 0.00330206 0.999995 -0.0507451 0.0347294 0.253068
FixedParameters: 0 0 0

#Transform 33
Transform: AffineTransform_float_3_3
Parameters: 1 -0.000560172 0.000805089 0.00056266 0.999995 -0.00291643 -0.000803587 0.00291657 0.999996 -0.0317399 0.0460767 0.282792
FixedParameters: 0 0 0

#Transform 34
Transform: AffineTransform_float_3_3
Parameters: 0.999999 -0.000770737 -0.00108973 0.000768762 0.999998 -0.00217485 0.00109076 0.00217415 0.999997 -0.0133733 0.0050734 0.428174
FixedParameters: 0 0 0

#Transform 35
Transform: AffineTransform_float_3_3
Parameters: 0.999998 -0.00117929 -0.00108676 0.00117376 0.999987 -0.00497829 0.00109186 0.00497671 0.999987 -0.0334136 0.0404651 0.429819
FixedParameters: 0 0 0

#Transform 36
Transform: AffineTransform_float_3_3
Parameters: 1 -0.00111701 -0.000351813 0.00111474 0.999985 -0.00523641 0.000358313 0.00523659 0.999986 -0.0348755 0.0665186 0.432024
FixedParameters: 0 0 0

#Transform 37
Transform: AffineTransform_float_3_3
Parameters: 1 -0.00110192 -9.83041e-05 0.00110169 0.999991 -0.00393211 0.000102884 0.00393189 0.999993 -0.0549711 0.029381 0.268169
FixedParameters: 0 0 0

#Transform 38
Transform: AffineTransform_float_3_3
Parameters: 0.999999 -0.0012188 -0.000148604 0.00121881 0.999997 -0.00220518 0.000150889 0.00220482 0.999998 -0.0652324 0.00525536 0.299591
FixedParameters: 0 0 0

#Transform 39
Transform: AffineTransform_float_3_3
Parameters: 0.999998 -0.00153024 0.000450717 0.00153191 0.999992 -0.00370342 -0.000445232 0.00370458 0.999993 -0.0389416 0.0435758 0.204233
FixedParameters: 0 0 0

#Transform 40
Transform: AffineTransform_float_3_3
Parameters: 0.999999 -0.00100536 1.64258e-05 0.00100612 0.999995 -0.00274798 -1.39887e-05 0.00274802 0.999996 -0.032692 0.0470677 0.240761
FixedParameters: 0 0 0

#Transform 41
Transform: AffineTransform_float_3_3
Parameters: 0.999998 -0.000788275 -0.00140649 0.000784897 0.999996 -0.00253701 0.00140806 0.00253599 0.999995 0.0113843 0.0790663 0.296749
FixedParameters: 0 0 0

#Transform 42
Transform: AffineTransform_float_3_3
Parameters: 1 -0.000548167 -0.000838483 0.000545529 0.999997 -0.00269147 0.000840217 0.00269153 0.999996 0.0039458 0.0859204 0.305549
FixedParameters: 0 0 0

#Transform 43
Transform: AffineTransform_float_3_3
Parameters: 1 -0.000737843 -0.000961072 0.00073281 0.99999 -0.00456472 0.000965364 0.00456428 0.999989 0.0287142 0.0851371 0.212224
FixedParameters: 0 0 0

#Transform 44
Transform: AffineTransform_float_3_3
Parameters: 0.999999 -0.000619377 -0.000822599 0.000615751 0.99999 -0.00441852 0.000824642 0.00441848 0.99999 0.00378049 0.0789717 0.242272
FixedParameters: 0 0 0

#Transform 45
Transform: AffineTransform_float_3_3
Parameters: 0.999999 -0.00104532 -0.000921097 0.00104229 0.999993 -0.00362197 0.000925243 0.00362102 0.999993 -0.0051389 0.113202 0.339867
FixedParameters: 0 0 0

#Transform 46
Transform: AffineTransform_float_3_3
Parameters: 0.999999 -0.00123809 -0.00031536 0.00123701 0.999992 -0.00398951 0.000320048 0.00398949 0.999992 0.0147888 0.117249 0.238469
FixedParameters: 0 0 0

#Transform 47
Transform: AffineTransform_float_3_3
Parameters: 0.999999 0.000869843 -0.00159834 -0.000868005 0.999999 0.000920508 0.00159905 -0.000918492 0.999999 0.00124571 0.045626 0.415016
FixedParameters: 0 0 0

#Transform 48
Transform: AffineTransform_float_3_3
Parameters: 0.999999 0.00138831 0.000400446 -0.00138986 0.999992 0.00376733 -0.000395166 -0.00376767 0.999993 -0.04462 0.00923238 0.273423
FixedParameters: 0 0 0

#Transform 49
Transform: AffineTransform_float_3_3
Parameters: 0.999993 0.000504226 -0.00373787 -0.00049404 0.999996 0.00272154 0.00373968 -0.00271945 0.999989 -0.0254037 0.0135791 0.0770283
FixedParameters: 0 0 0

#Transform 50
Transform: AffineTransform_float_3_3
Parameters: 0.999995 -0.00279036 -0.00141473 0.00277571 0.999946 -0.0100262 0.00144185 0.0100218 0.999949 0.00189599 0.172911 -0.0858735
FixedParameters: 0 0 0

#Transform 51
Transform: AffineTransform_float_3_3
Parameters: 0.999994 -0.00101543 -0.00348673 0.000987287 0.999967 -0.00808488 0.00349482 0.00808113 0.999961 0.00459507 0.107653 0.741954
FixedParameters: 0 0 0

#Transform 52
Transform: AffineTransform_float_3_3
Parameters: 0.999996 -0.00157612 -0.00245053 0.00156625 0.999989 -0.00431157 0.00245681 0.00430743 0.999988 -0.0353678 0.105118 0.580901
FixedParameters: 0 0 0

#Transform 53
Transform: AffineTransform_float_3_3
Parameters: 0.999997 -0.00172562 -0.00184062 0.00171513 0.999982 -0.0058121 0.00185037 0.0058089 0.999981 -0.0554294 0.127634 0.587573
FixedParameters: 0 0 0

#Transform 54
Transform: AffineTransform_float_3_3
Parameters: 0.999995 -0.0019775 -0.00218846 0.00196545 0.999982 -0.00567427 0.00219937 0.00566974 0.999982 -0.0576492 0.157568 0.562739
FixedParameters: 0 0 0

#Transform 55
Transform: AffineTransform_float_3_3
Parameters: 0.999997 -0.00198063 -0.00187832 0.00197223 0.999988 -0.00440665 0.0018878 0.00440235 0.999989 -0.0452181 0.137642 0.51848
FixedParameters: 0 0 0

#Transform 56
Transform: AffineTransform_float_3_3
Parameters: 0.999996 -0.00208906 -0.00178761 0.00208046 0.999988 -0.00437966 0.00179705 0.00437534 0.999989 -0.0548848 0.14287 0.643647
FixedParameters: 0 0 0

#Transform 57
Transform: AffineTransform_float_3_3
Parameters: 0.999995 -0.0026222 -0.00128364 0.00261845 0.999993 -0.00270664 0.00129043 0.00270337 0.999996 -0.0563232 0.176284 0.674317
FixedParameters: 0 0 0

#Transform 58
Transform: AffineTransform_float_3_3
Parameters: 0.999994 -0.00342184 0.000195414 0.00342181 0.999994 0.000376027 -0.000196993 -0.000375972 1 -0.0484922 0.175544 0.475097
FixedParameters: 0 0 0

#Transform 59
Transform: AffineTransform_float_3_3
Parameters: 0.999996 -0.00229991 -0.00110149 0.0023017 0.999997 0.00112033 0.00109942 -0.00112268 0.999999 -0.0295092 0.0770049 0.449986
FixedParameters: 0 0 0

#Transform 60
Transform: AffineTransform_float_3_3
Parameters: 0.999996 -0.00200917 -0.00175981 0.00201122 0.999998 0.000833428 0.00175756 -0.000837569 0.999998 -0.0409227 0.0811032 0.459601
FixedParameters: 0 0 0

#Transform 61
Transform: AffineTransform_float_3_3
Parameters: 0.999996 -0.00180317 -0.00190089 0.0018045 0.999998 0.000320643 0.00190072 -0.000324356 0.999998 -0.0199205 0.129821 0.48709
FixedParameters: 0 0 0

#Transform 62
Transform: AffineTransform_float_3_3
Parameters: 0.999996 -0.00212741 -0.00183281 0.00212916 0.999997 0.000959162 0.00183092 -0.000962838 0.999998 -0.026693 0.107039 0.483902
FixedParameters: 0 0 0

#Transform 63
Transform: AffineTransform_float_3_3
Parameters: 0.999996 -0.0025202 -0.00167888 0.00251731 0.999995 -0.00162039 0.00168273 0.00161561 0.999997 -0.0861977 0.139592 0.7247
FixedParameters: 0 0 0

#Transform 64
Transform: AffineTransform_float_3_3
Parameters: 0.999998 -0.00132674 -0.00185341 0.00132338 0.999998 -0.00192139 0.00185608 0.00191962 0.999997 -0.072316 0.117464 0.576504
FixedParameters: 0 0 0

#Transform 65
Transform: AffineTransform_float_3_3
Parameters: 0.999997 -0.00121813 -0.00186558 0.00121615 0.999999 -0.000769187 0.00186635 0.000766812 0.999998 -0.0838976 0.0784748 0.578934
FixedParameters: 0 0 0

#Transform 66
Transform: AffineTransform_float_3_3
Parameters: 0.999998 -0.00115527 -0.00197256 0.00115536 1 -0.000230196 0.00197298 0.000227805 0.999998 -0.0605414 0.148033 0.524851
FixedParameters: 0 0 0

#Transform 67
Transform: AffineTransform_float_3_3
Parameters: 0.999998 -0.00107471 -0.00127961 0.0010761 0.999998 0.00127671 0.00127807 -0.00127729 0.999999 -0.0899361 0.247444 0.386608
FixedParameters: 0 0 0

#Transform 68
Transform: AffineTransform_float_3_3
Parameters: 0.999999 -0.000330805 -0.00136087 0.000342688 0.999962 0.00872065 0.00135729 -0.00872135 0.999961 -0.0760066 0.260614 0.3124
FixedParameters: 0 0 0

#Transform 69
Transform: AffineTransform_float_3_3
Parameters: 0.999999 0.000220415 -0.00141464 -0.000203291 0.999926 0.0122073 0.00141668 -0.0122077 0.999924 -0.0574071 0.255857 0.329193
FixedParameters: 0 0 0

#Transform 70
Transform: AffineTransform_float_3_3
Parameters: 0.999997 0.00123282 -0.00200774 -0.00119099 0.99979 0.0204765 0.00203265 -0.0204735 0.999788 -0.0148724 0.106544 0.399511
FixedParameters: 0 0 0

#Transform 71
Transform: AffineTransform_float_3_3
Parameters: 0.999997 0.000922106 -0.00255457 -0.000900942 0.999964 0.00842868 0.00256226 -0.00842533 0.999962 -0.00897522 0.11029 0.504163
FixedParameters: 0 0 0

#Transform 72
Transform: AffineTransform_float_3_3
Parameters: 0.999995 0.00106665 -0.00301466 -0.00103319 0.999938 0.0110735 0.00302645 -0.0110705 0.999934 -0.0403161 0.0989155 0.668276
FixedParameters: 0 0 0

#Transform 73
Transform: AffineTransform_float_3_3
Parameters: 0.999987 0.00457755 -0.00193132 -0.00456732 0.999976 0.00512488 0.00195404 -0.00511512 0.999985 -0.00660495 0.244364 0.303492
FixedParameters: 0 0 0

#Transform 74
Transform: AffineTransform_float_3_3
Parameters: 0.999973 0.00141657 0.00714725 -0.00171833 0.999103 0.0423155 -0.00708037 -0.0423264 0.999079 -0.0469475 0.0168286 -0.441773
FixedParameters: 0 0 0

#Transform 75
Transform: AffineTransform_float_3_3
Parameters: 0.999996 -0.00298704 -0.000700904 0.0029794 0.99995 -0.00955359 0.000730083 0.00955041 0.999954 0.0152325 0.360167 0.228225
FixedParameters: 0 0 0

#Transform 76
Transform: AffineTransform_float_3_3
Parameters: 0.999997 -0.00224325 -0.000687666 0.00223754 0.999963 -0.0084058 0.000706569 0.00840421 0.999965 0.0388823 0.464065 0.116649
FixedParameters: 0 0 0

#Transform 77
Transform: AffineTransform_float_3_3
Parameters: 1 -0.00033909 -0.000916605 0.000353376 0.999876 0.0157367 0.000911303 -0.0157363 0.999875 -0.134811 0.142377 0.14751
FixedParameters: 0 0 0

#Transform 78
Transform: AffineTransform_float_3_3
Parameters: 0.999995 -0.00127205 -0.00293395 0.00136074 0.999538 0.0303485 0.00289379 -0.0303524 0.999535 -0.086127 0.204161 -0.357318
FixedParameters: 0 0 0

#Transform 79
Transform: AffineTransform_float_3_3
Parameters: 0.999977 0.00224221 0.00650199 -0.00274039 0.996966 0.077792 -0.00630789 -0.077808 0.996948 -0.218896 0.0931693 -0.504797
FixedParameters: 0 0 0

#Transform 80
Transform: AffineTransform_float_3_3
Parameters: 0.99996 0.00515237 0.00739009 -0.00576333 0.996346 0.0852116 -0.00692376 -0.0852516 0.996336 -0.217152 -0.452003 -0.390422
FixedParameters: 0 0 0

#Transform 81
Transform: AffineTransform_float_3_3
Parameters: 0.999973 0.00547184 0.00492914 -0.00583228 0.997071 0.0762512 -0.00449712 -0.0762778 0.997077 -0.169654 -0.433885 -0.276507
FixedParameters: 0 0 0

#Transform 82
Transform: AffineTransform_float_3_3
Parameters: 0.99998 0.00488896 0.00400096 -0.0051238 0.998137 0.0607883 -0.00369564 -0.0608076 0.998142 -0.146944 -0.314262 -0.145325
FixedParameters: 0 0 0

#Transform 83
Transform: AffineTransform_float_3_3
Parameters: 0.999986 0.0039666 0.00343939 -0.00413737 0.998684 0.0511223 -0.00323241 -0.0511357 0.998686 -0.147691 -0.205994 -0.0953636
FixedParameters: 0 0 0

#Transform 84
Transform: AffineTransform_float_3_3
Parameters: 0.999988 0.00392108 0.00314216 -0.00407823 0.998661 0.0515657 -0.00293647 -0.0515773 0.998665 -0.151095 -0.130963 -0.112815
FixedParameters: 0 0 0

#Transform 85
Transform: AffineTransform_float_3_3
Parameters: 0.999991 0.0030955 0.00292833 -0.00323251 0.998839 0.048078 -0.00277562 -0.0480871 0.99884 -0.125264 -0.0519437 -0.21391
FixedParameters: 0 0 0

#Transform 86
Transform: AffineTransform_float_3_3
Parameters: 0.999992 0.00341266 0.00203952 -0.00347952 0.999416 0.0339679 -0.00192232 -0.0339751 0.999421 -0.0969061 -0.0330651 -0.0166393
FixedParameters: 0 0 0

#Transform 87
Transform: AffineTransform_float_3_3
Parameters: 0.999991 0.00377449 0.0022661 -0.0038512 0.999389 0.0347422 -0.00213305 -0.0347508 0.999394 -0.148014 0.0245922 0.260232
FixedParameters: 0 0 0

#Transform 88
Transform: AffineTransform_float_3_3
Parameters: 0.999989 0.00400745 0.00247059 -0.00409787 0.999273 0.0378908 -0.00231604 -0.0379011 0.999279 -0.175005 0.0694767 -0.0137842
FixedParameters: 0 0 0

#Transform 89
Transform: AffineTransform_float_3_3
Parameters: 0.999988 0.00395941 0.00281772 -0.00405765 0.999354 0.0357287 -0.00267457 -0.0357394 0.999358 -0.17396 0.0668618 -0.0195156
FixedParameters: 0 0 0

#Transform 90
Transform: AffineTransform_float_3_3
Parameters: 0.999993 0.00342645 0.00088825 -0.00344588 0.999718 0.0234886 -0.000807472 -0.0234914 0.999724 -0.284665 -0.0509551 0.416048
FixedParameters: 0 0 0

#Transform 91
Transform: AffineTransform_float_3_3
Parameters: 0.999999 0.00045455 0.000683936 -0.000456372 0.999997 0.00270868 -0.000682679 -0.00270832 0.999996 -0.301609 0.130182 0.444765
FixedParameters: 0 0 0

#Transform 92
Transform: AffineTransform_float_3_3
Parameters: 1 0.000852281 0.000652063 -0.000854132 0.99999 0.00423244 -0.000648254 -0.00423355 0.999991 -0.257867 0.101096 0.485093
FixedParameters: 0 0 0

#Transform 93
Transform: AffineTransform_float_3_3
Parameters: 0.999997 0.00223227 0.00109546 -0.00224375 0.999932 0.0114483 -0.0010698 -0.0114507 0.999933 -0.220356 0.0569422 0.5556
FixedParameters: 0 0 0

#Transform 94
Transform: AffineTransform_float_3_3
Parameters: 0.999998 0.00212976 0.000648 -0.00214021 0.999851 0.0171404 -0.000611218 -0.0171416 0.999853 -0.230755 -0.0116043 0.625868
FixedParameters: 0 0 0

#Transform 95
Transform: AffineTransform_float_3_3
Parameters: 0.999997 0.00238147 0.00134614 -0.00239403 0.999959 0.00873056 -0.00132573 -0.00873444 0.999961 -0.131316 0.113461 0.667435
FixedParameters: 0 0 0

#Transform 96
Transform: AffineTransform_float_3_3
Parameters: 0.999993 0.00147791 0.00344063 -0.00150637 0.999965 0.00819647 -0.00342824 -0.00820152 0.99996 -0.209227 0.141438 0.680543
FixedParameters: 0 0 0

#Transform 97
Transform: AffineTransform_float_3_3
Parameters: 0.999997 0.00178169 0.00121271 -0.00179239 0.999957 0.00913083 -0.00119639 -0.00913318 0.999958 -0.180113 0.0853455 0.608316
FixedParameters: 0 0 0

#Transform 98
Transform: AffineTransform_float_3_3
Parameters: 0.999999 0.000724761 -0.00162055 -0.000731138 0.999991 -0.0042187 0.00161663 0.0042203 0.99999 -0.246151 0.243171 1.03974
FixedParameters: 0 0 0

#Transform 99
Transform: AffineTransform_float_3_3
Parameters: 0.999974 0.000733266 -0.00724557 -0.000808575 0.999947 -0.0103267 0.00723767 0.0103323 0.999921 -0.0298106 0.360442 1.49331
FixedParameters: 0 0 0

#Transform 100
Transform: AffineTransform_float_3_3
Parameters: 0.999984 0.000349956 -0.00565675 -0.000389788 0.999975 -0.00701523 0.0056543 0.00701677 0.999959 -0.102175 0.313439 1.33513
FixedParameters: 0 0 0

#Transform 101
Transform: AffineTransform_float_3_3
Parameters: 0.999985 0.000358552 -0.00536283 -0.000396758 0.999975 -0.00706241 0.00536046 0.00706458 0.999961 -0.110402 0.292716 1.32237
FixedParameters: 0 0 0

#Transform 102
Transform: AffineTransform_float_3_3
Parameters: 0.999987 -0.000128376 -0.00523719 8.92716e-05 0.999972 -0.00747505 0.00523858 0.00747496 0.999959 -0.12384 0.293952 1.34843
FixedParameters: 0 0 0

#Transform 103
Transform: AffineTransform_float_3_3
Parameters: 0.999991 1.83551e-05 -0.004288 -5.18803e-05 0.999968 -0.00790086 0.00428775 0.00790114 0.999959 -0.149142 0.304026 1.28189
FixedParameters: 0 0 0

#Transform 104
Transform: AffineTransform_float_3_3
Parameters: 0.999991 6.38701e-05 -0.00409003 -9.67203e-05 0.999968 -0.00807979 0.00408915 0.00808021 0.999959 -0.13844 0.26406 1.33778
FixedParameters: 0 0 0

#Transform 105
Transform: AffineTransform_float_3_3
Parameters: 0.999991 -0.000573678 -0.00436096 0.000543196 0.999974 -0.00712836 0.00436447 0.00712564 0.999965 -0.156091 0.293848 1.38573
FixedParameters: 0 0 0

#Transform 106
Transform: AffineTransform_float_3_3
Parameters: 0.999992 -0.000286758 -0.00414906 0.000246756 0.999953 -0.00962413 0.00415087 0.00962287 0.999945 -0.142853 0.292158 1.33945
FixedParameters: 0 0 0

#Transform 107
Transform: AffineTransform_float_3_3
Parameters: 0.99999 -0.000176989 -0.00430241 0.000143303 0.99997 -0.00775171 0.00430332 0.00775129 0.99996 -0.134594 0.285857 1.23595
FixedParameters: 0 0 0

#Transform 108
Transform: AffineTransform_float_3_3
Parameters: 0.999988 -0.000582571 -0.00488742 0.00054221 0.999967 -0.00819447 0.00489231 0.00819154 0.999955 -0.118062 0.246254 1.288
FixedParameters: 0 0 0

#Transform 109
Transform: AffineTransform_float_3_3
Parameters: 0.999989 -0.000577992 -0.0044993 0.000539963 0.999963 -0.00853035 0.00450463 0.00852865 0.999954 -0.143875 0.277498 1.35369
FixedParameters: 0 0 0

#Transform 110
Transform: AffineTransform_float_3_3
Parameters: 0.999992 -0.000294545 -0.0038679 0.000265406 0.99997 -0.00776322 0.00386989 0.00776179 0.999963 -0.148389 0.272178 1.19954
FixedParameters: 0 0 0

#Transform 111
Transform: AffineTransform_float_3_3
Parameters: 0.999991 -0.000599373 -0.00417271 0.000568224 0.999972 -0.00740948 0.00417702 0.00740751 0.999963 -0.147379 0.223273 1.2198
FixedParameters: 0 0 0

#Transform 112
Transform: AffineTransform_float_3_3
Parameters: 1 -0.00109412 -0.000222983 0.00109275 0.99997 -0.00767825 0.000231497 0.00767775 0.999971 -0.253308 0.0728728 0.4732
FixedParameters: 0 0 0

#Transform 113
Transform: AffineTransform_float_3_3
Parameters: 0.999998 -0.000620844 -0.0015663 0.000607212 0.999962 -0.00864276 0.00157142 0.00864224 0.999962 -0.148614 0.455667 -0.565582
FixedParameters: 0 0 0

#Transform 114
Transform: AffineTransform_float_3_3
Parameters: 1 -0.000620781 -0.000873022 0.000619179 0.999998 -0.00199354 0.000874283 0.00199246 0.999997 -0.204002 0.276536 0.428136
FixedParameters: 0 0 0

#Transform 115
Transform: AffineTransform_float_3_3
Parameters: 0.999991 0.00179086 -0.00367053 -0.00179548 0.999998 -0.00121191 0.00366872 0.00121909 0.999993 -0.13964 0.341682 0.507091
FixedParameters: 0 0 0

#Transform 116
Transform: AffineTransform_float_3_3
Parameters: 0.999992 0.00162307 -0.00370985 -0.00162256 0.999999 7.15312e-05 0.00371007 -6.54677e-05 0.999993 -0.161172 0.354832 0.484894
FixedParameters: 0 0 0

#Transform 117
Transform: AffineTransform_float_3_3
Parameters: 0.999988 0.00226154 -0.00421142 -0.00229005 0.999974 -0.00682189 0.00419632 0.00683211 0.999968 -0.0696796 0.389475 0.499796
FixedParameters: 0 0 0

#Transform 118
Transform: AffineTransform_float_3_3
Parameters: 0.999987 0.00224351 -0.00443031 -0.00227789 0.999968 -0.00773734 0.00441272 0.00774767 0.999961 -0.0617128 0.392852 0.61104
FixedParameters: 0 0 0

#Transform 119
Transform: AffineTransform_float_3_3
Parameters: 0.999989 0.00254035 -0.00400385 -0.00254596 0.999995 -0.00137137 0.00400028 0.00138163 0.999991 -0.0943454 0.392392 0.446495
FixedParameters: 0 0 0

#Transform 120
Transform: AffineTransform_float_3_3
Parameters: 0.999989 0.00210561 -0.00419628 -0.00209181 0.999992 0.00341947 0.00420318 -0.00341053 0.999986 -0.129257 0.362771 0.377626
FixedParameters: 0 0 0

#Transform 121
Transform: AffineTransform_float_3_3
Parameters: 0.999984 0.00257017 -0.00512356 -0.00254154 0.999982 0.00549503 0.00513752 -0.00548097 0.999972 -0.105802 0.351527 0.427396
FixedParameters: 0 0 0

#Transform 122
Transform: AffineTransform_float_3_3
Parameters: 0.999981 0.00352371 -0.00519285 -0.00345119 0.999897 0.0139217 0.00524146 -0.0139042 0.999889 -0.0812184 0.253188 0.667031
FixedParameters: 0 0 0

#Transform 123
Transform: AffineTransform_float_3_3
Parameters: 0.999999 0.000885667 -0.00114085 -0.000879656 0.999984 0.00547313 0.00114619 -0.00547187 0.999985 -0.389855 0.364838 1.63879
FixedParameters: 0 0 0

#Transform 124
Transform: AffineTransform_float_3_3
Parameters: 0.999868 0.00729592 -0.0145345 -0.00816589 0.998121 -0.0607198 0.0140636 0.0608311 0.998049 0.902443 -1.73301 -5.18518
FixedParameters: 0 0 0

#Transform 125
Transform: AffineTransform_float_3_3
Parameters: 0.999812 -6.16559e-05 -0.0193656 -0.00107888 0.998264 -0.0588881 0.0193356 0.0588988 0.998077 -0.0309647 0.692314 0.461787
FixedParameters: 0 0 0

#Transform 126
Transform: AffineTransform_float_3_3
Parameters: 0.999814 -0.000122382 -0.0192929 -0.000997966 0.998313 -0.0580497 0.0192682 0.0580584 0.998128 -0.0475604 0.776214 0.471753
FixedParameters: 0 0 0

#Transform 127
Transform: AffineTransform_float_3_3
Parameters: 0.999838 0.00012749 -0.0180396 -0.00118376 0.998284 -0.0585569 0.0180019 0.0585691 0.998121 -0.0888579 0.699214 0.531598
FixedParameters: 0 0 0

#Transform 128
Transform: AffineTransform_float_3_3
Parameters: 0.999855 0.000392602 -0.0170253 -0.00128042 0.998637 -0.0521714 0.0169823 0.0521856 0.998493 -0.0837898 0.597975 0.590121
FixedParameters: 0 0 0

#Transform 129
Transform: AffineTransform_float_3_3
Parameters: 0.999852 0.000441108 -0.0172115 -0.00132243 0.998685 -0.0512481 0.017166 0.0512638 0.998538 -0.0663634 0.621476 0.501955
FixedParameters: 0 0 0

#Transform 130
Transform: AffineTransform_float_3_3
Parameters: 0.999854 0.000221059 -0.0171261 -0.00107379 0.99876 -0.0497613 0.0170939 0.0497717 0.998615 -0.0692226 0.630234 0.334046
FixedParameters: 0 0 0

#Transform 131
Transform: AffineTransform_float_3_3
Parameters: 0.999853 0.000348239 -0.0171436 -0.00118577 0.998806 -0.0488513 0.0171064 0.0488647 0.998659 -0.0867856 0.55258 0.48881
FixedParameters: 0 0 0

#Transform 132
Transform: AffineTransform_float_3_3
Parameters: 0.999841 3.31197e-05 -0.0177999 -0.000912189 0.998779 -0.0493967 0.0177763 0.0494054 0.998621 -0.0794094 0.577879 0.488936
FixedParameters: 0 0 0

#Transform 133
Transform: AffineTransform_float_3_3
Parameters: 0.999854 -4.15147e-05 -0.0170818 -0.000793259 0.998807 -0.048832 0.0170631 0.048839 0.998661 -0.0813909 0.563245 0.457921
FixedParameters: 0 0 0

#Transform 134
Transform: AffineTransform_float_3_3
Parameters: 0.999835 -3.28522e-05 -0.0182022 -0.000838023 0.998854 -0.047843 0.0181826 0.04785 0.998689 -0.0551407 0.546427 0.50288
FixedParameters: 0 0 0

#Transform 135
Transform: AffineTransform_float_3_3
Parameters: 0.999792 -0.00285659 -0.0202304 0.00217374 0.99943 -0.0336966 0.0203155 0.0336454 0.999228 -0.197264 0.905522 0.183799
FixedParameters: 0 0 0

#Transform 136
Transform: AffineTransform_float_3_3
Parameters: 0.999821 0.000207325 -0.0189121 -0.000855871 0.999412 -0.0342699 0.0188938 0.0342801 0.999233 -0.256497 0.678419 0.279919
FixedParameters: 0 0 0

#Transform 137
Transform: AffineTransform_float_3_3
Parameters: 0.999856 2.67181e-05 -0.0169796 -0.000649027 0.99933 -0.0366059 0.0169669 0.0366111 0.999185 -0.26479 0.621208 0.366306
FixedParameters: 0 0 0

#Transform 138
Transform: AffineTransform_float_3_3
Parameters: 0.999832 -0.000272876 -0.0183303 -0.000441867 0.999239 -0.0389994 0.0183274 0.0390016 0.999071 -0.222595 0.667447 0.482881
FixedParameters: 0 0 0

#Transform 139
Transform: AffineTransform_float_3_3
Parameters: 0.99984 -0.00054141 -0.0178506 -0.000153607 0.999241 -0.0389463 0.0178584 0.0389428 0.999082 -0.218428 0.652903 0.431223
FixedParameters: 0 0 0

#Transform 140
Transform: AffineTransform_float_3_3
Parameters: 0.999848 -0.000302972 -0.0173911 -0.000363002 0.999267 -0.0382792 0.0173899 0.0382798 0.999116 -0.231443 0.656804 0.408913
FixedParameters: 0 0 0

#Transform 141
Transform: AffineTransform_float_3_3
Parameters: 0.999842 -0.000930672 -0.0177827 0.000247688 0.999265 -0.0383305 0.0178052 0.0383195 0.999107 -0.237191 0.652928 0.444482
FixedParameters: 0 0 0

#Transform 142
Transform: AffineTransform_float_3_3
Parameters: 0.999827 -5.08022e-05 -0.0186399 -0.000681587 0.999229 -0.0392636 0.0186282 0.0392694 0.999055 -0.209615 0.663122 0.480376
FixedParameters: 0 0 0

#Transform 143
Transform: AffineTransform_float_3_3
Parameters: 0.999826 0.00149465 -0.0185992 -0.00216045 0.999356 -0.0358041 0.0185328 0.0358389 0.999186 -0.187108 0.606292 0.434143
FixedParameters: 0 0 0

#Transform 144
Transform: AffineTransform_float_3_3
Parameters: 0.999853 0.00221079 -0.0170163 -0.00274001 0.99951 -0.0311763 0.016939 0.0312187 0.999369 -0.19686 0.531909 0.426374
FixedParameters: 0 0 0

#Transform 145
Transform: AffineTransform_float_3_3
Parameters: 0.99987 0.00178158 -0.0159912 -0.00244659 0.999131 -0.0416122 0.015903 0.0416458 0.999006 -0.164555 0.676547 0.491239
FixedParameters: 0 0 0

#Transform 146
Transform: AffineTransform_float_3_3
Parameters: 0.999929 0.00303377 -0.0114739 -0.00320125 0.999889 -0.0145361 0.0114285 0.0145718 0.999829 -0.18413 0.444527 0.0868808
FixedParameters: 0 0 0

#Transform 147
Transform: AffineTransform_float_3_3
Parameters: 0.999864 0.00158084 -0.0164264 -0.00192043 0.999785 -0.0206583 0.0163906 0.0206867 0.999652 -0.132525 0.493026 0.354105
FixedParameters: 0 0 0

#Transform 148
Transform: AffineTransform_float_3_3
Parameters: 0.999872 0.00137494 -0.0159106 -0.00171707 0.999767 -0.0215243 0.0158772 0.0215487 0.999642 -0.143355 0.487261 0.231754
FixedParameters: 0 0 0

#Transform 149
Transform: AffineTransform_float_3_3
Parameters: 0.999876 0.00115359 -0.0156908 -0.00149894 0.999756 -0.0220414 0.0156611 0.0220616 0.999634 -0.159167 0.493439 0.257408
FixedParameters: 0 0 0

#Transform 150
Transform: AffineTransform_float_3_3
Parameters: 0.999876 0.00071624 -0.0156997 -0.00106618 0.999752 -0.0222701 0.0156803 0.0222839 0.999628 -0.180634 0.5147 0.273321
FixedParameters: 0 0 0

#Transform 151
Transform: AffineTransform_float_3_3
Parameters: 0.999887 0.000341359 -0.0149834 -0.000698648 0.999716 -0.0238183 0.0149712 0.0238267 0.999604 -0.19191 0.515302 0.253471
FixedParameters: 0 0 0
