# transform file /out/sourcedata/freesurfer/sub-v2s3x28785_ses-1/mri/transforms/cc_up.lta
# created by oesteban on Fri Mar 13 01:05:34 2026

type      = 0 # LINEAR_VOX_TO_VOX
nxforms   = 1
mean      = 127.0000 140.0000 120.0000
sigma     = 10000.0000
1 4 4
9.978365898132324e-01 1.412899419665337e-02 -6.420771777629852e-02 6.722835063934326e+00 
-1.409983448684216e-02 9.999002218246460e-01 9.072809480130672e-04 9.701711654663086e+00 
6.421413272619247e-02 5.820766785236131e-11 9.979361891746521e-01 6.068750858306885e+00 
0.000000000000000e+00 0.000000000000000e+00 0.000000000000000e+00 1.000000000000000e+00 
src volume info
valid = 1  # volume info valid
filename = /out/sourcedata/freesurfer/sub-v2s3x28785_ses-1/mri/norm.mgz
volume = 256 256 256
voxelsize = 1.000000000000000e+00 1.000000000000000e+00 1.000000000000000e+00
xras   = -1.000000000000000e+00 0.000000000000000e+00 0.000000000000000e+00
yras   = 0.000000000000000e+00 0.000000000000000e+00 -1.000000000000000e+00
zras   = 0.000000000000000e+00 1.000000000000000e+00 0.000000000000000e+00
cras   = -2.938293457031250e+00 2.977685546875000e+01 3.954737854003906e+01
dst volume info
valid = 1  # volume info valid
filename = /out/sourcedata/freesurfer/sub-v2s3x28785_ses-1/mri/norm.mgz
volume = 256 256 256
voxelsize = 1.000000000000000e+00 1.000000000000000e+00 1.000000000000000e+00
xras   = -1.000000000000000e+00 0.000000000000000e+00 0.000000000000000e+00
yras   = 0.000000000000000e+00 0.000000000000000e+00 -1.000000000000000e+00
zras   = 0.000000000000000e+00 1.000000000000000e+00 0.000000000000000e+00
cras   = -2.938293457031250e+00 2.977685546875000e+01 3.954737854003906e+01
