# transform file /out/sourcedata/freesurfer/sub-v2s3x28797_ses-1/mri/transforms/cc_up.lta
# created by oesteban on Fri Mar 13 02:05:20 2026

type      = 0 # LINEAR_VOX_TO_VOX
nxforms   = 1
mean      = 131.0000 116.0000 111.0000
sigma     = 10000.0000
1 4 4
9.974943399429321e-01 2.382788108661771e-03 7.070773094892502e-02 -9.349776268005371e+00 
-2.376824151724577e-03 9.999972581863403e-01 -1.684820017544553e-04 3.032699203491211e+01 
-7.070793211460114e-02 0.000000000000000e+00 9.974971413612366e-01 2.543853187561035e+01 
0.000000000000000e+00 0.000000000000000e+00 0.000000000000000e+00 1.000000000000000e+00 
src volume info
valid = 1  # volume info valid
filename = /out/sourcedata/freesurfer/sub-v2s3x28797_ses-1/mri/norm.mgz
volume = 256 256 256
voxelsize = 1.000000000000000e+00 1.000000000000000e+00 1.000000000000000e+00
xras   = -1.000000000000000e+00 0.000000000000000e+00 0.000000000000000e+00
yras   = 0.000000000000000e+00 0.000000000000000e+00 -1.000000000000000e+00
zras   = 0.000000000000000e+00 1.000000000000000e+00 0.000000000000000e+00
cras   = 1.716461181640625e+00 4.207955932617188e+01 -2.232269287109375e+00
dst volume info
valid = 1  # volume info valid
filename = /out/sourcedata/freesurfer/sub-v2s3x28797_ses-1/mri/norm.mgz
volume = 256 256 256
voxelsize = 1.000000000000000e+00 1.000000000000000e+00 1.000000000000000e+00
xras   = -1.000000000000000e+00 0.000000000000000e+00 0.000000000000000e+00
yras   = 0.000000000000000e+00 0.000000000000000e+00 -1.000000000000000e+00
zras   = 0.000000000000000e+00 1.000000000000000e+00 0.000000000000000e+00
cras   = 1.716461181640625e+00 4.207955932617188e+01 -2.232269287109375e+00
